wc2.1_30s_bio_3	 wc2.1_30s_bio_4	 wc2.1_30s_bio_12	 wc2.1_30s_bio_15	 wc2.1_30s_elev	 tasveg_100m_mod	 tasveg_100m_def	 tasveg_100m_mol	 tasveg_100m_ngl	 tasveg_100m_nef	 tasveg_100m_raf	 tasveg_100m_swl	 tasveg_100m_scr	 tasveg_100m_wef	 tasveg_100m_oth	 gen_dftd	 gen15_devil
0.489610407246564	 2.55153139774658	 1142.56909844217	 35.3144299504431	 79.6549173615453	 0.155339805825243	 0.134304207119741	 0.00647249190938511	 0	 0	 0	 0	 0.699029126213592	 0.00485436893203883	 0	 0	 1.05280713992597
0.493575661422738	 2.48964713950288	 1120.77316584001	 35.3755556100179	 11.4964140267919	 0.00970873786407767	 0	 0	 0	 0.00970873786407767	 0	 0.00728155339805825	 0.881067961165049	 0	 0.0922330097087379	 0	 0.791427705214987
0.487379334865671	 3.1548021684407	 2144.22991874076	 35.6897891667113	 706.387278497091	 0.248407643312102	 0.00477707006369427	 0.071656050955414	 0.035031847133758	 0.00636942675159236	 0.106687898089172	 0.00636942675159236	 0.0429936305732484	 0.477707006369427	 0	 9.06833586874995	 1.00267950269827
0.493521442101347	 2.49116195052608	 1119.4146532946	 35.3912660874149	 12.7278068827365	 0.00860215053763441	 0	 0	 0	 0.00860215053763441	 0	 0.00645161290322581	 0.913978494623656	 0	 0.0623655913978495	 0	 0.785781350228694
0.490075237520287	 3.00483386458082	 2702.0231059456	 23.5454127627439	 333.01852657958	 0.00316957210776545	 0	 0.253565768621236	 0	 0	 0.01743264659271	 0	 0.0903328050713154	 0.239302694136292	 0.396196513470681	 0	 0.635299250554358
0.472437274054956	 2.50826020737486	 1013.73202473963	 34.625219033575	 67.7806854897129	 0.427255985267035	 0.268876611418048	 0	 0.0626151012891344	 0.0902394106813996	 0	 0	 0.139963167587477	 0.00184162062615101	 0.00920810313075507	 0	 2.49202843958681
0.521330973012631	 3.68632848883171	 606.722581695826	 16.2995902783806	 219.617337772281	 0.322734499205087	 0.297297297297297	 0	 0.260731319554849	 0.119236883942766	 0	 0	 0	 0	 0	 13.8813656324501	 0.845625972236094
0.525047924249097	 3.81045060269409	 554.966390204959	 15.4035983418758	 211.563307076774	 0.488853503184713	 0.380573248407643	 0	 0.128980891719745	 0	 0	 0.00159235668789809	 0	 0	 0	 12.82338018369	 0.913775853100856
0.459453265321537	 3.0256226416491	 776.058944313347	 30.3327526799648	 7.78801954707847	 0.172535211267606	 0.0897887323943662	 0	 0	 0.0580985915492958	 0	 0.0545774647887324	 0.376760563380282	 0	 0.248239436619718	 1.20469114102002	 0.906261408656402
0.477593822344681	 2.95309570804865	 1692.5391149972	 37.2565537720454	 507.724107657771	 0.464516129032258	 0	 0	 0	 0	 0.485483870967742	 0	 0.017741935483871	 0.032258064516129	 0	 3.32702280653007	 1.25002378263781
0.521448258524197	 3.75557840680488	 573.874053828586	 15.8108180688457	 242.495548328189	 0	 0.591054313099042	 0	 0.408945686900958	 0	 0	 0	 0	 0	 0	 12.8749917304801	 0.978893115307195
0.486805753710951	 2.56046233267576	 1028.06148332955	 34.1965355147646	 17.6588345612328	 0.270664505672609	 0.635332252836305	 0	 0	 0.00810372771474878	 0	 0	 0.0842787682333874	 0.00162074554294976	 0	 0	 1.51373561661286
0.521747637753321	 3.76266895993424	 572.878286973135	 15.8048547824677	 243.058985456634	 0	 0.616	 0	 0.384	 0	 0	 0	 0	 0	 0	 12.8307208805199	 0.974811341381073
0.475427067881069	 2.5312628252652	 977.488655724689	 34.1099151849088	 30.424248273028	 0.592532467532468	 0.212662337662338	 0	 0.00324675324675325	 0.180194805194805	 0	 0	 0.00811688311688312	 0	 0.00324675324675325	 0	 2.7049150099228
0.478641158011944	 2.95205015517964	 1724.08214596075	 36.5153623992123	 423.309563811804	 0	 0.136436597110754	 0	 0	 0.00642054574638844	 0.245585874799358	 0	 0	 0.611556982343499	 0	 1.99516762931012	 0.646252424338082
0.482516532189299	 2.52366018937435	 978.37443396798	 33.998364827882	 7.89649600459875	 0.912479740680713	 0	 0	 0	 0.0243111831442464	 0	 0	 0	 0.0632090761750405	 0	 0	 2.60590109716938
0.478485640616891	 2.55575946478853	 952.656370717769	 34.2694398435312	 14.2879045281125	 0.426086956521739	 0.253913043478261	 0	 0.00869565217391304	 0.248695652173913	 0	 0.00347826086956522	 0.0452173913043478	 0.0121739130434783	 0.00173913043478261	 0	 2.70491685373027
0.475480138262024	 2.54717730091401	 965.816873848182	 34.1258225849229	 29.4885072613656	 0.740924092409241	 0.0511551155115512	 0	 0.0957095709570957	 0.0891089108910891	 0	 0	 0.0099009900990099	 0.0115511551155116	 0.00165016501650165	 0	 2.517538831366
0.493414672909465	 2.62307703850626	 1295.74429913064	 34.3708792820804	 67.3104947665505	 0.1072	 0	 0	 0	 0.1104	 0.12	 0	 0.0032	 0.6592	 0	 0	 1.16742878265381
0.483538475451586	 3.16883027330761	 1207.33064395804	 32.2336779320112	 299.274898876861	 0.509646302250804	 0.0128617363344051	 0	 0	 0.147909967845659	 0	 0	 0	 0.319935691318328	 0.00964630225080386	 9.41950195746995	 0.956374695159231
0.477490342022764	 2.92968362364528	 1685.3299142993	 37.1575771202409	 514.067447661538	 0.775444264943457	 0	 0	 0	 0.024232633279483	 0.193861066235864	 0	 0.00646203554119548	 0	 0	 2.42242281658014	 1.22621213542433
0.47495468781806	 2.53104820405766	 979.37977055519	 34.1527469910496	 33.6621503127664	 0.563725490196078	 0.220588235294118	 0	 0.00980392156862745	 0.179738562091503	 0	 0	 0.0196078431372549	 0	 0.0065359477124183	 0	 2.7023804347239
0.478466373731521	 2.93359561052808	 1679.22052849731	 37.1539877545337	 506.834813161428	 0.838449111470113	 0	 0	 0	 0.0161550888529887	 0.1421647819063	 0	 0.00161550888529887	 0.00161550888529887	 0	 2.48657184773992	 1.24737207473576
0.489822038070193	 2.56877898434782	 1154.55417344803	 35.3558525960387	 82.2634222710852	 0.388709677419355	 0.182258064516129	 0	 0	 0	 0	 0	 0.366129032258065	 0.0629032258064516	 0	 0	 1.07393449621816
0.475285556892572	 2.97590477163251	 1682.21744124266	 36.7552194149021	 448.507270773792	 0.305466237942122	 0	 0	 0	 0.102893890675241	 0.332797427652733	 0	 0	 0.258842443729904	 0	 0	 0.640016589134069
0.508656604593211	 3.0844931711406	 740.78856033373	 14.3182389030193	 430.81168186877	 0.144444444444444	 0.614285714285714	 0	 0	 0	 0	 0	 0	 0.241269841269841	 0	 14.6405280459301	 1.35539737523548
0.477910653924046	 2.87153186148817	 1636.97809395551	 36.789799064303	 452.659454219681	 0.434782608695652	 0	 0	 0	 0.223832528180354	 0.156199677938808	 0	 0.00644122383252818	 0.178743961352657	 0	 1.73708551844993	 1.18379259243871
0.48193994006187	 2.93806985644573	 1642.52562442141	 36.9132302187535	 468.709794252117	 0.9375	 0	 0	 0	 0.0496794871794872	 0.00641025641025641	 0	 0	 0.00641025641025641	 0	 2.68868630441989	 1.28688760101795
0.496314384282125	 3.05285707918565	 2677.4678726635	 23.4812132215749	 299.562962962399	 0	 0	 0.726984126984127	 0	 0	 0.00158730158730159	 0	 0.0777777777777778	 0.0698412698412698	 0.123809523809524	 0	 0.729545274045732
0.459553967039372	 3.02781167962967	 776.900534805089	 30.2950070475405	 9.7097013832826	 0.191247974068071	 0.175040518638574	 0	 0	 0.0502431118314425	 0	 0.053484602917342	 0.353322528363047	 0	 0.176661264181524	 7.59233715904998	 0.953213846992135
0.461438728242609	 3.05264456926317	 788.046162751813	 30.8264471047574	 5.92246896339077	 0.0122199592668024	 0	 0	 0	 0.0386965376782077	 0	 0.0183299389002037	 0.468431771894094	 0	 0.462321792260692	 1.15807986374989	 0.96578101929157
0.489232015298704	 3.1255581262059	 1487.10912697513	 33.5061565327476	 504.73919311318	 0.603503184713376	 0.0509554140127389	 0	 0.00159235668789809	 0.0843949044585987	 0	 0	 0	 0.259554140127389	 0	 12.3779368788801	 1.17388425663019
0.479034782590255	 3.03689481569021	 1910.11319730386	 37.4532816913907	 603.980116610941	 0.450885668276973	 0.00483091787439614	 0	 0.0144927536231884	 0.00161030595813205	 0.454106280193237	 0	 0.00483091787439614	 0.0692431561996779	 0	 1.10521632459995	 0.827577367304988
0.482516532189299	 2.52366018937435	 978.37443396798	 33.998364827882	 7.89649600459875	 0.912479740680713	 0	 0	 0	 0.0243111831442464	 0	 0	 0	 0.0632090761750405	 0	 0	 2.60590109716938
0.488315183382671	 3.02093025906492	 1246.08852851721	 35.7841353386855	 197.319606912829	 0.36038961038961	 0.209415584415584	 0	 0	 0.0909090909090909	 0.00162337662337662	 0	 0	 0.329545454545455	 0.00811688311688312	 0	 0.945681858178857
0.489784212393359	 2.56849595704092	 1154.22753769177	 35.3531924569816	 82.3648331907037	 0.380258899676375	 0.181229773462783	 0	 0	 0	 0	 0	 0.377022653721683	 0.0614886731391586	 0	 0	 1.07267935916444
0.488969381508563	 2.98961526559744	 2626.59209471332	 22.8682497429448	 310.865387890499	 0.00158730158730159	 0	 0.303174603174603	 0	 0	 0.0571428571428571	 0	 0.201587301587302	 0.16031746031746	 0.276190476190476	 0	 0.587942667612954
0.458986560162697	 3.02217901070808	 773.94417338891	 30.250657038107	 9.21203120943355	 0.26643598615917	 0.0899653979238754	 0	 0	 0.0847750865051903	 0	 0.0674740484429066	 0.344290657439446	 0	 0.147058823529412	 0	 0.79431355067165
0.487782144296043	 2.74079929356837	 1425.14171418332	 34.5019691864846	 132.619720286853	 0.00162337662337662	 0.0503246753246753	 0.0308441558441558	 0	 0	 0.321428571428571	 0	 0	 0.574675324675325	 0.0211038961038961	 0	 0.616780938846724
0.48041714312656	 2.96714573270308	 1749.0222491005	 35.3092841322354	 347.08866112096	 0	 0.106623586429725	 0	 0	 0	 0.387722132471729	 0	 0	 0.505654281098546	 0	 0	 0.658420146474545
0.476778742247426	 2.54553555407459	 962.064461105139	 34.0204102623702	 20.8443688149404	 0.780687397708674	 0.0392798690671031	 0	 0.0638297872340425	 0.0900163666121113	 0	 0	 0.0147299509001637	 0.0114566284779051	 0	 0	 2.79249460373299
0.477704772940159	 2.52200412825003	 976.671607004884	 34.0076265339118	 17.8340210717538	 0.671544715447154	 0.141463414634146	 0	 0	 0.182113821138211	 0	 0	 0	 0.0016260162601626	 0.0032520325203252	 0	 2.49953250187199
0.5266304700883	 2.86553784512463	 719.404924377549	 18.9565592345597	 49.3535500479126	 0	 0.528089887640449	 0	 0	 0.00449438202247191	 0	 0	 0.397752808988764	 0	 0.0696629213483146	 9.44596457707007	 0.619461123060157
0.524507591688981	 3.81124462456012	 555.67378482916	 15.5173901025787	 221.483094780103	 0.482428115015974	 0.507987220447284	 0	 0.00958466453674121	 0	 0	 0	 0	 0	 0	 13.13485042259	 0.931675393550922
0.49639091425795	 2.88306636004008	 2617.32577213474	 23.2969417979453	 261.4494862101	 0.00318471337579618	 0.0398089171974522	 0.00159235668789809	 0	 0.202229299363057	 0.431528662420382	 0	 0.111464968152866	 0.210191082802548	 0	 0	 0.721811792463254
0.505399112966466	 3.03115539699492	 739.765365282381	 13.7554898701587	 116.41787939849	 0.564742589703588	 0.405616224648986	 0	 0	 0	 0	 0	 0.0296411856474259	 0	 0	 2.50935706616997	 0.947643556665519
0.476981409038544	 2.5450003949635	 961.732409855712	 34.0075374720766	 19.5211743975085	 0.789644012944984	 0.0355987055016181	 0	 0.0598705501618123	 0.0889967637540453	 0	 0	 0.0145631067961165	 0.0113268608414239	 0	 0	 2.52490434561733
0.478250811877337	 3.10495579749818	 806.432780655163	 32.0226795369109	 43.3010401873476	 0.330645161290323	 0.295161290322581	 0	 0	 0	 0	 0.0290322580645161	 0.338709677419355	 0	 0.00645161290322581	 7.91609161638007	 0.656242794162591
0.493606700275394	 2.49756890794244	 1207.80604818593	 34.6626739758187	 11.6969192374473	 0.159550561797753	 0.0539325842696629	 0	 0	 0.0674157303370786	 0	 0.00449438202247191	 0.70561797752809	 0	 0.00898876404494382	 0	 0.79760498235657
0.506147636782091	 3.08812759239569	 739.562679188673	 13.7436510628703	 122.443174999057	 0.517241379310345	 0.482758620689655	 0	 0	 0	 0	 0	 0	 0	 0	 4.64342667892993	 1.08117347283049
0.489232015298704	 3.1255581262059	 1487.10912697513	 33.5061565327476	 504.73919311318	 0.603503184713376	 0.0509554140127389	 0	 0.00159235668789809	 0.0843949044585987	 0	 0	 0	 0.259554140127389	 0	 12.3779368788801	 1.17388425663019
0.492846559763668	 2.61604768670948	 1060.05193902527	 34.4684851061248	 22.5606546392489	 0.750809061488673	 0.0938511326860841	 0	 0	 0.00323624595469256	 0	 0.029126213592233	 0.122977346278317	 0	 0	 0	 1.36647810094951
0.48444514178569	 2.54721922418838	 1098.95631307991	 35.387474715922	 51.4048674502539	 0.256493506493506	 0.173701298701299	 0	 0	 0.00649350649350649	 0	 0	 0.563311688311688	 0	 0	 0	 1.07518391001534
0.528531506540277	 3.18878615051293	 703.941988734991	 21.1455886944121	 9.0103740552436	 0	 0.421725239616613	 0	 0.00958466453674121	 0.150159744408946	 0	 0.293929712460064	 0.0287539936102236	 0	 0.0958466453674121	 6.44826133981996	 0.842744115728159
0.488569756224374	 3.06798765314142	 1336.62300218595	 34.9458714779308	 319.135895146168	 0.658576051779935	 0	 0	 0.00161812297734628	 0.058252427184466	 0	 0	 0	 0.276699029126214	 0.00485436893203883	 0.125059738980099	 0.861416882392272
0.478791643060084	 2.55066271133567	 949.939585655198	 34.3899319391915	 12.3997880348378	 0.29746835443038	 0.286919831223629	 0	 0.0189873417721519	 0.259493670886076	 0	 0	 0.128691983122363	 0.00210970464135021	 0.00632911392405063	 0	 2.70586691311428
0.483270968397476	 2.52574141867729	 987.333174810726	 34.0028133670449	 12.008246605691	 0.526742301458671	 0.123176661264182	 0	 0	 0.157212317666126	 0	 0	 0	 0.192868719611021	 0	 0	 2.34386233862254
0.507288896669607	 3.28950722448954	 1216.01943996221	 31.2278953432269	 312.128027665316	 0.631578947368421	 0.274322169059011	 0	 0	 0	 0.00478468899521531	 0	 0	 0.0893141945773525	 0	 4.87250296867001	 0.703128605748288
0.495018842336747	 2.56631611061948	 1194.42428006321	 34.1432438588852	 41.9473830387405	 0.528455284552846	 0.00650406504065041	 0	 0	 0.160975609756098	 0.0048780487804878	 0	 0.00813008130081301	 0.291056910569106	 0	 0	 0.941061674967045
0.519553143325576	 2.88715789083598	 715.805082145599	 17.9748651790122	 53.074972390661	 0.074	 0.772	 0	 0	 0.008	 0	 0.012	 0.126	 0	 0.008	 13.2277778801001	 0.749614142298901
0.484801966493373	 3.14235749532694	 2205.10529126853	 34.9896840150351	 720.122696937868	 0.0175718849840256	 0.0191693290734824	 0.0111821086261981	 0.0575079872204473	 0.0287539936102236	 0.177316293929712	 0.00159744408945687	 0.00798722044728434	 0.677316293929712	 0.00159744408945687	 4.57071856045991	 0.874541318073821
0.493368794529715	 2.49313085523931	 1124.14106656224	 35.4984655915153	 12.5584091789274	 0.0110192837465565	 0	 0	 0	 0.00826446280991736	 0	 0.00550964187327824	 0.898071625344353	 0	 0.0771349862258953	 0	 0.75987238502994
0.482168392061879	 3.00674478480275	 1511.95300076077	 36.2052648210286	 452.316902769664	 0.47411003236246	 0	 0.00323624595469256	 0	 0.111650485436893	 0.0339805825242718	 0	 0.0388349514563107	 0.325242718446602	 0.0129449838187702	 0.0853795950699805	 0.698692400767965
0.472508275769547	 2.51085316052933	 1008.38236046349	 34.5499717070732	 62.9595744795882	 0.455008488964346	 0.249575551782683	 0	 0.0475382003395586	 0.113752122241087	 0	 0	 0.122241086587436	 0.00169779286926995	 0.0101867572156197	 0	 2.68738430157884
0.519868600706235	 3.70177636445847	 616.312472413899	 16.3994386634021	 193.915788463401	 0.778846153846154	 0.181089743589744	 0	 0.0256410256410256	 0	 0	 0	 0	 0	 0.0144230769230769	 13.2110876147599	 0.797089323401451
0.48972274164241	 2.56881385244891	 1154.11787901184	 35.3523087100763	 82.5190152757064	 0.375201288244767	 0.177133655394525	 0	 0	 0	 0	 0	 0.386473429951691	 0.0611916264090177	 0	 0	 1.07360965579796
0.476778742247426	 2.54553555407459	 962.064461105139	 34.0204102623702	 20.8443688149404	 0.780687397708674	 0.0392798690671031	 0	 0.0638297872340425	 0.0900163666121113	 0	 0	 0.0147299509001637	 0.0114566284779051	 0	 0	 2.52396705849081
0.480576465995384	 2.74531382837535	 814.516273122226	 14.5459420508247	 106.979921386621	 0.177142857142857	 0.434285714285714	 0	 0	 0.00380952380952381	 0	 0	 0.0533333333333333	 0.331428571428571	 0	 10.1605055457501	 1.02376137273839
0.487170895633354	 3.1396490517886	 1453.41791291796	 33.1594225627023	 474.983644322418	 0.691935483870968	 0.0983870967741935	 0	 0.00645161290322581	 0.0193548387096774	 0	 0	 0	 0.183870967741935	 0	 10.16301433322	 1.17821077319884
0.476524848390242	 2.92868236227251	 1692.75169903846	 37.1851462725122	 522.159260153601	 0.723642172523962	 0	 0	 0	 0.0415335463258786	 0.226837060702875	 0	 0.00638977635782748	 0.00159744408945687	 0	 2.36304654741002	 1.20868466627864
0.530520778459328	 3.18013371523683	 707.739290985927	 20.8738956561884	 40.5734846621181	 0.697933227344992	 0.284578696343402	 0	 0.0174880763116057	 0	 0	 0	 0	 0	 0	 15.1914922433	 0.934738237357481
0.483658764420365	 2.94479939256592	 1610.03789077345	 36.7238959986869	 436.172412868659	 0.64297253634895	 0.00969305331179321	 0	 0	 0.098546042003231	 0.0113085621970921	 0	 0	 0.237479806138934	 0	 2.73510350903007	 1.23683127813848
0.520637262171448	 3.67482561186208	 614.666014196901	 16.4392569914314	 222.717439186428	 0.0592	 0.5904	 0	 0.2352	 0.1136	 0	 0	 0	 0	 0.0016	 13.8561961436001	 0.848950738716125
0.487379334865671	 3.1548021684407	 2144.22991874076	 35.6897891667113	 706.387278497091	 0.248407643312102	 0.00477707006369427	 0.071656050955414	 0.035031847133758	 0.00636942675159236	 0.106687898089172	 0.00636942675159236	 0.0429936305732484	 0.477707006369427	 0	 5.52462002175002	 0.961183815530151
0.493575661422738	 2.48964713950288	 1120.77316584001	 35.3755556100179	 11.4964140267919	 0.00970873786407767	 0	 0	 0	 0.00970873786407767	 0	 0.00728155339805825	 0.881067961165049	 0	 0.0922330097087379	 0	 0.786707194678245
0.47952301012588	 2.89268029195246	 1638.14490150685	 36.7819928763327	 473.324477905731	 0.721417069243156	 0	 0	 0	 0.259259259259259	 0	 0	 0	 0.0193236714975845	 0	 2.04358047941014	 1.28360745430761
0.493529810808758	 2.49102883627116	 1119.28137515104	 35.3878098306891	 12.6310538648399	 0.0107991360691145	 0	 0	 0	 0.0107991360691145	 0	 0.00647948164146868	 0.909287257019438	 0	 0.0626349892008639	 0	 0.786495530045013
0.522004219939357	 2.78781202663637	 721.613629813614	 17.7822464327271	 64.75296795159	 0.00174216027874564	 0.869337979094077	 0	 0	 0	 0	 0.0121951219512195	 0.113240418118467	 0	 0.00348432055749129	 13.53648842448	 0.808804466822947
0.476134234858803	 2.8784143640947	 1663.32524039014	 36.938385776221	 487.915475392239	 0.586709886547812	 0	 0	 0	 0.241491085899514	 0.115072933549433	 0	 0.00648298217179903	 0.0502431118314425	 0	 2.60177886936003	 1.16859955107567
0.484785733308819	 2.90532685628123	 1581.41814535476	 36.4141060719724	 406.949849892594	 0.695161290322581	 0.00967741935483871	 0	 0.00161290322580645	 0.193548387096774	 0	 0	 0	 0.1	 0	 2.49255297698005	 1.4394360309647
0.483737203563969	 2.54659705627136	 1027.7225903632	 34.1683148678025	 27.2560685573949	 0.0016260162601626	 0.839024390243902	 0	 0	 0.0471544715447154	 0	 0.0016260162601626	 0.0211382113821138	 0.0878048780487805	 0.0016260162601626	 0	 1.70378130955425
0.494380486279717	 2.52464110332047	 1183.25228856176	 35.2568807965197	 16.2995073893517	 0.00667779632721202	 0.173622704507513	 0.00667779632721202	 0	 0.0350584307178631	 0	 0.00500834724540901	 0.757929883138564	 0.00333889816360601	 0.011686143572621	 0	 0.879419031174102
0.520557616721274	 3.67402414480715	 615.358263374176	 16.43845075532	 223.060358182677	 0.0732484076433121	 0.601910828025478	 0	 0.226114649681529	 0.0971337579617834	 0	 0	 0	 0	 0.00159235668789809	 14.01205135122	 0.850115182578184
0.478811206094212	 2.55783806934737	 953.791499396137	 34.2097402196092	 13.9676666552536	 0.442211055276382	 0.212730318257956	 0	 0	 0.274706867671692	 0	 0.0234505862646566	 0.0351758793969849	 0.0117252931323283	 0	 0	 2.52879993259907
0.487465116600352	 2.5767139095411	 1276.18303247099	 34.9349535149789	 82.3887685274958	 0.0858995137763371	 0.0291734197730956	 0.0145867098865478	 0	 0.00810372771474878	 0.0145867098865478	 0	 0.00324149108589951	 0.844408427876823	 0	 0	 0.89746787714224
0.493687423428165	 2.81521886501545	 1380.42139915071	 36.3686607873774	 209.806129283208	 0.12258064516129	 0.00967741935483871	 0	 0	 0	 0.0032258064516129	 0	 0.298387096774194	 0.566129032258065	 0	 0	 0.678957726205549
0.461472934026916	 3.05516056784263	 794.626831353619	 30.40258905305	 26.1937881865237	 0.0289389067524116	 0.655948553054662	 0	 0.0192926045016077	 0.0144694533762058	 0	 0.0144694533762058	 0.147909967845659	 0	 0.118971061093248	 1.34279712185003	 0.907225125663917
0.481115270874042	 2.53543270059033	 970.45827717749	 33.9971994304647	 6.15707598960049	 0.940983606557377	 0.0475409836065574	 0	 0	 0.00327868852459016	 0	 0.00163934426229508	 0.00655737704918033	 0	 0	 0	 2.66493460858581
0.481077128819309	 2.53507224226385	 970.473170810729	 33.9977421257632	 6.16078503280739	 0.944444444444444	 0.0457516339869281	 0	 0	 0.00326797385620915	 0	 0.00163398692810458	 0.00490196078431373	 0	 0	 0	 2.66433057208215
0.480180567036804	 3.08024609484552	 1837.84087683517	 38.4368040122126	 651.855771982596	 0.420454545454545	 0.0146103896103896	 0	 0.0535714285714286	 0.00162337662337662	 0.350649350649351	 0.00649350649350649	 0.0194805194805195	 0.133116883116883	 0	 0.422770277320069	 0.734784744099363
0.487379334865671	 3.1548021684407	 2144.22991874076	 35.6897891667113	 706.387278497091	 0.248407643312102	 0.00477707006369427	 0.071656050955414	 0.035031847133758	 0.00636942675159236	 0.106687898089172	 0.00636942675159236	 0.0429936305732484	 0.477707006369427	 0	 5.10658723486995	 0.961183815530151
0.486081539766071	 2.58169139912437	 1285.80668857649	 34.7624586575932	 83.4631492857401	 0.0518638573743922	 0.0259319286871961	 0.53160453808752	 0	 0.00972447325769854	 0	 0	 0.00972447325769854	 0.371150729335494	 0	 0	 0.85212816933179
0.481556035719648	 3.01204210842773	 1616.55932695553	 36.8164803352731	 507.50670790546	 0.00644122383252818	 0.581320450885668	 0.0322061191626409	 0	 0	 0.0225442834138486	 0	 0.0112721417069243	 0.34621578099839	 0	 1.76733143995011	 0.636886504057333
0.478839035481587	 2.55833231159298	 955.067831930712	 34.1187627848286	 14.0546611736704	 0.496753246753247	 0.147727272727273	 0	 0	 0.261363636363636	 0	 0.0503246753246753	 0.0324675324675325	 0.0113636363636364	 0	 0	 2.7078893145416
0.491498572882132	 2.60962671965567	 1292.19447468437	 34.3720056008317	 71.0858857811793	 0.103727714748784	 0.0307941653160454	 0	 0	 0.0729335494327391	 0.13290113452188	 0	 0	 0.659643435980551	 0	 0	 1.05873455993553
0.475781660730635	 2.85671159658813	 1864.72352479124	 33.5275910796586	 383.926790142446	 0	 0	 0	 0	 0	 1	 0	 0	 0	 0	 0	 0.577995634078979
0.504207109683552	 3.23507850866708	 1276.66812085328	 30.9981437876765	 364.458080664082	 0.172859450726979	 0.801292407108239	 0	 0	 0	 0	 0	 0.0113085621970921	 0.0145395799676898	 0	 5.01756780460005	 0.681520364973965
0.491855699896498	 2.76341546647124	 1753.79191335426	 30.0201411602152	 203.01602578299	 0	 0.00482315112540193	 0.168810289389068	 0	 0.0289389067524116	 0.541800643086817	 0	 0.173633440514469	 0.0819935691318328	 0	 0	 0.641383286266082
0.475697605895854	 2.53139578683001	 976.358365474668	 34.085994840698	 28.4496846653555	 0.607779578606159	 0.207455429497569	 0	 0	 0.178282009724473	 0	 0	 0.00324149108589951	 0	 0.00324149108589951	 0	 2.70630983904463
0.458590952018964	 3.01723331986597	 776.100669212869	 30.195534305621	 17.9403514011491	 0.297560975609756	 0.154471544715447	 0	 0	 0.0861788617886179	 0	 0.0601626016260163	 0.351219512195122	 0	 0.0504065040650407	 0	 0.76330929308695
0.491926952294392	 2.59715950162782	 1300.2898659855	 34.6585442261431	 96.5507353418249	 0.0925324675324675	 0.0974025974025974	 0	 0	 0.12987012987013	 0.185064935064935	 0	 0	 0.49512987012987	 0	 0	 1.00682320194198
0.476853727182917	 2.54922488127434	 961.298141034141	 34.0252152295639	 21.6026697131774	 0.753646677471637	 0.0858995137763371	 0	 0.0518638573743922	 0.0810372771474878	 0	 0.00162074554294976	 0.0145867098865478	 0.0113452188006483	 0	 0	 2.70154596961938
0.495765869393696	 2.95677816151039	 2541.27754585051	 22.6109405867583	 255.416554545976	 0.0158730158730159	 0	 0.26031746031746	 0	 0.00793650793650794	 0.180952380952381	 0	 0.204761904761905	 0.296825396825397	 0.0333333333333333	 0	 0.590164253162959
0.525423533071784	 2.85103928841954	 727.33861606276	 18.4033824430274	 81.9032963315491	 0	 0.798994974874372	 0	 0	 0.0033500837520938	 0	 0	 0.165829145728643	 0	 0.0318257956448911	 3.7141332235899	 0.553579699709302
0.486593101631961	 3.07498079712019	 2115.31257879127	 35.7508210171028	 655.856047684042	 0.367670364500792	 0.0285261489698891	 0.0221870047543582	 0.0396196513470681	 0.00475435816164818	 0.334389857369255	 0.00158478605388273	 0	 0.201267828843106	 0	 0	 0.781681054934458
0.484623864000766	 3.11700842585551	 789.769214689174	 17.1581521685342	 68.1471968014133	 0	 0.489465153970827	 0	 0	 0.0356564019448947	 0	 0	 0.474878444084279	 0	 0	 12.92960502099	 1.44267372663829
0.498344525680531	 2.94264613368899	 2526.81827530957	 22.5709081961879	 259.248940954586	 0.0253164556962025	 0	 0.243670886075949	 0	 0.0126582278481013	 0.207278481012658	 0	 0.15506329113924	 0.356012658227848	 0	 0	 0.531688355569598
0.478899905891722	 2.90565569034534	 1655.68756418206	 36.8597601156556	 487.027517283296	 0.83495145631068	 0	 0	 0	 0.119741100323625	 0.00970873786407767	 0	 0.00485436893203883	 0.0307443365695793	 0	 2.51093631593994	 1.24836922926424
0.486304508949255	 3.12929410050027	 1370.45336569817	 32.8020708614465	 342.957364465698	 0.3616	 0.224	 0	 0	 0.1248	 0	 0	 0	 0.2464	 0.0432	 10.3472568802999	 1.17401205310822
0.490229927822419	 2.55533065824387	 1149.34768316409	 35.3486287460561	 80.1944738529223	 0.283171521035599	 0.210355987055016	 0.00485436893203883	 0	 0	 0	 0	 0.480582524271845	 0.0210355987055016	 0	 0	 1.02266377789303
0.523715564364245	 3.80789818732687	 558.261610444123	 15.628976728314	 229.634008582802	 0.35828025477707	 0.517515923566879	 0	 0.124203821656051	 0	 0	 0	 0	 0	 0	 13.78273499581	 1.02534515747599
0.482032825306949	 2.94496755286663	 1631.3387069581	 36.8684513475451	 450.991447178569	 0.670418006430868	 0	 0	 0	 0.0723472668810289	 0.0353697749196141	 0	 0.0112540192926045	 0.210610932475884	 0	 3.18330056519994	 1.24389486489189
0.524714391545739	 3.80382223019245	 558.182667101888	 15.4724615316485	 208.552337130643	 0.497607655502392	 0.411483253588517	 0	 0.0909090909090909	 0	 0	 0	 0	 0	 0	 12.2659779230901	 0.883242794866577
0.518531397736616	 3.74868808377131	 617.30111069298	 16.6804576014613	 180.164236538721	 0.568690095846645	 0.370607028753994	 0	 0	 0	 0	 0	 0	 0	 0.060702875399361	 13.97932086425	 0.750151243358374
0.493340191955687	 2.53266824721288	 1155.63447215689	 35.5260876369838	 67.0070986426168	 0.200647249190939	 0.194174757281553	 0.349514563106796	 0	 0	 0	 0.00323624595469256	 0.242718446601942	 0.00161812297734628	 0.00809061488673139	 0	 0.830538663277734
0.477895573153984	 2.95889967256184	 1683.13322390382	 37.1504701596512	 487.829497013387	 0.297253634894992	 0	 0	 0	 0.0420032310177706	 0.447495961227787	 0	 0.061389337641357	 0.151857835218094	 0	 2.59257489116999	 1.21745623679462
0.491569693872796	 2.53292964738444	 1148.51364437156	 35.4181055140332	 69.9422948142248	 0.368336025848142	 0.15670436187399	 0.0791599353796446	 0	 0	 0	 0.00323101777059774	 0.384491114701131	 0	 0.00807754442649435	 0	 0.928321326106353
0.489232015298704	 3.1255581262059	 1487.10912697513	 33.5061565327476	 504.73919311318	 0.603503184713376	 0.0509554140127389	 0	 0.00159235668789809	 0.0843949044585987	 0	 0	 0	 0.259554140127389	 0	 12.3779368788801	 1.17388425663019
0.479855539052897	 2.52714529575693	 943.247662378501	 34.6570168137746	 9.89066390491382	 0.0444444444444444	 0.302222222222222	 0	 0.0266666666666667	 0.111111111111111	 0	 0	 0.488888888888889	 0	 0.0266666666666667	 0	 2.80494864781698
0.480452016660511	 2.93350414451912	 1658.92688486848	 37.0335614401641	 485.385942623318	 0.918138041733547	 0	 0	 0	 0.028892455858748	 0.0353130016051364	 0	 0	 0.0176565008025682	 0	 2.83820753881992	 1.27456587390379
0.476134234858803	 2.8784143640947	 1663.32524039014	 36.938385776221	 487.915475392239	 0.586709886547812	 0	 0	 0	 0.241491085899514	 0.115072933549433	 0	 0.00648298217179903	 0.0502431118314425	 0	 2.0378519287201	 1.16745798572342
0.482032825306949	 2.94496755286663	 1631.3387069581	 36.8684513475451	 450.991447178569	 0.670418006430868	 0	 0	 0	 0.0723472668810289	 0.0353697749196141	 0	 0.0112540192926045	 0.210610932475884	 0	 3.08493990946999	 1.24389486489189
0.479437693626331	 2.54000575875602	 946.389979058548	 34.5412742091278	 10.6161385167274	 0.214076246334311	 0.243401759530792	 0	 0.0234604105571848	 0.202346041055718	 0	 0	 0.299120234604106	 0	 0.0175953079178886	 0	 2.70914574738207
0.489506501964543	 2.93207271996477	 1208.2101548607	 35.9272390766251	 73.601087188624	 0.713826366559486	 0	 0	 0	 0.0578778135048231	 0	 0	 0	 0.223472668810289	 0.00482315112540193	 0	 1.1358500742069
0.534913051902929	 3.21791228505514	 703.67203055101	 20.7462224274659	 48.6370448773493	 0.296998420221169	 0.480252764612954	 0	 0.0568720379146919	 0.0157977883096366	 0	 0.150078988941548	 0	 0	 0	 12.46887045173	 0.944150739089008
0.501426177887199	 2.87620950881352	 2373.05869539639	 28.0263322863146	 305.145417778463	 0.0270700636942675	 0	 0.00159235668789809	 0	 0.154458598726115	 0.770700636942675	 0	 0.0254777070063694	 0	 0.0207006369426752	 0	 0.794848207550444
0.48047762346799	 2.97388303659254	 1777.8855519661	 35.4404063950047	 375.502774606661	 0.00161030595813205	 0.0869565217391304	 0	 0	 0	 0.550724637681159	 0	 0	 0.360708534621578	 0	 1.53024713668015	 0.715903845578192
0.489509959821035	 3.11174518098214	 1553.1927716897	 33.4823653800376	 539.338463085415	 0.340836012861736	 0.271704180064309	 0	 0.00160771704180064	 0.0803858520900322	 0.0128617363344051	 0	 0	 0.273311897106109	 0.0192926045016077	 9.84868640207992	 1.13889314239048
0.482436341712615	 2.8485899561882	 1567.47211072599	 36.3875193340323	 372.744439359562	 0.407766990291262	 0	 0	 0	 0.098705501618123	 0.281553398058252	 0	 0.00970873786407767	 0.202265372168285	 0	 0.629097702569879	 1.26380756738502
0.49451538592218	 2.54890204621281	 1167.54089810962	 35.5538727828677	 52.7705025060971	 0.342443729903537	 0.209003215434084	 0.231511254019293	 0	 0.00643086816720257	 0	 0	 0.209003215434084	 0	 0.00160771704180064	 0	 0.529689457782595
0.490442961898351	 2.56557685132984	 1155.60629820371	 35.378933978364	 80.4256647722529	 0.432300163132137	 0.203915171288744	 0	 0	 0	 0	 0	 0.298531810766721	 0.065252854812398	 0	 0	 1.07878966753479
0.493428680772543	 2.53352373254221	 1156.37043315902	 35.5282000043945	 67.1048886141258	 0.201298701298701	 0.194805194805195	 0.363636363636364	 0	 0	 0	 0.00324675324675325	 0.227272727272727	 0.00162337662337662	 0.00811688311688312	 0	 0.827763444998048
0.456848535137226	 3.00732281899434	 811.73693762455	 30.7642986132104	 85.7522450713377	 0	 0.570048309178744	 0	 0	 0	 0	 0	 0.428341384863124	 0.00161030595813205	 0	 1.26762361636997	 0.684778126617985
0.514908303694018	 3.02957306811554	 697.270454013818	 18.6056749946048	 28.2006535828741	 0.081858407079646	 0.763274336283186	 0	 0	 0.0287610619469027	 0	 0.0353982300884956	 0.0641592920353982	 0	 0.0265486725663717	 13.8768619047701	 0.68770868918475
0.489232015298704	 3.1255581262059	 1487.10912697513	 33.5061565327476	 504.73919311318	 0.603503184713376	 0.0509554140127389	 0	 0.00159235668789809	 0.0843949044585987	 0	 0	 0	 0.259554140127389	 0	 12.3779368788801	 1.17388425663019
0.462869941834492	 3.06782620443463	 793.580497800166	 30.9055904328437	 5.61550487836304	 0.0333988212180747	 0	 0	 0.00392927308447937	 0.0471512770137525	 0	 0.0216110019646365	 0.333988212180747	 0	 0.55992141453831	 0	 0.863899411693696
0.473940176149065	 2.89896417236553	 1700.70832359128	 37.112469554175	 535.785163814194	 0.822866344605475	 0	 0	 0	 0.152979066022544	 0.0112721417069243	 0	 0.0128824476650564	 0	 0	 2.05543064858989	 1.14615962106057
0.483220636896797	 2.54902295651084	 973.722827850335	 34.0150460270126	 6.40902119068425	 0.738372093023256	 0.122093023255814	 0	 0	 0.063953488372093	 0	 0.0290697674418605	 0.0436046511627907	 0	 0.00290697674418605	 0	 2.65473076502482
0.485989553929076	 2.49032345366212	 1078.85271187806	 35.4508798990026	 23.9739663315776	 0.0134907251264755	 0.12141652613828	 0	 0	 0.00843170320404722	 0	 0.00843170320404722	 0.812816188870152	 0	 0.0354131534569983	 0	 0.908609493300453
0.459453265321537	 3.0256226416491	 776.058944313347	 30.3327526799648	 7.78801954707847	 0.172535211267606	 0.0897887323943662	 0	 0	 0.0580985915492958	 0	 0.0545774647887324	 0.376760563380282	 0	 0.248239436619718	 1.20469114102002	 0.906261408656402
0.529348981610641	 3.19288574633614	 704.092942808034	 21.2329812069369	 9.18478222071776	 0	 0.457735247208931	 0	 0.00956937799043062	 0.129186602870813	 0	 0.370015948963317	 0.0239234449760766	 0	 0.00956937799043062	 11.98462443017	 0.939712688208007
0.511776189987742	 3.1188744052347	 703.895470660601	 13.9372098056254	 81.8244532750411	 0.470125786163522	 0.435534591194969	 0	 0	 0	 0	 0	 0.0911949685534591	 0	 0.00314465408805031	 5.72445388761003	 1.06489530186983
0.488178848178915	 3.20164782462037	 782.952141179519	 17.6301570887168	 65.1896405875717	 0.205501618122977	 0.645631067961165	 0	 0.098705501618123	 0	 0	 0	 0.0469255663430421	 0	 0.00323624595469256	 10.77726134204	 1.06606966102779
0.476020935414494	 2.99135545989682	 1702.05231909617	 37.3052293902506	 504.211805068226	 0.517684887459807	 0.0241157556270096	 0	 0	 0.141479099678457	 0.212218649517685	 0	 0	 0.104501607717042	 0	 0	 0.708268028076055
0.529207407469455	 3.19499444486343	 703.323256928978	 21.2077550247996	 8.55324186435695	 0.00158478605388273	 0.389857369255151	 0	 0.0142630744849445	 0.147385103011094	 0	 0.413629160063391	 0.00158478605388273	 0	 0.0316957210776545	 5.45576073553002	 0.805854016646341
0.480412807934282	 2.54760714361313	 958.79061105358	 33.9323973617802	 5.49053340709013	 0.755474452554745	 0.0127737226277372	 0	 0	 0.127737226277372	 0	 0.072992700729927	 0.031021897810219	 0	 0	 0	 2.52774680468662
0.478466373731521	 2.93359561052808	 1679.22052849731	 37.1539877545337	 506.834813161428	 0.838449111470113	 0	 0	 0	 0.0161550888529887	 0.1421647819063	 0	 0.00161550888529887	 0.00161550888529887	 0	 2.47837512642991	 1.24737207473576
0.487435124470111	 2.5600763418087	 1026.33125498177	 34.159775536601	 15.3788115722415	 0.307941653160454	 0.620745542949757	 0	 0	 0.0129659643435981	 0	 0	 0.0470016207455429	 0.0113452188006483	 0	 0	 1.52239694993345
0.502963790070129	 2.64061275160291	 1290.80620389369	 34.56302766439	 80.6480765569601	 0	 0	 0	 0	 0.181089743589744	 0.185897435897436	 0	 0	 0.63301282051282	 0	 0	 1.11876359696572
0.494258597095939	 2.54350352464973	 1163.15224981219	 35.5409493345383	 56.0389394641101	 0.208400646203554	 0.201938610662359	 0.347334410339257	 0	 0.00646203554119548	 0	 0	 0.234248788368336	 0	 0.00161550888529887	 0	 0.561683048965087
0.487610590516929	 2.57643783852517	 1274.63925252773	 34.962675923575	 83.1635740548961	 0.104669887278583	 0.0273752012882448	 0	 0	 0.00805152979066022	 0.0466988727858293	 0	 0.00322061191626409	 0.809983896940419	 0	 0	 0.993194709749421
0.478347113080596	 2.99074972062174	 1572.20520110731	 36.0625485416771	 495.846381572431	 0	 0.22866344605475	 0.0483091787439614	 0	 0.00483091787439614	 0.00805152979066022	 0	 0.00161030595813205	 0.7085346215781	 0	 0.0483303258199612	 0.617718612130329
0.482505670835326	 2.5794352767265	 1280.50919309551	 21.3772082121037	 55.7100231395983	 0.0195530726256983	 0.32122905027933	 0	 0	 0.0279329608938547	 0	 0	 0.0893854748603352	 0.519553072625698	 0.0223463687150838	 0.908288821709903	 0.531819816285033
0.497989596830209	 2.6191270566587	 1074.64786713812	 33.4020683816075	 16.5986558022457	 0.584541062801932	 0.241545893719807	 0	 0	 0.0241545893719807	 0	 0.0507246376811594	 0.0990338164251208	 0	 0	 0	 1.08452246689027
0.499732163020153	 2.50959867069708	 1200.50642241986	 35.1264529201023	 22.0644666639803	 0.00162074554294976	 0.00810372771474878	 0.00810372771474878	 0	 0.0194489465153971	 0	 0.00324149108589951	 0.951377633711507	 0	 0.00810372771474878	 0	 0.648941114737142
0.490873913866058	 3.12642462420704	 1423.77628482009	 33.2784086397353	 443.007978443609	 0.633173843700159	 0.0956937799043062	 0	 0.00159489633173844	 0.0478468899521531	 0	 0	 0	 0.221690590111643	 0	 9.88120083219997	 1.14330122991802
0.473517032556884	 2.90570243302597	 1707.03763155404	 37.1361148162549	 540.545320989897	 0.835748792270531	 0	 0	 0	 0.109500805152979	 0.0386473429951691	 0	 0.0161030595813204	 0	 0	 5.48458768274008	 1.19629304017422
0.497253380244753	 3.3053783208383	 1121.02916625657	 32.1804381977834	 253.694032606963	 0.932475884244373	 0.00964630225080386	 0	 0	 0	 0	 0	 0	 0.022508038585209	 0.0353697749196141	 6.60699967064011	 1.21158450381932
0.49656754062348	 2.91045585741971	 2565.96195369867	 22.2608864252827	 331.475181042104	 0.0095389507154213	 0	 0.155802861685215	 0	 0.027027027027027	 0.373608903020668	 0	 0.106518282988871	 0.327503974562798	 0	 0	 0.627024731878635
0.484691022679113	 2.88215614345676	 1300.93139070322	 36.3240528771189	 137.337105647847	 0.448946515397083	 0	 0	 0	 0.113452188006483	 0	 0	 0	 0.437601296596434	 0	 0	 1.18820095854408
0.474193944366923	 2.53968222287148	 971.931191268936	 34.2363258687591	 34.1100231610556	 0.715083798882682	 0.0186219739292365	 0	 0.128491620111732	 0.113594040968343	 0	 0	 0.0111731843575419	 0	 0.0130353817504655	 0	 2.78007126125422
0.489784212393359	 2.56849595704092	 1154.22753769177	 35.3531924569816	 82.3648331907037	 0.380258899676375	 0.181229773462783	 0	 0	 0	 0	 0	 0.377022653721683	 0.0614886731391586	 0	 0	 1.07267935916444
0.491569693872796	 2.53292964738444	 1148.51364437156	 35.4181055140332	 69.9422948142248	 0.368336025848142	 0.15670436187399	 0.0791599353796446	 0	 0	 0	 0.00323101777059774	 0.384491114701131	 0	 0.00807754442649435	 0	 0.928321326106353
0.486140389940799	 2.94893386326693	 1584.14967758906	 36.6057103005606	 414.330671923349	 0.703703703703704	 0.00966183574879227	 0	 0	 0.0692431561996779	 0.00644122383252818	 0	 0	 0.210950080515298	 0	 3.60474702223996	 1.21316799219104
0.482018293421755	 3.02173832440662	 2195.33002331637	 33.7545686487194	 598.604823370506	 0.129392971246006	 0	 0	 0	 0	 0.825878594249201	 0	 0	 0.0447284345047923	 0	 1.46936484195021	 0.64801588502174
0.477976328842686	 2.54486382822507	 959.731109552051	 33.9527610356372	 13.935275300217	 0.830097087378641	 0.029126213592233	 0	 0.0145631067961165	 0.0825242718446602	 0	 0.0161812297734628	 0.0177993527508091	 0.00970873786407767	 0	 0	 2.70654420077129
0.495152388981385	 2.56575177086648	 1178.7259588087	 35.5204021625451	 63.7644399863856	 0.666129032258065	 0.224193548387097	 0.0725806451612903	 0	 0.00967741935483871	 0	 0	 0.0258064516129032	 0.00161290322580645	 0	 0	 0.82776049404375
0.532878875475389	 3.10684594044296	 712.376617806324	 20.1622568144005	 29.2223962704158	 0.513556618819777	 0.427432216905901	 0	 0	 0.0574162679425837	 0	 0	 0.00159489633173844	 0	 0	 11.6418495482799	 1.01453271988286
0.462929761449733	 3.0685872779761	 793.572247747137	 30.8787198555277	 6.13656168428404	 0.0229681978798587	 0	 0	 0	 0.0530035335689046	 0	 0.0229681978798587	 0.282685512367491	 0	 0.618374558303887	 7.49649129886006	 1.02332939669009
0.483335722075787	 2.53523488231661	 1002.14344000717	 34.001057891335	 18.5701558489674	 0.118314424635332	 0.427876823338736	 0	 0	 0.149108589951378	 0	 0	 0	 0.304700162074554	 0	 0	 2.06556352900531
0.520943965963581	 3.6799272028787	 612.40678674253	 16.4366231074007	 221.39339167012	 0.019047619047619	 0.558730158730159	 0	 0.276190476190476	 0.146031746031746	 0	 0	 0	 0	 0	 13.86380225892	 0.842859547005759
0.487547262835903	 2.87531965683625	 1378.61366912523	 36.1008313550356	 151.396768109973	 0.386837881219904	 0	 0	 0	 0.303370786516854	 0	 0	 0.00963081861958266	 0.295345104333868	 0.00481540930979133	 0.484021936880026	 1.47686218450004
0.48660254668057	 3.14382335639014	 2159.64993525289	 35.2250083901261	 704.518100160962	 0.00803858520900321	 0.0418006430868167	 0.0160771704180064	 0	 0.00482315112540193	 0.188102893890675	 0	 0.0241157556270096	 0.715434083601286	 0.00160771704180064	 4.43024082984994	 0.904023842604597
0.487379334865671	 3.1548021684407	 2144.22991874076	 35.6897891667113	 706.387278497091	 0.248407643312102	 0.00477707006369427	 0.071656050955414	 0.035031847133758	 0.00636942675159236	 0.106687898089172	 0.00636942675159236	 0.0429936305732484	 0.477707006369427	 0	 5.52462002175002	 0.961183815530151
0.484901706203404	 2.57613693378158	 1115.15568290628	 35.3320642899245	 61.9685307309354	 0.320325203252033	 0.0926829268292683	 0	 0	 0.040650406504065	 0	 0	 0.544715447154472	 0	 0.0016260162601626	 0	 1.16735738893835
0.49712313521544	 2.62149998912601	 1265.5668351721	 34.1902208158143	 86.314019670258	 0.329563812600969	 0	 0	 0	 0.0323101777059774	 0.122778675282714	 0	 0.0775444264943457	 0.437802907915994	 0	 0	 0.91589179245066
0.48867295717501	 2.54593753798941	 1107.68978928751	 34.6958511547507	 31.3259027559183	 0.801612903225806	 0.0516129032258065	 0	 0	 0.0241935483870968	 0	 0	 0.0838709677419355	 0.0387096774193548	 0	 0	 1.18284999151384
0.495145053150256	 2.5654028920975	 1178.09829470908	 35.5237403619888	 63.9481881883474	 0.656957928802589	 0.229773462783172	 0.0728155339805825	 0	 0.00970873786407767	 0	 0	 0.029126213592233	 0.00161812297734628	 0	 0	 0.841676271173946
0.461592599757559	 3.05411105346537	 788.715585281077	 30.8408924869228	 5.88880515663614	 0.00829875518672199	 0	 0	 0.0020746887966805	 0.0394190871369295	 0	 0.0186721991701245	 0.460580912863071	 0	 0.470954356846473	 7.43180128467998	 1.01196640768112
0.524200083450152	 2.86995966698089	 731.554963224301	 18.0372240974367	 106.196916175675	 0	 0.928115015974441	 0	 0	 0	 0	 0	 0.0638977635782748	 0	 0.00798722044728434	 13.76834058899	 0.655838829545548
0.52269595388205	 3.69757982857602	 568.493094211434	 15.598976884993	 447.338314350808	 0.737756714060032	 0.262243285939968	 0	 0	 0	 0	 0	 0	 0	 0	 14.8705223429299	 1.7224870848618
0.477763626083423	 2.5216885961617	 976.841893790607	 34.0088770115972	 17.7956576699401	 0.673633440514469	 0.139871382636656	 0	 0	 0.181672025723473	 0	 0	 0	 0.00160771704180064	 0.00321543408360129	 0	 2.67245960618905
0.477870263340576	 2.95685418129683	 1685.41173052783	 37.1641715346304	 491.72564302492	 0.293739967897271	 0	 0	 0	 0.00642054574638844	 0.510433386837881	 0	 0.057784911717496	 0.131621187800963	 0	 2.34647533912994	 1.22364927160989
0.485363755239403	 2.50029127858305	 1077.7561902779	 35.4013902717993	 25.9546532120382	 0.0915492957746479	 0.133802816901408	 0	 0	 0.00880281690140845	 0	 0.00704225352112676	 0.723591549295775	 0	 0.0352112676056338	 0	 0.921224320947888
0.478186479506577	 2.94517638594173	 1689.68754522606	 37.262105574747	 514.164435433964	 0.749190938511327	 0	 0	 0	 0	 0.247572815533981	 0	 0	 0.00323624595469256	 0	 4.2554602418902	 1.27747020038586
0.499635648021602	 2.50600057370898	 1187.7467697338	 35.2790441650647	 9.18104052571672	 0.0307017543859649	 0	 0	 0	 0.0043859649122807	 0	 0.0087719298245614	 0.881578947368421	 0	 0.0745614035087719	 0	 0.759164405507701
0.484347752913067	 2.85141555275618	 1511.19999494025	 36.228067838965	 286.909451934182	 0.51294498381877	 0	 0	 0	 0.216828478964401	 0.202265372168285	 0	 0	 0.0679611650485437	 0	 0	 1.04385299647896
0.478896951430829	 2.54990437769461	 949.532995090244	 34.4090163566614	 12.0341212966467	 0.284444444444444	 0.286666666666667	 0	 0.02	 0.264444444444444	 0	 0	 0.14	 0	 0.00444444444444444	 0	 2.79729225158691
0.494524306761187	 2.54889439273013	 1167.53555082153	 35.5542358652983	 52.7354990702302	 0.340255591054313	 0.210862619808307	 0.233226837060703	 0	 0.00638977635782748	 0	 0	 0.207667731629393	 0	 0.00159744408945687	 0	 0.529525374928221
0.491101219773878	 2.53779229881184	 1147.74269276737	 35.3900023472351	 73.1652544813988	 0.327390599675851	 0.188006482982172	 0.0388978930307942	 0	 0	 0	 0.00162074554294976	 0.437601296596434	 0	 0.00648298217179903	 0	 0.937832566965341
0.520422217641789	 3.70195485632604	 612.018324751249	 16.2945300151622	 203.786013303364	 0.3088	 0.6272	 0	 0.0512	 0.008	 0	 0	 0	 0	 0.0048	 13.8246826345501	 0.797209745121002
0.472625939769458	 2.89024593888815	 1693.68916937578	 37.0638910573089	 511.315450547533	 0.805152979066023	 0	 0	 0	 0.177133655394525	 0	 0	 0.0161030595813204	 0.00161030595813205	 0	 1.53210352251995	 1.11802510842801
0.491569693872796	 2.53292964738444	 1148.51364437156	 35.4181055140332	 69.9422948142248	 0.368336025848142	 0.15670436187399	 0.0791599353796446	 0	 0	 0	 0.00323101777059774	 0.384491114701131	 0	 0.00807754442649435	 0	 0.928321326106353
0.487379334865671	 3.1548021684407	 2144.22991874076	 35.6897891667113	 706.387278497091	 0.248407643312102	 0.00477707006369427	 0.071656050955414	 0.035031847133758	 0.00636942675159236	 0.106687898089172	 0.00636942675159236	 0.0429936305732484	 0.477707006369427	 0	 7.31855669365996	 1.00259461277609
0.48258849853547	 2.90687394236814	 1616.29023930871	 36.6067096980105	 440.367106985536	 0.752025931928687	 0.00972447325769854	 0	 0	 0.189627228525122	 0	 0	 0	 0.0486223662884927	 0	 3.55657406619002	 1.33272755049423
0.514495591043256	 3.40174221816206	 714.794240830743	 16.6747822616616	 513.106223504562	 0.240566037735849	 0.759433962264151	 0	 0	 0	 0	 0	 0	 0	 0	 8.65102262126015	 1.93395537325421
0.49343691797378	 2.49184760702524	 1120.49854339493	 35.4115550433678	 12.9664722680993	 0.00826446280991736	 0	 0	 0	 0.00826446280991736	 0	 0.00619834710743802	 0.915289256198347	 0	 0.0619834710743802	 0	 0.779671838628007
0.484513118092724	 3.13357703303957	 1594.33846872852	 32.9510663897787	 568.353313362704	 0.465378421900161	 0	 0	 0	 0.0821256038647343	 0.0209339774557166	 0	 0	 0.431561996779388	 0	 10.2380316004701	 1.11330274222554
0.489232015298704	 3.1255581262059	 1487.10912697513	 33.5061565327476	 504.73919311318	 0.603503184713376	 0.0509554140127389	 0	 0.00159235668789809	 0.0843949044585987	 0	 0	 0	 0.259554140127389	 0	 12.3779368788801	 1.17388425663019
0.473940176149065	 2.89896417236553	 1700.70832359128	 37.112469554175	 535.785163814194	 0.822866344605475	 0	 0	 0	 0.152979066022544	 0.0112721417069243	 0	 0.0128824476650564	 0	 0	 1.45433775240986	 1.14615962106057
0.504946663319391	 2.64070247355702	 1257.90143578066	 34.2783272401533	 63.8823122286994	 0.118506493506494	 0	 0	 0	 0.284090909090909	 0.0357142857142857	 0	 0.051948051948052	 0.50974025974026	 0	 0	 0.989998337510344
0.49691743615797	 2.59253672705821	 1060.04909637029	 33.5868892435863	 9.81666026005403	 0.569331158238173	 0.0309951060358891	 0	 0	 0.0734094616639478	 0	 0.0228384991843393	 0.0130505709624796	 0.287112561174551	 0.0032626427406199	 0	 1.2036068484066
0.478896951430829	 2.54990437769461	 949.532995090244	 34.4090163566614	 12.0341212966467	 0.284444444444444	 0.286666666666667	 0	 0.02	 0.264444444444444	 0	 0	 0.14	 0	 0.00444444444444444	 0	 2.528243821462
0.496825360387909	 2.58746211109203	 1065.43092524973	 33.9801934918984	 13.7999980052634	 0.508090614886731	 0.0258899676375405	 0	 0	 0.0388349514563107	 0	 0	 0.121359223300971	 0.305825242718447	 0	 0	 1.06081276283295
0.476460638648487	 2.95545943255587	 1705.81309036928	 36.6093967511191	 426.274192849145	 0	 0.0578778135048231	 0	 0	 0	 0.446945337620579	 0	 0.00160771704180064	 0.493569131832797	 0	 0	 0.629840693960619
0.501283851472594	 2.57728239766197	 1166.85875146185	 33.7557961083454	 41.18547082287	 0.494327390599676	 0.0680713128038898	 0	 0	 0.0567260940032415	 0	 0	 0.0162074554294976	 0.364667747163695	 0	 0	 0.974972007919942
0.477492316559096	 2.54665533950915	 960.167096374407	 33.9813939350018	 17.1034771860102	 0.795121951219512	 0.0471544715447154	 0	 0.0357723577235772	 0.0878048780487805	 0	 0.00650406504065041	 0.016260162601626	 0.0113821138211382	 0	 0	 2.70456611703082
0.458986560162697	 3.02217901070808	 773.94417338891	 30.250657038107	 9.21203120943355	 0.26643598615917	 0.0899653979238754	 0	 0	 0.0847750865051903	 0	 0.0674740484429066	 0.344290657439446	 0	 0.147058823529412	 7.49312908260981	 0.944433043126735
0.497076517407064	 2.85329420324109	 755.806974854765	 13.712836210804	 73.0182335608399	 0.194662480376766	 0.726844583987441	 0	 0	 0	 0	 0.010989010989011	 0	 0	 0.0675039246467818	 9.19989952722995	 1.09097234532237
0.494350825486298	 2.52477989421723	 1183.37275500761	 35.2586563037041	 16.3936591585158	 0.00667779632721202	 0.173622704507513	 0.00667779632721202	 0	 0.0350584307178631	 0	 0.00500834724540901	 0.757929883138564	 0.00333889816360601	 0.011686143572621	 0	 0.787280400143257
0.47431207515733	 2.53929861520238	 971.985675262044	 34.222793874469	 33.6391480554484	 0.706422018348624	 0.0238532110091743	 0	 0.126605504587156	 0.119266055045872	 0	 0	 0.0110091743119266	 0	 0.0128440366972477	 0	 2.60257381384935
0.489232015298704	 3.1255581262059	 1487.10912697513	 33.5061565327476	 504.73919311318	 0.603503184713376	 0.0509554140127389	 0	 0.00159235668789809	 0.0843949044585987	 0	 0	 0	 0.259554140127389	 0	 12.3779368788801	 1.17388425663019
0.477490342022764	 2.92968362364528	 1685.3299142993	 37.1575771202409	 514.067447661538	 0.775444264943457	 0	 0	 0	 0.024232633279483	 0.193861066235864	 0	 0.00646203554119548	 0	 0	 2.20657582205013	 1.22621213542433
0.490785554807649	 2.92990873584304	 1214.56938693368	 35.8288708035213	 64.2623668961381	 0.846774193548387	 0.00161290322580645	 0	 0	 0.0435483870967742	 0	 0	 0	 0.106451612903226	 0.00161290322580645	 0	 1.1222362279892
0.528464461580467	 3.22497525936946	 698.820392924577	 20.9721313527893	 22.5237356432417	 0.477635782747604	 0.309904153354633	 0	 0.0718849840255591	 0.00479233226837061	 0	 0.119808306709265	 0.0159744408945687	 0	 0	 14.3793102694699	 0.993649495390657
0.487548977609721	 2.8753128019696	 1378.61490660004	 36.100553299765	 151.387029714334	 0.385852090032154	 0	 0	 0	 0.303858520900322	 0	 0	 0.00964630225080386	 0.295819935691318	 0.00482315112540193	 0.481434711660086	 1.47708055194934
0.484580850703189	 2.83544802319533	 1537.80035960148	 36.1616109412305	 311.432986591013	 0.55663430420712	 0.00647249190938511	 0	 0	 0.040453074433657	 0.205501618122977	 0	 0	 0.187702265372168	 0.00323624595469256	 0.158545612739999	 1.19929221918668
0.519867690543543	 3.69957762594976	 617.007715383231	 16.4096949688357	 194.238624935591	 0.802568218298555	 0.163723916532905	 0	 0.0224719101123595	 0	 0	 0	 0	 0	 0.0112359550561798	 13.20790704571	 0.800111269300286
0.47866155589584	 2.55015804485683	 949.960171776096	 34.3859302423296	 12.7553749702273	 0.31340206185567	 0.280412371134021	 0	 0.0185567010309278	 0.249484536082474	 0	 0	 0.125773195876289	 0.00412371134020619	 0.00824742268041237	 0	 2.61616402737638
0.522959980739683	 3.22616916276606	 663.907126110444	 19.6439842447577	 23.0903803624964	 0.0493630573248408	 0.552547770700637	 0	 0.192675159235669	 0.0302547770700637	 0	 0.0589171974522293	 0.054140127388535	 0	 0.0621019108280255	 6.53173842251999	 0.730304321654197
0.508785801824792	 3.01466648789616	 720.579334994429	 13.8045828306867	 84.3680615350748	 0.655660377358491	 0.339622641509434	 0	 0	 0	 0	 0.00157232704402516	 0	 0	 0.00314465408805031	 4.54201326638008	 1.07247980773074
0.503839479364399	 3.02255577847749	 2622.83414736578	 23.9139464022744	 277.383146799733	 0.00318471337579618	 0	 0.0955414012738854	 0	 0.490445859872611	 0.0955414012738854	 0	 0.0414012738853503	 0	 0.273885350318471	 0	 0.718583497367087
0.531100404887826	 3.21823846083375	 701.540924415215	 21.0017723566399	 20.4284278909728	 0.210862619808307	 0.284345047923323	 0	 0.0591054313099042	 0.0175718849840256	 0	 0.412140575079872	 0.0159744408945687	 0	 0	 14.865808775	 0.944253676710799
0.480314757861844	 2.95032325661384	 1665.36608120608	 37.110275927446	 484.734711123807	 0.738287560581583	 0	 0	 0	 0.0177705977382876	 0.101777059773829	 0	 0.0274636510500808	 0.11470113085622	 0	 2.97175426430999	 1.29039341952766
0.47952301012588	 2.89268029195246	 1638.14490150685	 36.7819928763327	 473.324477905731	 0.721417069243156	 0	 0	 0	 0.259259259259259	 0	 0	 0	 0.0193236714975845	 0	 3.06108178938007	 1.29870108782573
0.457154478441637	 3.02271891598637	 858.843640010799	 31.4517560536035	 136.595844613426	 0	 0.843042071197411	 0	 0	 0	 0	 0	 0.0760517799352751	 0.0809061488673139	 0	 1.4282455432799	 0.652645408817865
0.521052802294036	 3.68119836618821	 610.400484125973	 16.4145853111471	 221.589830480997	 0.088	 0.4496	 0	 0.2848	 0.1776	 0	 0	 0	 0	 0	 14.0304116930699	 0.845251331520081
0.496825360387909	 2.58746211109203	 1065.43092524973	 33.9801934918984	 13.7999980052634	 0.508090614886731	 0.0258899676375405	 0	 0	 0.0388349514563107	 0	 0	 0.121359223300971	 0.305825242718447	 0	 0	 1.06081276283295
0.492160897840233	 2.53534519409995	 1152.13488780904	 35.4529330478594	 69.8723962232092	 0.406807131280389	 0.20259319286872	 0.106969205834684	 0	 0	 0	 0.00324149108589951	 0.272285251215559	 0	 0.00810372771474878	 0	 0.914830738760084
0.482600258232273	 3.00640670124565	 1542.83169007653	 36.3873904335078	 475.688564311058	 0.05	 0.0193548387096774	 0.0209677419354839	 0.00645161290322581	 0.129032258064516	 0.00645161290322581	 0	 0.0241935483870968	 0.711290322580645	 0.032258064516129	 0	 0.65148398328212
0.509260544629945	 3.10210332330089	 706.151401471804	 13.9291142422698	 77.1379240577613	 0.865414710485133	 0.126760563380282	 0	 0	 0	 0	 0	 0.00469483568075117	 0	 0.00312989045383412	 5.72204398667009	 1.08224120330363
0.493625203357722	 2.48879663690139	 1121.83153348879	 35.3665978950717	 10.8123974194118	 0.010958904109589	 0	 0	 0	 0.010958904109589	 0	 0.00821917808219178	 0.863013698630137	 0	 0.106849315068493	 0	 0.782159870453909
0.495153210107567	 2.57615298356432	 1045.36023679159	 33.8072116841831	 10.2380250101391	 0.578861788617886	 0.00813008130081301	 0	 0	 0.149593495934959	 0	 0	 0.0390243902439024	 0.224390243902439	 0	 0	 1.3612116478323
0.486782331708827	 2.57910404047402	 1280.53958187789	 34.8506220893518	 81.4717058188082	 0.0436187399030695	 0.0193861066235864	 0.248788368336026	 0	 0.00807754442649435	 0	 0	 0.012924071082391	 0.665589660743134	 0.00161550888529887	 0	 0.873138704573396
0.497192594553623	 2.58147991663419	 1068.80222719855	 33.9030447949323	 14.111326512491	 0.446254071661238	 0.0325732899022801	 0	 0	 0.0342019543973941	 0	 0	 0.102605863192182	 0.384364820846906	 0	 0	 1.04933597084365
0.483787409938965	 2.54587821479904	 1022.73213551699	 34.0966066096076	 25.2157622354826	 0	 0.796084828711256	 0	 0	 0.0489396411092985	 0	 0.0130505709624796	 0.0114192495921697	 0.122349102773246	 0.00815660685154975	 0	 1.77659319470018
0.493286606002792	 2.80649412262277	 1345.32871281096	 35.856556025877	 176.850785698072	 0.67741935483871	 0	 0	 0	 0.0709677419354839	 0.032258064516129	 0	 0.0370967741935484	 0.164516129032258	 0.017741935483871	 0	 0.647969885026255
0.456848535137226	 3.00732281899434	 811.73693762455	 30.7642986132104	 85.7522450713377	 0	 0.570048309178744	 0	 0	 0	 0	 0	 0.428341384863124	 0.00161030595813205	 0	 1.26762361636997	 0.684778126617985
0.481839865093267	 2.5497929527006	 962.282708400621	 33.986127257876	 4.26053903539053	 0.695067264573991	 0.0762331838565022	 0	 0	 0.100896860986547	 0	 0.0650224215246637	 0.062780269058296	 0	 0	 0	 2.690450887798
0.513186328392941	 3.67247431479484	 626.227442686546	 19.1418205446728	 169.370117232717	 0.92258064516129	 0.0032258064516129	 0	 0.0129032258064516	 0	 0	 0	 0	 0	 0.0612903225806452	 5.16277751329994	 0.649955633474934
0.481077128819309	 2.53507224226385	 970.473170810729	 33.9977421257632	 6.16078503280739	 0.944444444444444	 0.0457516339869281	 0	 0	 0.00326797385620915	 0	 0.00163398692810458	 0.00490196078431373	 0	 0	 0	 2.66433057208215
0.480359184150898	 2.97418706770754	 1785.26891151777	 35.4487238404072	 381.583167318499	 0.0016	 0.0992	 0	 0	 0	 0.576	 0	 0	 0.3232	 0	 0	 0.708269839668274
0.523253665630833	 2.99452814997409	 711.656471861012	 19.8270548055708	 35.9981661031311	 0.00165562913907285	 0.70364238410596	 0	 0.0033112582781457	 0.0248344370860927	 0	 0.00165562913907285	 0.210264900662252	 0	 0.054635761589404	 5.43492694856991	 0.621082417844026
0.483658764420365	 2.94479939256592	 1610.03789077345	 36.7238959986869	 436.172412868659	 0.64297253634895	 0.00969305331179321	 0	 0	 0.098546042003231	 0.0113085621970921	 0	 0	 0.237479806138934	 0	 2.54111443799002	 1.23683127813848
0.519867690543543	 3.69957762594976	 617.007715383231	 16.4096949688357	 194.238624935591	 0.802568218298555	 0.163723916532905	 0	 0.0224719101123595	 0	 0	 0	 0	 0	 0.0112359550561798	 13.20790704571	 0.800111269300286
0.476677981203232	 3.11172706868678	 1118.40501420237	 31.2731281417135	 221.708652939776	 0.302100161550889	 0.192245557350565	 0	 0.00161550888529887	 0.140549273021002	 0	 0	 0	 0.35702746365105	 0.00646203554119548	 9.06108184786012	 1.07631261783963
0.480653990206664	 2.542597849884	 963.96349837455	 33.9694676266573	 5.13394815801603	 0.878504672897196	 0.0616822429906542	 0	 0	 0.0224299065420561	 0	 0.0130841121495327	 0.0242990654205607	 0	 0	 0	 2.61028344401722
0.509046122982198	 2.90980915613907	 727.822313397599	 17.0905491537302	 114.092837322481	 0.0158730158730159	 0.638095238095238	 0	 0	 0.0476190476190476	 0	 0	 0.26984126984127	 0	 0.0285714285714286	 8.64313415971014	 0.933384911346001
0.494350825486298	 2.52477989421723	 1183.37275500761	 35.2586563037041	 16.3936591585158	 0.00667779632721202	 0.173622704507513	 0.00667779632721202	 0	 0.0350584307178631	 0	 0.00500834724540901	 0.757929883138564	 0.00333889816360601	 0.011686143572621	 0	 0.787280400143257
0.478896951430829	 2.54990437769461	 949.532995090244	 34.4090163566614	 12.0341212966467	 0.284444444444444	 0.286666666666667	 0	 0.02	 0.264444444444444	 0	 0	 0.14	 0	 0.00444444444444444	 0	 2.528243821462
0.490442961898351	 2.56557685132984	 1155.60629820371	 35.378933978364	 80.4256647722529	 0.432300163132137	 0.203915171288744	 0	 0	 0	 0	 0	 0.298531810766721	 0.065252854812398	 0	 0	 1.07878966753479
0.49362960815117	 2.48872778657159	 1121.68496765722	 35.3642338439354	 10.7771181967004	 0.010989010989011	 0	 0	 0	 0.010989010989011	 0	 0.00824175824175824	 0.865384615384615	 0	 0.104395604395604	 0	 0.794959034390349
0.487379334865671	 3.1548021684407	 2144.22991874076	 35.6897891667113	 706.387278497091	 0.248407643312102	 0.00477707006369427	 0.071656050955414	 0.035031847133758	 0.00636942675159236	 0.106687898089172	 0.00636942675159236	 0.0429936305732484	 0.477707006369427	 0	 3.60896765256007	 0.96751882078921
0.48409740139844	 3.17359446493596	 1213.54377159402	 32.2988868425308	 306.376007302824	 0.545161290322581	 0.0193548387096774	 0	 0	 0.141935483870968	 0	 0	 0	 0.283870967741935	 0.00967741935483871	 9.44097607755998	 0.959685274285655
0.519872936063397	 3.65038084019379	 630.012629894001	 16.814555810071	 249.555854012455	 0.1536	 0.6944	 0	 0.0768	 0.0736	 0	 0	 0	 0	 0.0016	 13.8397819460099	 0.885305775356293
0.45994184533661	 3.03512672792134	 780.755310249521	 30.5134086393163	 6.31301848549629	 0.116104868913858	 0.0131086142322097	 0	 0	 0.0187265917602996	 0	 0.0149812734082397	 0.357677902621723	 0	 0.47940074906367	 7.45493671976988	 0.985132899549272
0.489784212393359	 2.56849595704092	 1154.22753769177	 35.3531924569816	 82.3648331907037	 0.380258899676375	 0.181229773462783	 0	 0	 0	 0	 0	 0.377022653721683	 0.0614886731391586	 0	 0	 1.07267935916444
0.484901706203404	 2.57613693378158	 1115.15568290628	 35.3320642899245	 61.9685307309354	 0.320325203252033	 0.0926829268292683	 0	 0	 0.040650406504065	 0	 0	 0.544715447154472	 0	 0.0016260162601626	 0	 1.16735738893835
0.49343691797378	 2.49184760702524	 1120.49854339493	 35.4115550433678	 12.9664722680993	 0.00826446280991736	 0	 0	 0	 0.00826446280991736	 0	 0.00619834710743802	 0.915289256198347	 0	 0.0619834710743802	 0	 0.779671838628007
0.493810196828405	 2.58655187431516	 1100.85738909827	 34.5203774357717	 28.9693208018333	 0.851791530944625	 0.0195439739413681	 0	 0	 0.0374592833876222	 0	 0.00325732899022801	 0.0570032573289902	 0.0309446254071661	 0	 0	 1.19591463563497
0.473517032556884	 2.90570243302597	 1707.03763155404	 37.1361148162549	 540.545320989897	 0.835748792270531	 0	 0	 0	 0.109500805152979	 0.0386473429951691	 0	 0.0161030595813204	 0	 0	 5.48458768274008	 1.19629304017422
0.493528566671418	 2.49106766390341	 1119.27347650811	 35.3886497841409	 12.6700999259126	 0.0107296137339056	 0	 0	 0	 0.0107296137339056	 0	 0.00643776824034335	 0.909871244635193	 0	 0.0622317596566524	 0	 0.786310021538342
0.485938814165186	 3.14377885224149	 2161.32533625285	 35.3489228279531	 704.616702953896	 0.0144694533762058	 0.0498392282958199	 0.0160771704180064	 0.0144694533762058	 0.00321543408360129	 0.165594855305466	 0	 0.0289389067524116	 0.707395498392283	 0	 3.07760239088998	 0.943831064597587
0.480314757861844	 2.95032325661384	 1665.36608120608	 37.110275927446	 484.734711123807	 0.738287560581583	 0	 0	 0	 0.0177705977382876	 0.101777059773829	 0	 0.0274636510500808	 0.11470113085622	 0	 2.30781983807992	 1.29039341952766
0.48462444006243	 2.94619895671972	 1598.87427485041	 36.7280412296552	 428.928887174375	 0.493610223642172	 0.00958466453674121	 0	 0	 0.110223642172524	 0.0718849840255591	 0	 0	 0.314696485623003	 0	 4.13100929772008	 1.18899445411877
0.491757589806242	 2.53571401000676	 1150.35377023635	 35.428803577389	 70.6831226787537	 0.420967741935484	 0.166129032258065	 0.067741935483871	 0	 0	 0	 0.0032258064516129	 0.333870967741935	 0	 0.00806451612903226	 0	 0.936566541656371
0.520230854287697	 3.70421569869533	 613.028581303916	 16.297520525416	 199.431179698828	 0.4944	 0.4656	 0	 0.032	 0.0032	 0	 0	 0	 0	 0.0048	 13.9610990742199	 0.792111200141907
0.487379334865671	 3.1548021684407	 2144.22991874076	 35.6897891667113	 706.387278497091	 0.248407643312102	 0.00477707006369427	 0.071656050955414	 0.035031847133758	 0.00636942675159236	 0.106687898089172	 0.00636942675159236	 0.0429936305732484	 0.477707006369427	 0	 5.10658723486995	 0.961183815530151
0.456311074178354	 3.00039043572546	 777.88209114825	 30.1239894476297	 31.4656432963781	 0.223762376237624	 0.120792079207921	 0	 0	 0.0752475247524752	 0	 0.0415841584158416	 0.433663366336634	 0	 0.104950495049505	 7.51578662134011	 0.85472648358968
0.483198217391485	 2.54918369293207	 973.404128313669	 34.0164499120726	 6.33403961652657	 0.73900293255132	 0.12316715542522	 0	 0	 0.06158357771261	 0	 0.032258064516129	 0.0410557184750733	 0	 0.00293255131964809	 0	 2.65593357864284
0.492528268745666	 2.53271900337506	 1152.65941597213	 35.4782499871844	 68.5004762004123	 0.326892109500805	 0.235104669887279	 0.193236714975845	 0	 0	 0	 0.00322061191626409	 0.233494363929147	 0	 0.00805152979066022	 0	 0.897731934000712
0.5196800644872	 3.64197412449247	 632.34766988849	 16.937441839699	 257.140515387414	 0.0958466453674121	 0.718849840255591	 0	 0.0910543130990415	 0.0942492012779553	 0	 0	 0	 0	 0	 13.8459605043699	 0.892585776103571
0.499276071918863	 2.73915911251455	 1273.09551542205	 35.0456939042159	 167.048528145702	 0.252836304700162	 0	 0	 0	 0.0875202593192869	 0.100486223662885	 0	 0.0194489465153971	 0.539708265802269	 0	 3.86626690033995	 0.803139151301917
0.461203051617329	 3.05043461855634	 787.024950347065	 30.802506214253	 5.97823371700102	 0.0160965794768612	 0	 0	 0	 0.0382293762575453	 0	 0.0181086519114688	 0.462776659959759	 0	 0.464788732394366	 7.44493922089009	 1.00711384338468
0.511891281895866	 3.58602763231253	 710.360235473075	 18.0717721892378	 460.003873401711	 0	 1	 0	 0	 0	 0	 0	 0	 0	 0	 14.5807832949702	 1.09268509084805
0.463194770862511	 3.07089972161163	 794.556508585472	 30.9002896075393	 5.66953501780041	 0.0427509293680297	 0	 0	 0.00185873605947955	 0.0520446096654275	 0	 0.0278810408921933	 0.297397769516729	 0	 0.578066914498141	 1.2136641459399	 0.990808351744743
0.486701884675749	 3.01099341587049	 2654.99511045051	 23.2436258240423	 305.187080870383	 0.00159235668789809	 0	 0.278662420382166	 0	 0.00796178343949045	 0.0461783439490446	 0	 0.0875796178343949	 0.192675159235669	 0.385350318471338	 0	 0.550407835822197
0.476134234858803	 2.8784143640947	 1663.32524039014	 36.938385776221	 487.915475392239	 0.586709886547812	 0	 0	 0	 0.241491085899514	 0.115072933549433	 0	 0.00648298217179903	 0.0502431118314425	 0	 2.59355969128001	 1.16859955107567
0.481203329781593	 2.52882853060325	 972.875082365204	 34.0078824869745	 6.51064682004477	 0.974025974025974	 0.0211038961038961	 0	 0	 0.00162337662337662	 0	 0	 0.00162337662337662	 0.00162337662337662	 0	 0	 2.71739047494802
0.489232015298704	 3.1255581262059	 1487.10912697513	 33.5061565327476	 504.73919311318	 0.603503184713376	 0.0509554140127389	 0	 0.00159235668789809	 0.0843949044585987	 0	 0	 0	 0.259554140127389	 0	 12.3779368788801	 1.17388425663019
0.47341293322593	 2.88886009684289	 1692.44122159687	 37.080962221566	 515.940021436927	 0.795161290322581	 0	 0	 0	 0.185483870967742	 0.00483870967741936	 0	 0.0145161290322581	 0	 0	 1.54702594071	 1.13203177702042
0.522750069889484	 3.70323962479609	 549.042946072014	 15.9644682742179	 429.820584858492	 0.608214849921011	 0.218009478672986	 0	 0	 0	 0	 0.164296998420221	 0	 0	 0.00947867298578199	 14.8622718518	 1.7622689149956
0.487008933457348	 2.92587563168629	 1565.7383679538	 36.211761574758	 380.810445408175	 0.709208400646204	 0.00969305331179321	 0	 0.00646203554119548	 0.177705977382876	 0	 0	 0	 0.0969305331179321	 0	 2.14943720163001	 1.40340784139125
0.487379334865671	 3.1548021684407	 2144.22991874076	 35.6897891667113	 706.387278497091	 0.248407643312102	 0.00477707006369427	 0.071656050955414	 0.035031847133758	 0.00636942675159236	 0.106687898089172	 0.00636942675159236	 0.0429936305732484	 0.477707006369427	 0	 5.10658723486995	 0.961183815530151
0.491437701434338	 2.53049659232418	 1146.97746733794	 35.4117675107269	 68.9982377585925	 0.327390599675851	 0.147487844408428	 0.0907617504051864	 0	 0	 0	 0.00324149108589951	 0.423014586709887	 0	 0.00810372771474878	 0	 0.919275489483312
0.476489647499391	 2.90605659341439	 1681.31906437528	 37.0013895084238	 516.476244521916	 0.821717990275527	 0	 0	 0	 0.126418152350081	 0.0437601296596434	 0	 0.00810372771474878	 0	 0	 2.24480895825013	 1.20031540455656
0.474046919113977	 2.54734961480438	 965.391874541733	 34.343714066665	 35.288247112739	 0.733218588640275	 0.0602409638554217	 0	 0.0963855421686747	 0.0567986230636833	 0	 0.00516351118760757	 0.0309810671256454	 0	 0.0172117039586919	 0	 2.59617024770082
0.477490342022764	 2.92968362364528	 1685.3299142993	 37.1575771202409	 514.067447661538	 0.775444264943457	 0	 0	 0	 0.024232633279483	 0.193861066235864	 0	 0.00646203554119548	 0	 0	 2.32132992041011	 1.22621213542433
0.528565758866307	 3.16771764628631	 711.297947426427	 19.549104829563	 95.7258228357971	 0.297124600638978	 0.630990415335463	 0	 0.0175718849840256	 0	 0	 0	 0.00319488817891374	 0.0511182108626198	 0	 14.2903026055101	 0.998174039890972
0.475134175174878	 2.54018882225757	 968.664206091992	 34.1455156519066	 28.9561072372218	 0.736842105263158	 0.0220713073005093	 0	 0.110356536502547	 0.110356536502547	 0	 0	 0.00848896434634975	 0	 0.0118845500848896	 0	 2.69481237321183
0.482401670228019	 3.05420057415633	 1907.94897770764	 37.7433422880987	 614.959630401724	 0.610932475884244	 0.00160771704180064	 0	 0	 0	 0.340836012861736	 0	 0	 0.0466237942122186	 0	 0	 0.861127188926341
0.521287305574274	 3.76154147700454	 577.27949846914	 15.8184830729685	 253.333841176199	 0	 0.556089743589744	 0	 0.443910256410256	 0	 0	 0	 0	 0	 0	 13.1066482968201	 0.977781860492168
0.49184002325278	 2.59588157557127	 1298.47779426206	 34.6846037522645	 97.7293292399066	 0.122778675282714	 0.0646203554119548	 0	 0	 0.143780290791599	 0.179321486268174	 0	 0	 0.489499192245557	 0	 0	 0.989138162097561
0.487379334865671	 3.1548021684407	 2144.22991874076	 35.6897891667113	 706.387278497091	 0.248407643312102	 0.00477707006369427	 0.071656050955414	 0.035031847133758	 0.00636942675159236	 0.106687898089172	 0.00636942675159236	 0.0429936305732484	 0.477707006369427	 0	 6.77609094023001	 1.00259461277609
0.473517032556884	 2.90570243302597	 1707.03763155404	 37.1361148162549	 540.545320989897	 0.835748792270531	 0	 0	 0	 0.109500805152979	 0.0386473429951691	 0	 0.0161030595813204	 0	 0	 5.48458768274008	 1.19629304017422
0.523215723440378	 3.76513843753105	 568.987164863238	 15.7949865469116	 225.798535003356	 0.00159235668789809	 0.906050955414013	 0	 0.0923566878980892	 0	 0	 0	 0	 0	 0	 12.4982358232401	 0.910212130493419
0.479253027440644	 2.99572957802685	 1577.07136973416	 36.1207554525628	 490.801964717424	 0	 0.325242718446602	 0.0744336569579288	 0	 0	 0.00323624595469256	 0	 0	 0.597087378640777	 0	 0.0159961064000527	 0.59829793605218
0.487081235516831	 2.91519293534626	 1556.04956728353	 36.2664617158506	 376.258815394	 0.670454545454545	 0.012987012987013	 0	 0.025974025974026	 0.180194805194805	 0	 0	 0	 0.11038961038961	 0	 2.30733214025986	 1.51455076793572
0.489232015298704	 3.1255581262059	 1487.10912697513	 33.5061565327476	 504.73919311318	 0.603503184713376	 0.0509554140127389	 0	 0.00159235668789809	 0.0843949044585987	 0	 0	 0	 0.259554140127389	 0	 12.3779368788801	 1.17388425663019
0.49432068000419	 2.5467982736199	 1165.87612621481	 35.5451179914507	 54.6341099818874	 0.298701298701299	 0.180194805194805	 0.301948051948052	 0	 0.00649350649350649	 0	 0	 0.211038961038961	 0	 0.00162337662337662	 0	 0.554862561405866
0.493338081893642	 2.49389351896198	 1123.85498734544	 35.5024466875929	 12.8566829783354	 0.0105263157894737	 0	 0	 0	 0.00789473684210526	 0	 0.00526315789473684	 0.905263157894737	 0	 0.0710526315789474	 0	 0.761313736318094
0.501306382435217	 2.85689753804541	 2521.99817804402	 23.4142381687074	 174.368208530731	 0.0841269841269841	 0.0412698412698413	 0	 0	 0.26031746031746	 0.39047619047619	 0	 0.106349206349206	 0.0936507936507937	 0.0238095238095238	 0	 0.8200241176855
0.49428620210126	 2.54461044495265	 1163.96739438644	 35.5444853590989	 55.1515692721593	 0.239095315024233	 0.182552504038772	 0.353796445880452	 0	 0.00646203554119548	 0	 0	 0.216478190630048	 0	 0.00161550888529887	 0	 0.546222053600629
0.49451538592218	 2.54890204621281	 1167.54089810962	 35.5538727828677	 52.7705025060971	 0.342443729903537	 0.209003215434084	 0.231511254019293	 0	 0.00643086816720257	 0	 0	 0.209003215434084	 0	 0.00160771704180064	 0	 0.529689457782595
0.485054089356005	 2.5731219007931	 1114.16759039914	 35.3466845420598	 61.0407406719351	 0.291056910569106	 0.0894308943089431	 0	 0	 0.0373983739837398	 0	 0	 0.580487804878049	 0	 0.0016260162601626	 0	 1.16213038374738
0.522399156106649	 3.67215132073983	 678.237158596367	 17.2580230737347	 497.991644755986	 0.549606299212598	 0.447244094488189	 0	 0	 0	 0	 0	 0	 0	 0.0031496062992126	 8.52330604280996	 1.7320557736975
0.476303884953318	 2.54464445275956	 963.65898646497	 34.055482765232	 23.447818016942	 0.766505636070853	 0.0322061191626409	 0	 0.0837359098228663	 0.0966183574879227	 0	 0	 0.00966183574879227	 0.00966183574879227	 0.00161030595813205	 0	 2.79033133033004
0.494293265854161	 2.54425908942986	 1163.57078384418	 35.5455423682227	 54.8154805522636	 0.233870967741935	 0.179032258064516	 0.356451612903226	 0	 0.00645161290322581	 0	 0	 0.22258064516129	 0	 0.00161290322580645	 0	 0.549899767579571
0.485618423622006	 2.56265810049333	 1111.32177996551	 35.398803238989	 57.6452153920743	 0.180064308681672	 0.0819935691318328	 0	 0	 0.0305466237942122	 0	 0	 0.705787781350482	 0	 0.00160771704180064	 0	 1.14157877455187
0.494524306761187	 2.54889439273013	 1167.53555082153	 35.5542358652983	 52.7354990702302	 0.340255591054313	 0.210862619808307	 0.233226837060703	 0	 0.00638977635782748	 0	 0	 0.207667731629393	 0	 0.00159744408945687	 0	 0.529525374928221
0.475676883718213	 2.52115574966704	 985.327101756881	 34.1225276545888	 33.1285193797471	 0.49185667752443	 0.247557003257329	 0	 0	 0.237785016286645	 0	 0	 0.0179153094462541	 0.00162866449511401	 0.00325732899022801	 0	 2.56772842391694
0.483060221085134	 2.52437924766381	 985.483644198195	 34.002479251466	 11.2799837531784	 0.591639871382637	 0.0852090032154341	 0	 0	 0.159163987138264	 0	 0	 0	 0.163987138263666	 0	 0	 2.22931858465986
0.478820314867605	 2.95728510370179	 1680.45373516137	 37.2024154456189	 493.309775216718	 0.462157809983897	 0	 0	 0.00161030595813205	 0.00483091787439614	 0.307568438003221	 0	 0.0515297906602254	 0.172302737520129	 0	 2.2237883938501	 1.2691133024228
0.489232015298704	 3.1255581262059	 1487.10912697513	 33.5061565327476	 504.73919311318	 0.603503184713376	 0.0509554140127389	 0	 0.00159235668789809	 0.0843949044585987	 0	 0	 0	 0.259554140127389	 0	 12.3779368788801	 1.17388425663019
0.482562288217866	 3.0804261848704	 2129.72697768058	 35.9390423897537	 670.302067170797	 0.264423076923077	 0	 0.0993589743589744	 0	 0	 0.0657051282051282	 0.0016025641025641	 0	 0.568910256410256	 0	 0.0491123983399575	 0.789148446363516
0.521387773034988	 3.75351291579661	 573.962634342339	 15.811700708217	 241.867521174169	 0	 0.58664546899841	 0	 0.41335453100159	 0	 0	 0	 0	 0	 0	 13.0838713456299	 0.979831746632799
0.476134234858803	 2.8784143640947	 1663.32524039014	 36.938385776221	 487.915475392239	 0.586709886547812	 0	 0	 0	 0.241491085899514	 0.115072933549433	 0	 0.00648298217179903	 0.0502431118314425	 0	 2.37712133512014	 1.16859955107567
0.473416963381093	 2.88908850838875	 1692.93647015316	 37.0830775339403	 516.646759884506	 0.796116504854369	 0	 0	 0	 0.184466019417476	 0.00485436893203883	 0	 0.0145631067961165	 0	 0	 2.06353706482992	 1.13155625495324
0.489232015298704	 3.1255581262059	 1487.10912697513	 33.5061565327476	 504.73919311318	 0.603503184713376	 0.0509554140127389	 0	 0.00159235668789809	 0.0843949044585987	 0	 0	 0	 0.259554140127389	 0	 12.3779368788801	 1.17388425663019
0.494397985254252	 2.54676012473701	 1165.5629399932	 35.5521900099816	 53.1543564646825	 0.297906602254428	 0.181964573268921	 0.289855072463768	 0	 0.00644122383252818	 0	 0	 0.222222222222222	 0	 0.00161030595813205	 0	 0.519978735805902
0.482607289545387	 2.52307661582987	 979.362545899299	 33.9970323295564	 8.33412247971382	 0.863636363636364	 0.00324675324675325	 0	 0	 0.0470779220779221	 0	 0	 0	 0.086038961038961	 0	 0	 2.50148835197672
0.490321391500703	 2.95485303473983	 1202.65723300278	 36.0757184916871	 104.579665000327	 0.825040128410915	 0.00802568218298555	 0	 0	 0.014446227929374	 0	 0	 0.00160513643659711	 0.149277688603531	 0.00160513643659711	 1.25747259638001	 1.22303861216978
0.483176871906736	 2.53655039171056	 1005.81406470805	 34.0033658891873	 20.3903073693372	 0.0699186991869919	 0.500813008130081	 0	 0	 0.141463414634146	 0	 0	 0	 0.28780487804878	 0	 0	 2.02417298080475
0.491843541156891	 3.1013902241573	 1924.34464942317	 38.1364284782399	 623.871404133725	 0.523349436392915	 0.0869565217391304	 0.19645732689211	 0.0595813204508857	 0	 0.0161030595813204	 0.0112721417069243	 0	 0.106280193236715	 0	 0	 0.922350038076944
0.491023951758184	 2.53706724686601	 1147.09590876955	 35.385407846789	 72.9937077555516	 0.308441558441558	 0.186688311688312	 0.038961038961039	 0	 0	 0	 0.00162337662337662	 0.457792207792208	 0	 0.00649350649350649	 0	 0.949216693252712
0.474434298558797	 2.5485984971528	 968.062462649164	 34.2400584813143	 35.8536725936877	 0.737190082644628	 0.0760330578512397	 0	 0.100826446280992	 0.0578512396694215	 0	 0	 0.0148760330578512	 0.0115702479338843	 0.00165289256198347	 0	 2.68826711450527
0.519490555470057	 3.6348779520737	 634.14447879173	 17.03361211007	 262.620834493359	 0.0850722311396469	 0.712680577849117	 0	 0.0979133226324237	 0.104333868378812	 0	 0	 0	 0	 0	 13.85047783798	 0.898012853261938
0.478791643060084	 2.55066271133567	 949.939585655198	 34.3899319391915	 12.3997880348378	 0.29746835443038	 0.286919831223629	 0	 0.0189873417721519	 0.259493670886076	 0	 0	 0.128691983122363	 0.00210970464135021	 0.00632911392405063	 0	 2.70586691311428
0.461938031699051	 3.05841619459485	 790.325857768473	 30.8821126470167	 5.88186318213347	 0.00236406619385343	 0	 0	 0.00709219858156028	 0.0449172576832151	 0	 0.0212765957446809	 0.477541371158392	 0	 0.446808510638298	 0	 0.856499336707977
0.524780679032481	 3.80410741179985	 557.384276856133	 15.464564461552	 218.655867489896	 0.364649681528662	 0.554140127388535	 0	 0.0796178343949045	 0	 0	 0.00159235668789809	 0	 0	 0	 12.9981062925599	 0.923884685726682
0.489232015298704	 3.1255581262059	 1487.10912697513	 33.5061565327476	 504.73919311318	 0.603503184713376	 0.0509554140127389	 0	 0.00159235668789809	 0.0843949044585987	 0	 0	 0	 0.259554140127389	 0	 12.3779368788801	 1.17388425663019
0.505124394869818	 2.93800670886481	 2752.24800863777	 23.2587454796196	 287.24335887954	 0.0620031796502385	 0	 0.00635930047694754	 0	 0.685214626391097	 0.0127186009538951	 0	 0.233704292527822	 0	 0	 0	 0.802598466080967
0.49451538592218	 2.54890204621281	 1167.54089810962	 35.5538727828677	 52.7705025060971	 0.342443729903537	 0.209003215434084	 0.231511254019293	 0	 0.00643086816720257	 0	 0	 0.209003215434084	 0	 0.00160771704180064	 0	 0.529689457782595
0.494292301189154	 2.54468913053255	 1163.97681345196	 35.544859653715	 54.8297005410884	 0.24512987012987	 0.178571428571429	 0.352272727272727	 0	 0.00649350649350649	 0	 0	 0.215909090909091	 0	 0.00162337662337662	 0	 0.546995189814986
0.487379334865671	 3.1548021684407	 2144.22991874076	 35.6897891667113	 706.387278497091	 0.248407643312102	 0.00477707006369427	 0.071656050955414	 0.035031847133758	 0.00636942675159236	 0.106687898089172	 0.00636942675159236	 0.0429936305732484	 0.477707006369427	 0	 6.27198135118988	 0.982164109113869
0.523486232410116	 3.78452970539275	 565.459883451163	 15.7052702410078	 207.527851027183	 0.476947535771065	 0.416534181240064	 0	 0.101748807631161	 0	 0	 0.00476947535771065	 0	 0	 0	 13.59342630985	 1.01727653345736
0.489232015298704	 3.1255581262059	 1487.10912697513	 33.5061565327476	 504.73919311318	 0.603503184713376	 0.0509554140127389	 0	 0.00159235668789809	 0.0843949044585987	 0	 0	 0	 0.259554140127389	 0	 12.3779368788801	 1.17388425663019
0.477763275942543	 2.52183767763315	 976.687735004858	 34.0074542330731	 17.6685559923413	 0.673701298701299	 0.136363636363636	 0	 0	 0.185064935064935	 0	 0	 0	 0.00162337662337662	 0.00324675324675325	 0	 2.58551407015169
0.486140389940799	 2.94893386326693	 1584.14967758906	 36.6057103005606	 414.330671923349	 0.703703703703704	 0.00966183574879227	 0	 0	 0.0692431561996779	 0.00644122383252818	 0	 0	 0.210950080515298	 0	 2.79823455872997	 1.19725910572998
0.494550575906572	 2.59770735659087	 1245.7680724907	 34.4466105108807	 47.2739599119446	 0.445705024311183	 0	 0	 0	 0.371150729335494	 0.0972447325769854	 0	 0	 0.0858995137763371	 0	 0	 0.948661460965341
0.503597370145652	 3.13122916114313	 747.864202822877	 14.2396244445703	 453.911180988305	 0.182965299684543	 0.613564668769716	 0	 0	 0	 0	 0	 0.0536277602523659	 0.149842271293375	 0	 14.4695517851101	 1.25209522454144
0.493521442101347	 2.49116195052608	 1119.4146532946	 35.3912660874149	 12.7278068827365	 0.00860215053763441	 0	 0	 0	 0.00860215053763441	 0	 0.00645161290322581	 0.913978494623656	 0	 0.0623655913978495	 0	 0.781117484530782
0.473517032556884	 2.90570243302597	 1707.03763155404	 37.1361148162549	 540.545320989897	 0.835748792270531	 0	 0	 0	 0.109500805152979	 0.0386473429951691	 0	 0.0161030595813204	 0	 0	 5.48458768274008	 1.19629304017422
0.478141683539801	 2.99431589314854	 1589.71346862711	 36.2018585115092	 506.599668551357	 0	 0.213483146067416	 0.0208667736757624	 0	 0.00160513643659711	 0	 0	 0.00642054574638844	 0.757624398073836	 0	 1.1379726801099	 0.629392561426515
0.519952042241367	 2.84567786648736	 716.931276403898	 17.9306742208515	 52.4377322026722	 0.048828125	 0.822265625	 0	 0	 0	 0	 0.017578125	 0.111328125	 0	 0	 5.12030542605999	 0.746030229453252
