Long	Lat
303772.922222421	5462354.31664308
300133.285288878	5457633.0015746
398432.933293831	5402798.14409632
300396.577495178	5457600.60230813
385593.11617751	5330108.58067218
305190.229243539	5489481.25514114
515430.28309994	5366773.09174538
539114.383976394	5365359.49880539
466688.478758289	5444451.20560784
381982.215838678	5437557.94610649
541897.897997197	5366709.43985188
310595.137313981	5484899.37506534
541682.964648873	5366484.8844091
306645.515781643	5491982.1235888
379142.311527658	5428337.17224345
308990.485482549	5489974.70106221
307422.132355032	5495685.74923918
306458.231958453	5493961.00793305
329349.761710394	5456240.8526266
432524.187242467	5424141.78314516
381893.809447372	5439106.42816856
306466.010892451	5491968.19015882
382218.474904295	5438914.24801269
304621.049885511	5462116.19261683
383024.277043533	5431643.00425289
566963.175785156	5303330.31338136
379275.445494339	5442708.41989153
383599.533925848	5438746.88924924
388323.499584127	5335962.59558901
466964.860496452	5444163.12494604
464499.915276729	5444157.94860359
426731.505564608	5414912.78004803
380380.4098313	5419803.33595195
308999.678831099	5489985.33869454
401494.985875212	5448889.21816582
304612.591753306	5462146.13693975
385958.230044013	5325942.10753189
467178.570769869	5444637.9248688
340619.303165592	5442347.74492332
376030.069062868	5421683.36233277
306851.413083753	5493674.79255253
307433.045984743	5490614.66941994
607729.609275855	5342491.09423261
540054.977797622	5364764.47400047
379943.120318567	5330774.78659699
566505.654077316	5254492.24694715
306934.043255016	5493603.53950765
505557.75911708	5460138.82686863
306581.9919241	5433157.3259806
563143.769390091	5252355.41531357
426755.650567597	5414934.12912953
311233.69247178	5480828.56700376
302496.621421887	5465622.55384471
600992.570461411	5351783.74959475
408294.756561624	5440249.34278446
307825.905500889	5497667.0235735
309145.118320128	5489097.38753192
447494.963016896	5398412.17229557
325202.123074479	5471388.09260213
607206.432004146	5335860.13900805
401652.337757021	5400689.91753896
300023.326721938	5456344.14097766
405165.830758303	5432510.68961143
305403.82454356	5489773.03866086
512294.152398489	5369244.75818217
304589.972366016	5462148.43831518
306831.621133877	5493655.07253486
573929.553643629	5237046.89173565
428297.490134761	5413577.24595805
381581.22245793	5439191.35832996
598669.017488817	5355825.28751657
385207.050056279	5438289.9410542
514072.455950052	5367345.17463978
398448.026705261	5402824.8090856
300143.477412565	5457667.77373123
381811.709930139	5441636.44919877
300369.367971798	5457641.2118564
608578.016676631	5335356.04812487
379327.239808684	5442144.45480359
383183.869186839	5442222.41543153
309902.893349817	5486406.80854523
305785.547209483	5445584.39734945
513968.096647913	5367407.86513449
307515.705867238	5495343.09102842
313415.613473792	5453587.15299783
367990.463614466	5462055.94473805
467275.091714127	5442705.95710787
308915.734827852	5491313.91803339
308904.845895374	5491296.85144464
396434.210707234	5418878.36617566
398455.645486161	5402837.44179319
315116.875085037	5454437.28698254
403538.362497654	5425799.05912502
307536.006771108	5494948.44233463
328687.352487614	5457408.59419472
351717.561763056	5416816.2750996
444360.273760565	5399109.03030411
345322.993814684	5391286.31516768
306759.244817739	5491964.20891622
467879.90886171	5444697.69252813
329196.627982171	5459758.98255826
306898.176271953	5494021.86883535
385899.132967401	5323981.98946391
607747.058308912	5341126.6169134
380797.886927057	5405827.88789532
601673.431682505	5470675.87899648
385733.030418364	5322969.47807632
381975.47769624	5440516.61340483
428259.453788156	5410932.23803114
304147.064819863	5461953.99798797
540786.310279163	5364644.33560971
384787.934563249	5437441.43067674
538463.083142687	5366417.89007275
511504.725582069	5371727.46467654
303828.329092003	5459005.77427361
382090.187241079	5436529.90608338
303665.215961151	5460532.36172912
426728.319314931	5414908.00533671
307829.681973603	5497537.78136877
382867.365926631	5438952.28378732
379304.916333539	5442164.50045041
384795.235746257	5437430.75784014
307846.262751849	5496833.92210835
390834.126095107	5458827.49291771
597929.034318093	5352998.08578735
368464.72437319	5370567.60002887
376161.853230581	5420868.41662582
424583.847560389	5413644.02402271
379010.34589085	5445852.46981301
304331.836167401	5456351.4834055
304622.460422333	5461862.87562934
303848.352709228	5458909.47504427
470138.243466197	5445690.39997775
604220.445232756	5337353.92174814
426733.821969906	5414936.42767853
463883.981239403	5443571.20743163
380107.152566392	5440801.93032477
310311.899735816	5492332.44476382
300880.201867567	5465393.32023858
466676.82246617	5444447.92205387
600774.474890331	5352050.86732816
561234.48219502	5254014.23769508
597660.740363589	5472492.62903953
384338.513253247	5432245.55818816
600678.567808786	5351881.98380191
308178.069540961	5493164.5391439
382243.488360053	5438914.77538354
310868.385407021	5485121.55456469
332552.312878545	5459202.5081941
304084.752492594	5457043.87286356
313034.385081595	5453389.96938263
407245.044897962	5426548.43279154
492099.577611173	5175063.0676921
320866.078862216	5486766.2167043
306301.629878836	5440848.69662296
427242.994218981	5415755.89951996
380162.049253382	5440394.37392807
441313.665684119	5420917.71111903
385869.887987006	5317476.4210383
389696.646783575	5454661.12086177
306027.076857701	5493170.62293898
304623.40362536	5462139.84167185
303686.819360368	5460549.14111275
385930.188599121	5438873.8093174
386379.045854246	5395105.76506824
307236.595546832	5493442.2332861
305771.316311935	5458284.18381372
605374.669493059	5359040.18113255
464095.57155674	5443239.37848003
309572.881430795	5488126.38484417
514449.737521125	5367306.95073456
383434.35727831	5451260.61546354
401131.104405152	5401689.6223416
398437.131349303	5402826.42558931
303646.099594081	5465155.56077475
330446.804357052	5465047.91263179
310227.726754965	5474161.17317779
305713.21814974	5458361.37269276
464384.782750547	5444145.49745242
607475.928636143	5340558.42870191
533672.287617341	5313275.49970727
307405.178339574	5490578.59654619
381949.903965782	5436902.2394598
301068.616745986	5465904.19341765
382270.58475687	5438222.75766097
304839.701189181	5439942.69742452
373842.971093601	5450230.73627176
307684.661672767	5496314.36983781
304344.664173232	5456335.4119782
303754.447265433	5461068.30078201
513664.636076061	5368517.5379155
378425.862463916	5441260.52369773
303679.859593809	5460533.22897395
398449.556545082	5402835.15026489
382826.921116959	5440795.52615053
505319.008779151	5293774.75420137
300383.823939107	5457413.49355697
425746.884880384	5410024.71866062
426753.339210579	5414926.26694114
380095.421665259	5440805.85129891
333324.222160179	5462557.11243725
318389.355733166	5485749.15151447
307694.265344637	5496293.90951394
315733.763457194	5483204.92587516
380024.971990721	5429910.62962696
327092.88441148	5477428.27884733
307091.092975939	5493679.54314242
467164.888603568	5444614.28708149
574154.474486722	5248848.56652976
305789.530989246	5445597.5229692
306067.193592496	5493094.12843488
426748.364826113	5414936.05951474
381899.988475218	5439102.31418079
389129.482002176	5459516.61158761
598883.479209058	5350460.58725916
383404.264574271	5451245.35364146
375979.17807175	5447251.32534298
512176.883358993	5369250.63823706
307510.92026199	5498169.62568323
597244.769710505	5342446.09901039
567293.602254402	5255750.91360287
391603.220910134	5339658.49448023
599139.149846597	5351429.7772036
383478.413740147	5437540.29366403
381817.380283238	5441599.253648
471415.055958398	5444095.61409091
514848.945806039	5367052.0873576
315765.012503641	5483211.89995553
303875.443607185	5460199.07191308
404599.838029768	5430975.83277368
561489.76122715	5252449.58302542
299975.960015466	5457658.3696365
315599.990607318	5485558.32018411
314381.634894552	5454067.01189214
316504.884981502	5483284.57024596
309916.00225622	5486812.18504599
363237.225483535	5460537.48907294
470147.929300098	5445669.2486926
308939.411315475	5492949.47000049
519890.021135829	5389260.43108491
308882.373778902	5491308.57183112
376076.246947762	5420615.18992513
605232.804101439	5348426.24016795
385189.709694365	5438287.45500532
512203.646574728	5369249.27368155
434587.850389976	5427880.03651301
308563.070938144	5492319.03146222
605821.561357787	5333141.25483641
305783.110465331	5445588.60927391
307681.103237243	5496306.96338953
304643.910600388	5461865.71544612
300004.530761791	5457711.23167529
398449.472241987	5402801.57744353
432464.584249176	5423964.87686028
512832.494435119	5367069.62296007
465739.91572725	5444287.77795248
304606.371896558	5462130.37077951
303645.078298137	5465151.11260745
300398.55907975	5457430.76902505
312108.051385185	5476660.55432058
380153.128625736	5440389.92261605
300406.565865066	5457623.64910966
399728.06562414	5401702.80423188
383457.890901623	5437532.55596876
385919.856121816	5438150.86009839
303829.847682865	5460542.68158067
513214.062176568	5368842.77452323
398435.273261683	5402837.405898
468440.220924458	5445870.56744327
310280.638079474	5492360.39101545
303805.648135005	5459811.54157322
512786.224017432	5366806.93453293
350940.827132557	5465538.87216606
464657.405087858	5444190.00531836
547284.425304011	5367424.78638008
463884.124924969	5443372.46433896
386006.412310448	5328458.16869249
379293.132016763	5442175.80167593
308847.990546558	5490783.35473116
426722.103173498	5414938.70310893
378864.303558048	5441370.36658936
532575.694439031	5314388.36308594
384117.726340236	5441015.83089896
398453.67204706	5402802.96095335
303571.375544181	5460555.87985987
381304.54441133	5440445.88918472
305683.918662209	5494920.22034707
381875.097244969	5439109.51992055
598479.153774979	5356795.83298357
306318.95799429	5493211.30589215
381900.978666302	5419332.98420036
542242.256870879	5366274.93446195
329167.490879966	5460182.96167045
398420.391307099	5402822.37372428
380161.005180025	5440396.81829803
539865.697379962	5367534.66134176
406532.695427403	5426194.33342631
383796.022913186	5442523.05281366
426760.212173469	5414906.65961578
304284.596699394	5456709.0474842
300086.50497522	5456343.98262171
378658.633983318	5332155.11340295
304150.296376549	5456892.22231597
304367.687056329	5456351.50743727
303515.502090249	5465133.42064039
503620.349379836	5302842.20148541
306694.874096822	5493614.00233353
304139.944652399	5456891.81017979
303204.530813226	5464927.33629851
304344.25971365	5456329.20563991
306739.707822284	5490688.76829969
309065.719507303	5489230.88752643
382680.116356807	5437011.92715094
426733.054575117	5414909.61651749
382607.869092494	5405003.92848991
541901.22673043	5366793.15551924
379294.057954589	5442175.34001497
378900.559259376	5441349.1404874
426726.629639136	5414931.17780009
304232.47268641	5456549.92773883
308975.298076343	5489828.54005085
394509.591967864	5456861.86524264
309542.956504678	5487922.91584252
386389.148364447	5412234.71659757
303692.368168905	5461099.58245762
306077.624459757	5494335.84393859
512748.469278647	5366566.07247829
307801.67200374	5497666.82175878
464120.823774135	5444132.84924834
539617.113928065	5365387.74956265
426753.788516836	5414932.13437839
380637.147824958	5336765.64436977
304359.817480244	5456347.95132191
304128.349238649	5456855.02994411
398456.385874039	5402809.83128809
538362.551709553	5368245.61425782
426748.689723376	5414940.46519798
307405.671475599	5490576.43318368
385931.233870931	5438886.7664403
326504.100389646	5462333.32949182
563368.935741896	5302197.16667399
300379.255965989	5457628.12100754
380163.90361844	5440406.03149412
407034.832065515	5425675.72316106
607723.623325126	5335494.57899395
