X	Y
144.668242157983	-40.9662869958846
144.623495758005	-41.0078506110996
145.782773800614	-41.5198396419581
144.626358170801	-41.008269908638
145.615041072546	-42.1729569485696
144.693300908658	-40.7225733364743
147.185747332527	-41.8509566183197
147.471231629334	-41.8628848400907
146.602787608274	-41.150705070928
145.592240354351	-41.20485856931
147.504556517641	-41.8503408338895
144.755891588496	-40.7649725148312
147.502079179329	-41.8524232685708
144.711448199404	-40.700532824292
145.556611481577	-41.2874213193202
144.738628537741	-40.7188948220048
144.721631616721	-40.6673970330195
144.709609665668	-40.6826882586663
144.970087550633	-41.0270258688964
146.193421463579	-41.3312791044622
145.591459634987	-41.1906531017007
144.709414794434	-40.7004654529544
145.595524347165	-41.1923961747313
144.67817505339	-40.9686943401536
145.603448023243	-41.2582835367649
147.813936348405	-42.4194334069729
145.560943336818	-41.1580646592056
145.611896129652	-41.1941259871756
145.649091193525	-42.1203796456626
146.606513911626	-41.1533481877143
146.577030343003	-41.1530995721876
146.123431723949	-41.413897724795
145.569924492563	-41.3645644256656
144.738628537741	-40.7188948220048
145.826774723011	-41.1051592328559
144.677968564897	-40.9684830128374
145.618208156023	-42.2104335209235
146.608911190815	-41.1490415325091
145.100305966591	-41.154701781169
145.51829782802	-41.3466712114961
144.714229308956	-40.6853110055327
144.720118404988	-40.7128287202609
148.302263615179	-42.0623472522971
147.48255917526	-41.8679086576331
145.546786988123	-42.1658082481643
147.814011182052	-42.8593646248475
144.715095872487	-40.6859226719104
147.066287057662	-41.0100065441481
144.692135096751	-41.2298828163191
147.772977919546	-42.8787941421613
146.123431723949	-41.413897724795
144.762229448836	-40.8020356375155
144.653884705404	-40.9365148768743
148.218918396705	-41.9795841983122
145.906629414484	-41.1837810982139
144.726860839268	-40.6496198856044
144.740282262961	-40.7270520946181
146.37030679505	-41.5643610968661
144.924906129695	-40.8899740704535
148.297192234381	-42.1219182199998
145.821190984874	-41.5393080723238
144.621405144618	-41.0196878662781
145.86790854241	-41.2533064176158
144.695787756429	-40.7201549545448
147.148266367864	-41.8284217699707
144.677928010764	-40.9682840363793
144.714229308956	-40.6853110055327
147.907362838552	-43.0157299076922
146.142032981756	-41.426089914758
145.588095805656	-41.1901525189805
148.190408653194	-41.9433349497874
145.630908297753	-41.1985241197885
147.169746994926	-41.8454961761219
145.782773800614	-41.5198396419581
144.623518873998	-41.0078691022212
145.591333231742	-41.1681776178758
144.626291082256	-41.0081514335383
148.313510903838	-42.1265598873043
145.561397194508	-41.1629254271328
145.607738995537	-41.1629455323545
144.748044257519	-40.7514253096542
144.686690682484	-41.117897866929
147.168421249082	-41.8452189136288
144.722781478536	-40.6704553139086
144.779874696452	-41.0476207495793
145.430903316656	-40.9818338322278
146.609678224779	-41.1663934715286
144.738028006132	-40.7069119107992
144.737784724228	-40.7071053092421
145.761408048981	-41.374927671562
145.782773800614	-41.5198396419581
144.800350010612	-41.0401412265154
145.847416087663	-41.3136158336145
144.722719254049	-40.6740211227481
144.962704875613	-41.0164920030955
145.226394314217	-41.3866047782827
146.332548313006	-41.5577529427987
145.143347385615	-41.6150686069228
144.712629103127	-40.700610286015
146.617387061936	-41.1485745581445
144.969425573862	-40.9955332511134
144.714760207716	-40.682240905696
145.61757280635	-42.2278976276476
148.302606232565	-42.0743758041636
145.572238481574	-41.4904329603391
148.207432829742	-40.9087208018573
145.615056560096	-42.2371254805551
145.592719273408	-41.1780488784198
146.141202528415	-41.4500524737555
144.672399740193	-40.9700460034581
147.491425139	-41.8691320203724
145.625761586363	-41.2062543617883
147.46324588813	-41.8532349553512
147.138500196869	-41.8061777813867
144.667550020184	-40.9967173612779
145.593484852748	-41.2141335364597
144.666324095695	-40.9826052766082
146.123431723949	-41.413897724795
144.727176591061	-40.6507700820501
145.603395647716	-41.1923477913088
145.561397194508	-41.1629254271328
145.625761586363	-41.2062543617883
144.727228191126	-40.6569143475259
145.701882129858	-41.0145520576736
148.182101143391	-41.9690353616998
145.416386162188	-41.8058194875002
145.519397535891	-41.3540533394878
146.097346039564	-41.4252165346613
145.558372151717	-41.1296314600492
144.673018520148	-41.0207059743897
144.67815487407	-40.9709637569965
144.667922379731	-40.9972833448282
146.6442009805	-41.1396975501535
148.260671045724	-42.1091671928689
146.123431723949	-41.413897724795
146.569332906866	-41.1583226914908
145.570698826471	-41.1753276052451
144.754813930968	-40.6980609568749
144.634802928403	-40.9383586334268
146.602787608274	-41.150705070928
148.216551776049	-41.9770064311534
147.74966854698	-42.863973443046
148.159207604754	-40.8927218131433
145.619485423809	-41.2528743226113
148.215039984374	-41.9787516887909
144.729699375985	-40.6900571772334
145.595524347165	-41.1923961747313
144.759083113021	-40.7630709086163
145.008878637057	-41.001229892215
144.670248346492	-41.0142729111401
144.775396116644	-41.0491826656326
145.891897225205	-41.3070988699333
146.9019085964	-43.5773729384302
144.878014716109	-40.7507275634674
144.691256183522	-41.1605747108281
146.129727013558	-41.4066134413757
145.571276441481	-41.1789197910907
146.298346077861	-41.3612413185091
145.615525682531	-42.2866010994112
145.687596154931	-41.0518359163234
144.704257737245	-40.6896889308576
144.677968564897	-40.9684830128374
144.666324095695	-40.9826052766082
145.639769882302	-41.1933056570238
145.636633436045	-41.5876982631111
144.718947450406	-40.6874851336633
144.690344799212	-41.0033915503698
148.270415727743	-41.9135754669194
146.572138933363	-41.161206686053
144.744686020647	-40.7358396167962
147.17425355536	-41.8460478558035
145.612065367691	-41.0815592709935
145.814714641464	-41.5302613520809
145.782773800614	-41.5198396419581
144.667381156282	-40.9411393498044
144.985772050435	-40.9482786053474
144.748347185741	-40.861647173581
144.690025711701	-41.0026555696517
146.575645858701	-41.1534097589301
148.299211222225	-42.0798000654807
147.408674037549	-42.3318852875693
144.720033909019	-40.7132233855212
145.59187733321	-41.2106639992289
144.636896791065	-40.9339339955827
145.59590360011	-41.1986430450776
144.673620835147	-41.1682269001661
145.497818287941	-41.0893591160956
144.724980219387	-40.6618062699391
144.672897141491	-41.0207755798545
144.667227081443	-40.9778947756132
147.16444439494	-41.8351009034519
145.550658044484	-41.1710327159745
144.666324095695	-40.9826052766082
145.782773800614	-41.5198396419581
145.602947636944	-41.1758404530028
147.064901418752	-42.5082212787464
144.626273324653	-41.0099705094485
146.110878822985	-41.4578386671538
146.123431723949	-41.413897724795
145.570698826471	-41.1753276052451
145.019299206752	-40.9712703965078
144.848544787662	-40.759189406907
144.724980219387	-40.6618062699391
144.816443010735	-40.7815826955425
145.567640428976	-41.2734714805466
144.949126784689	-40.8359294464031
144.717049772679	-40.6851866867365
146.608911190815	-41.1490415325091
147.908520033896	-42.9093258574332
144.686754934606	-41.1177640519876
144.704809912618	-40.6901502966175
146.123431723949	-41.413897724795
145.591459634987	-41.1906531017007
145.681667826721	-41.0078369175642
148.193601901635	-41.9916217127854
145.612052897635	-41.0815861439997
145.522983289518	-41.1166444553252
147.146857881783	-41.8286307388451
144.723508320925	-40.6449148421664
148.175579746397	-42.0638771108748
147.823810749547	-42.8479209002604
145.689344167308	-42.0878206044456
148.196891098583	-41.9828872043441
145.610086932764	-41.2052375196958
145.591333231742	-41.1681776178758
146.659474350221	-41.1539763304112
147.178776551364	-41.8481485203349
144.816443010735	-40.7815826955425
144.668438600038	-40.9856745063132
145.860962933674	-41.2669834987867
147.752677851702	-42.8779028082863
144.621528927598	-41.0076569000386
144.815218138089	-40.7603825807564
144.791319324261	-41.0433821767451
144.82551967885	-40.7808714218353
144.748559419603	-40.7477422532201
145.374147095564	-40.994829022898
146.6442009805	-41.1396975501535
144.738687657796	-40.6923144367248
147.238627340125	-41.648308323689
144.737784724228	-40.7071053092421
145.518628634738	-41.3563312955133
148.27074490889	-42.0090946546865
145.630908485443	-41.1985151144378
147.146857881783	-41.8286307388451
146.218702669759	-41.297728909906
144.734061195614	-40.6978804834586
148.280704185906	-42.1465823867011
144.686754934606	-41.1177640519876
144.724980219387	-40.6618062699391
144.67815487407	-40.9709637569965
144.621632074796	-41.0074338511528
145.782773800614	-41.5198396419581
146.192884633268	-41.3331399146474
147.154504046679	-41.8483278460189
146.591647648429	-41.152152433801
144.677968564897	-40.9684830128374
144.667381156282	-40.9411393498044
144.626273324653	-41.0099705094485
144.771404803389	-40.8395494622817
145.571276441481	-41.1789197910907
144.626398016923	-41.0081536368068
145.798186389585	-41.5301888686103
145.610086932764	-41.2052375196958
145.639668221772	-41.1999430495345
144.66796063837	-40.982710469144
147.159354497309	-41.8320907574515
145.782773800614	-41.5198396419581
146.624014725345	-41.137840843471
144.754372351789	-40.6978181647213
144.667673122813	-40.9891808301848
147.154136346535	-41.8507151688046
145.229113306952	-40.9478514460085
146.578712582155	-41.1528174820386
147.569739687013	-41.8435150219691
146.569476237042	-41.1600977944013
145.61959604392	-42.1878629501803
145.561397194508	-41.1629254271328
144.736877603808	-40.7118705734424
146.123431723949	-41.413897724795
145.555865278751	-41.1700442473137
147.395186878209	-42.3218907255601
145.618608355602	-41.1737774758314
145.782773800614	-41.5198396419581
144.664981316863	-40.9825960865868
145.584740000244	-41.1787617728684
144.70111282138	-40.6737728807233
145.591459634987	-41.1906531017007
148.187868077754	-41.9344988166433
144.708034928426	-40.6892776050973
145.588102973128	-41.3687431396379
147.508708813218	-41.8544296462411
144.968985971334	-40.9916523002737
145.782773800614	-41.5198396419581
145.571276441481	-41.1789197910907
147.480155577694	-41.8429877433092
145.883407161053	-41.3104036507535
145.615111535715	-41.1603771749833
146.123431723949	-41.413897724795
144.672154513479	-41.0172117525133
144.622342011094	-41.0197612495451
145.531264919693	-42.1533532198355
144.670796825521	-41.015581034204
144.673018520148	-41.0207059743897
144.666110894534	-40.9414559077453
147.044163857885	-42.4268535560978
144.712607582876	-40.6856752066965
144.670497838487	-41.0156290318194
144.662153392589	-40.9431951592238
144.672897141491	-41.0207755798545
144.711897450699	-40.7119543800168
144.739034589901	-40.7257845998072
145.600827868885	-41.209890374504
146.123431723949	-41.413897724795
145.593706788755	-41.4981103615058
147.50492406711	-41.8495916488836
145.561397194508	-41.1629254271328
145.556169591597	-41.1703002754931
146.123431723949	-41.413897724795
144.671758834805	-41.0186539103983
144.738310702023	-40.7202397350695
145.744961324918	-41.032495552653
144.744408825558	-40.7377348018703
145.640349155006	-41.4332610785358
144.666795899857	-40.9776518576503
144.705332089049	-40.6790722823778
147.153575220732	-41.852832541353
144.726860839268	-40.6496198856044
146.572238323372	-41.1532530279185
147.477119853116	-41.8623921735268
146.123431723949	-41.413897724795
145.556140584108	-42.1122046348355
144.673018520148	-41.0207059743897
144.670727257842	-41.0158678570541
145.782773800614	-41.5198396419581
147.462066588623	-41.8366760553245
146.123431723949	-41.413897724795
144.720110417714	-40.713062760352
145.639769882302	-41.1933056570238
144.938098768568	-40.971899888354
147.770294426714	-42.4298396285708
144.626370052452	-41.0082701534442
145.571276441481	-41.1789197910907
145.889431698284	-41.3151188312466
148.303419508128	-42.1253150411287
