id	datelong	year	yeardec
982000190609113	9/22/2013	2013	2013.72328767123
982000356429314	3/6/2015	2015	2015.17534246575
982000365112734	5/1/2016	2016	2016.3306010929
982000363022734	1/13/2015	2015	2015.03287671233
982009104825424	NA	2009	2009
982009106506857	NA	2009	2009
982000365594432	7/19/2016	2016	2016.54644808743
982000402221736	3/24/2016	2016	2016.22677595628
982009105184694	NA	2008	2008
982000123171145	5/31/2013	2013	2013.41095890411
982000402218427	1/27/2016	2016	2016.07103825137
982009106166828	NA	2010	2010
982000402819756	1/18/2016	2016	2016.04644808743
982000123209300	NA	2011	2011
982000123131214	11/20/2011	2011	2011.88493150685
982000167806929	8/10/2014	2014	2014.60547945205
982009104880056	NA	2011	2011
982009104838070	NA	2007	2007
900006000211100	11/20/2013	2013	2013.88493150685
982000190610099	7/16/2013	2013	2013.53698630137
982000167812952	8/9/2012	2012	2012.60382513661
982000123208107	NA	2011	2011
982000167811343	8/10/2012	2012	2012.60655737705
982000362816117	5/1/2015	2015	2015.32876712329
982009105846618	NA	2009	2009
982000123207633	7/2/2014	2014	2014.49863013699
982000167789265	8/5/2012	2012	2012.59289617486
982000167783107	8/4/2012	2012	2012.59016393443
982009104925541	NA	2009	2009
982009106651557	5/15/2014	2014	2014.36712328767
982009105185249	NA	2008	2008
982000363000707	NA	2016	2016
982000123208366	11/17/2010	2010	2010.87671232877
982000123128299	8/7/2014	2014	2014.59726027397
982009106158828	NA	2009	2009
982000362826180	5/7/2015	2015	2015.34520547945
982009104815653	NA	2009	2009
982009101579989	NA	2004	2004
982009105169711	NA	2007	2007
982009105085351	NA	2007	2007
982000167812712	8/7/2014	2014	2014.59726027397
982009104353938	NA	2007	2007
982009105851410	8/15/2011	2011	2011.61917808219
982000402218673	6/15/2016	2016	2016.45355191257
982009104852731	NA	2007	2007
982009104275372	NA	2006	2006
982009105197247	NA	2007	2007
2010_27	NA	2010	2010
982009105369379	NA	2007	2007
982009104959567	NA	2008	2008
982000362834024	NA	2016	2016
982009106038848	NA	2010	2010
982009104960813	NA	2009	2009
982009105158734	NA	2008	2008
982009106392365	NA	2009	2009
982009104272151	NA	2011	2011
982009104332787	NA	2011	2011
982009104898137	NA	2008	2008
982009104801128	7/3/2008	2008	2008.50273224044
982000402220935	1/7/2016	2016	2016.01639344262
982000123130481	NA	2011	2011
982000190610318	9/12/2013	2013	2013.69589041096
982009104985315	NA	2008	2008
982000123216936	8/7/2014	2014	2014.59726027397
982000365119263	NA	2016	2016
982000362816076	4/24/2015	2015	2015.3095890411
982009105167006	NA	2007	2007
982000123130249	5/27/2012	2012	2012.40163934426
982000191009430	7/16/2013	2013	2013.53698630137
982000167788005	8/4/2012	2012	2012.59016393443
982000363002562	5/26/2016	2016	2016.39890710383
982000167813000	5/21/2012	2012	2012.38524590164
982000365112615	7/19/2016	2016	2016.54644808743
982000190524444	10/15/2012	2012	2012.7868852459
982000356582778	11/2/2013	2013	2013.83561643836
982000167783022	5/22/2012	2012	2012.38797814208
982000356574385	1/20/2015	2015	2015.05205479452
982000402221898	6/30/2016	2016	2016.49453551913
900006000170473	5/26/2013	2013	2013.39726027397
982009106145188	9/3/2012	2012	2012.67213114754
982009104903522	NA	2010	2010
982009104963657	NA	2009	2009
982000365112567	9/15/2016	2016	2016.70491803279
982009105156729	NA	2007	2007
982009104928327	NA	2008	2008
9820009105013190	NA	2007	2007
982009105169750	NA	2008	2008
982009104357124	NA	2011	2011
982009104253951	NA	2011	2011
982009106036729	NA	2008	2008
982000167782021	5/15/2012	2012	2012.36885245902
982009104350960	NA	2008	2008
982009106209323	NA	2009	2009
982009104824968	NA	2011	2011
982009104920144	NA	2009	2009
982009104979740	NA	2007	2007
982009104798639	NA	2008	2008
982009104817286	NA	2008	2008
982000123208556	NA	2011	2011
982009101486420	NA	2004	2004
982009104913314	NA	2009	2009
982000123128950	NA	2011	2011
982009104905427	NA	2009	2009
985120016069138	NA	2006	2006
982009106160691	NA	2009	2009
982009106188448	NA	2009	2009
982009104988051	NA	2007	2007
982000123207960	10/3/2012	2012	2012.75409836066
982000123209763	7/11/2013	2013	2013.52328767123
982000362189732	3/29/2015	2015	2015.23835616438
982000402223519	1/15/2017	2017	2017.03835616438
982000167808109	11/8/2012	2012	2012.85245901639
982000402221850	9/25/2015	2015	2015.73150684932
982000402222190	11/17/2016	2016	2016.87704918033
982000190602241	5/2/2013	2013	2013.33150684932
982000167810705	8/6/2012	2012	2012.5956284153
982000362826612	1/17/2015	2015	2015.04383561644
982000356707998	NA	2016	2016
982000356434640	8/13/2014	2014	2014.61369863014
982000167813531	11/10/2012	2012	2012.85792349727
982000167808626	11/1/2012	2012	2012.83333333333
982000123170373	10/3/2012	2012	2012.75409836066
982009104921669	NA	2011	2011
982009106581448	11/12/2010	2010	2010.86301369863
982009106463890	11/10/2013	2013	2013.85753424658
2009_53	NA	2009	2009
982000123131447	11/20/2011	2011	2011.88493150685
982000191015333	7/16/2013	2013	2013.53698630137
982009104996424	10/28/2011	2011	2011.82191780822
982000362004834	5/22/2015	2015	2015.38630136986
982000191010337	12/13/2012	2012	2012.94808743169
982000363022204	1/18/2015	2015	2015.04657534247
980009105183052	NA	2008	2008
982000365601037	2/2/2016	2016	2016.08743169399
982009104866220	NA	2016	2016
982009101656873	NA	2004	2004
982000167808918	8/10/2012	2012	2012.60655737705
982000123217224	NA	2011	2011
982009105384781	NA	2007	2007
982009105186387	NA	2008	2008
982009104969331	7/10/2013	2013	2013.52054794521
982009104792052	NA	2009	2009
982009104350604	NA	2007	2007
982009104934216	NA	2009	2009
982009104842428	NA	2007	2007
982009104239947	NA	2007	2007
982000167812764	8/7/2012	2012	2012.59836065574
982009106189878	NA	2010	2010
982009104718271	NA	2009	2009
982009104874981	NA	2009	2009
982000363000672	11/14/2015	2015	2015.86849315069
982009104848590	NA	2007	2007
982009105183938	NA	2009	2009
982009105163196	NA	2007	2007
982009105155082	NA	2007	2007
982000190529626	7/16/2013	2013	2013.53698630137
982000365112533	NA	2016	2016
2010_23	NA	2010	2010
982009104902045	NA	2009	2009
982009106657099	11/12/2010	2010	2010.86301369863
982000167806091	8/8/2014	2014	2014.6
982000362816257	4/27/2015	2015	2015.31780821918
982000363017810	1/12/2015	2015	2015.0301369863
900006000169837	3/9/2013	2013	2013.18356164384
982000167789688	11/15/2011	2011	2011.87123287671
982009104352086	NA	2011	2011
982000190531157	10/27/2012	2012	2012.81967213115
982000190700189	9/15/2012	2012	2012.70491803279
982009106499966	4/13/2014	2014	2014.27945205479
982009104249916	NA	2011	2011
982000365594379	7/19/2016	2016	2016.54644808743
982009104986261	10/28/2011	2011	2011.82191780822
982009105850902	NA	2011	2011
982000190699729	10/15/2012	2012	2012.7868852459
982000190602715	11/13/2012	2012	2012.86612021858
900006000205397	11/20/2013	2013	2013.88493150685
982000167783924	12/8/2012	2012	2012.93442622951
982000190522625	11/10/2012	2012	2012.85792349727
982009106489243	4/10/2014	2014	2014.27123287671
982000365601223	2/2/2016	2016	2016.08743169399
982000356433548	1/17/2017	2017	2017.04383561644
982009104725457	NA	2011	2011
982000167810497	5/24/2012	2012	2012.39344262295
982009105198959	NA	2007	2007
982009106312047	5/3/2014	2014	2014.33424657534
982000123216080	8/7/2014	2014	2014.59726027397
982000123130823	10/31/2011	2011	2011.8301369863
982000167804179	8/8/2014	2014	2014.6
982000363017369	5/15/2015	2015	2015.36712328767
2009_58	NA	2009	2009
982000402221377	7/19/2016	2016	2016.54644808743
982000167784110	5/18/2012	2012	2012.37704918033
982000362847671	1/19/2015	2015	2015.04931506849
982000191010948	8/1/2014	2014	2014.58082191781
900006000170097	9/7/2013	2013	2013.68219178082
982009104924902	2/24/2012	2012	2012.14754098361
982000362195242	3/28/2015	2015	2015.23561643836
982000123210441	7/11/2013	2013	2013.52328767123
982000356582995	NA	2016	2016
982000123164727	1/3/2012	2012	2012.00546448087
900006000209855	11/19/2013	2013	2013.88219178082
982000167814074	12/8/2012	2012	2012.93442622951
982009105193868	NA	2007	2007
982009106212772	NA	2010	2010
982009104885431	NA	2009	2009
982009104844268	6/3/2008	2008	2008.42076502732
982000123129761	NA	2011	2011
982009106544857	4/12/2014	2014	2014.27671232877
982000167762943	5/17/2012	2012	2012.37431693989
982009105191683	NA	2007	2007
982009106037202	NA	2009	2009
982000363000337	NA	2016	2016
982000167809187	5/22/2012	2012	2012.38797814208
982009106088360	11/13/2010	2010	2010.86575342466
982000363022030	12/5/2015	2015	2015.92602739726
982009104996675	10/27/2011	2011	2011.81917808219
982000123131721	10/30/2011	2011	2011.82739726027
982000365609817	NA	2016	2016
982009106657899	NA	2009	2009
982009104796742	NA	2008	2008
982009104717413	NA	2008	2008
982009104858923	NA	2009	2009
982000362833527	5/26/2016	2016	2016.39890710383
982000167811172	11/1/2012	2012	2012.83333333333
900006000156760	5/29/2013	2013	2013.40547945205
982009105192235	NA	2008	2008
982000365112005	9/15/2016	2016	2016.70491803279
982009106031794	NA	2010	2010
982009104967681	NA	2009	2009
982009104869136	NA	2007	2007
982009104823272	NA	2009	2009
982000190524599	11/18/2012	2012	2012.87978142077
982009106189687	NA	2010	2010
982009104358496	NA	2008	2008
982009104836488	NA	2010	2010
982009106161243	NA	2010	2010
2010_03	NA	2010	2010
982009105185506	NA	2008	2008
982000123129659	NA	2011	2011
2009_52	NA	2009	2009
982000123217465	NA	2011	2011
982009106386565	NA	2009	2009
982009104332416	NA	2007	2007
982000123208382	3/11/2012	2012	2012.1912568306
982000402728093	NA	2016	2016
982000123133126	7/11/2013	2013	2013.52328767123
982009106591600	NA	2009	2009
982009105825511	8/15/2011	2011	2011.61917808219
982009105195191	NA	2007	2007
982009104333462	NA	2007	2007
982000190532435	11/28/2012	2012	2012.90710382514
982000356425033	3/6/2015	2015	2015.17534246575
982009104821267	11/15/2010	2010	2010.87123287671
982000191016262	7/15/2013	2013	2013.53424657534
982000402224853	7/19/2016	2016	2016.54644808743
982009106455266	4/12/2014	2014	2014.27671232877
982000362196705	4/4/2015	2015	2015.25479452055
982000190531960	11/17/2012	2012	2012.87704918033
982000362816886	5/1/2015	2015	2015.32876712329
982000167814842	12/9/2012	2012	2012.93715846995
982000363007563	NA	2016	2016
982000356424645	3/3/2015	2015	2015.16712328767
982009106093789	NA	2010	2010
982009106144495	3/3/2012	2012	2012.1693989071
900006000168556	9/5/2013	2013	2013.67671232877
982000190559566	10/14/2012	2012	2012.78415300546
982000365600594	9/15/2016	2016	2016.70491803279
982000167812478	5/15/2012	2012	2012.36885245902
982009106541019	4/14/2014	2014	2014.28219178082
982000123217456	NA	2011	2011
982000191007988	12/14/2012	2012	2012.95081967213
982000365118964	7/19/2016	2016	2016.54644808743
982000365600636	11/24/2016	2016	2016.89617486339
982009106498101	4/16/2014	2014	2014.28767123288
982000402727767	1/15/2017	2017	2017.03835616438
982009105177608	NA	2008	2008
982009104977399	NA	2007	2007
900006000168307	5/23/2013	2013	2013.38904109589
982000123216022	8/7/2014	2014	2014.59726027397
982000356487133	NA	2016	2016
982009106034374	5/3/2012	2012	2012.33606557377
982000356424795	1/15/2017	2017	2017.03835616438
982000123170704	2/3/2012	2012	2012.09016393443
982000167786487	5/15/2012	2012	2012.36885245902
982000190531185	11/10/2012	2012	2012.85792349727
982000123133532	8/3/2012	2012	2012.58743169399
982009106035984	NA	2009	2009
982009105959891	7/3/2012	2012	2012.50273224044
982000365120743	5/26/2015	2015	2015.39726027397
982000123133610	NA	2011	2011
982009106396102	NA	2009	2009
982000402222594	4/7/2016	2016	2016.2650273224
982009106033828	NA	2009	2009
982000167813195	1/15/2014	2014	2014.03835616438
982000365112959	NA	2016	2016
982000402226562	11/15/2015	2015	2015.87123287671
982009104958773	NA	2007	2007
982000123170845	6/3/2012	2012	2012.42076502732
982000356574467	NA	2016	2016
982000356577177	10/18/2013	2013	2013.79452054795
982000362005481	7/13/2015	2015	2015.52876712329
982009104916952	NA	2009	2009
2009_59	NA	2009	2009
982000356575075	3/26/2015	2015	2015.2301369863
982000190701002	12/2/2012	2012	2012.91803278689
982000123210532	2/24/2012	2012	2012.14754098361
982000167812459	8/10/2014	2014	2014.60547945205
982000190531024	12/3/2012	2012	2012.92076502732
982000190533426	11/9/2012	2012	2012.85519125683
982000363017083	4/21/2015	2015	2015.30136986301
982009104904628	NA	2008	2008
982009105176769	NA	2007	2007
982000123124145	3/3/2012	2012	2012.1693989071
982000363000115	NA	2016	2016
982009106524884	10/29/2010	2010	2010.82465753425
982000402222013	4/11/2016	2016	2016.27595628415
900006000157449	3/5/2013	2013	2013.17260273973
982000167810946	11/6/2012	2012	2012.84699453552
982000362833164	NA	2016	2016
982000190692388	11/3/2012	2012	2012.83879781421
982009104240949	NA	2011	2011
982000190700971	12/4/2012	2012	2012.92349726776
982000123211387	NA	2011	2011
982009106485744	NA	2009	2009
982000356577118	1/31/2015	2015	2015.08219178082
982009106487845	NA	2011	2011
982000365595177	7/19/2016	2016	2016.54644808743
982009104869179	NA	2011	2011
985720016021422	NA	2004	2004
982000402223349	5/15/2016	2016	2016.36885245902
982000363000469	NA	2016	2016
982009104971972	NA	2007	2007
982000363017367	7/14/2015	2015	2015.53150684932
982000190531831	12/2/2012	2012	2012.91803278689
982000190604619	7/15/2013	2013	2013.53424657534
982000365491464	1/15/2017	2017	2017.03835616438
982000363000083	NA	2016	2016
982009106472513	NA	2009	2009
982000167809367	5/18/2012	2012	2012.37704918033
982009104718328	6/3/2008	2008	2008.42076502732
982000123212607	7/1/2014	2014	2014.49589041096
982000356574828	11/3/2013	2013	2013.83835616438
982000356661579	NA	2016	2016
982009104983636	NA	2008	2008
2008_37	NA	2008	2008
