146.058428 -43.547189
146.188961 -43.547189
146.319493 -43.547189
146.450026 -43.547189
146.580558 -43.547189
146.711091 -43.547189
146.841623 -43.547189
146.972156 -43.547189
145.993162 -43.412445
146.123695 -43.412445
146.254227 -43.412445
146.384760 -43.412445
146.515292 -43.412445
146.645825 -43.412445
146.776357 -43.412445
146.906890 -43.412445
147.037422 -43.412445
147.167954 -43.412445
147.298487 -43.412445
145.797364 -43.277702
145.927896 -43.277702
146.058428 -43.277702
146.188961 -43.277702
146.319493 -43.277702
146.450026 -43.277702
146.580558 -43.277702
146.711091 -43.277702
146.841623 -43.277702
146.972156 -43.277702
147.102688 -43.277702
147.233221 -43.277702
147.363753 -43.277702
148.016416 -43.277702
145.732097 -43.142958
145.862630 -43.142958
145.993162 -43.142958
146.123695 -43.142958
146.254227 -43.142958
146.384760 -43.142958
146.515292 -43.142958
146.645825 -43.142958
146.776357 -43.142958
146.906890 -43.142958
147.037422 -43.142958
147.167954 -43.142958
147.298487 -43.142958
147.429019 -43.142958
147.690084 -43.142958
147.820617 -43.142958
147.951149 -43.142958
145.536299 -43.008215
145.666831 -43.008215
145.797364 -43.008215
145.927896 -43.008215
146.058428 -43.008215
146.188961 -43.008215
146.319493 -43.008215
146.450026 -43.008215
146.580558 -43.008215
146.711091 -43.008215
146.841623 -43.008215
146.972156 -43.008215
147.102688 -43.008215
147.233221 -43.008215
147.363753 -43.008215
147.494286 -43.008215
147.624818 -43.008215
147.755351 -43.008215
147.885883 -43.008215
145.471032 -42.873471
145.601565 -42.873471
145.732097 -42.873471
145.862630 -42.873471
145.993162 -42.873471
146.123695 -42.873471
146.254227 -42.873471
146.384760 -42.873471
146.515292 -42.873471
146.645825 -42.873471
146.776357 -42.873471
146.906890 -42.873471
147.037422 -42.873471
147.167954 -42.873471
147.298487 -42.873471
147.429019 -42.873471
147.690084 -42.873471
147.820617 -42.873471
147.951149 -42.873471
145.405766 -42.738728
145.536299 -42.738728
145.666831 -42.738728
145.797364 -42.738728
145.927896 -42.738728
146.058428 -42.738728
146.188961 -42.738728
146.319493 -42.738728
146.450026 -42.738728
146.580558 -42.738728
146.711091 -42.738728
146.841623 -42.738728
146.972156 -42.738728
147.102688 -42.738728
147.233221 -42.738728
147.363753 -42.738728
147.494286 -42.738728
147.624818 -42.738728
147.755351 -42.738728
147.885883 -42.738728
145.209967 -42.603985
145.340500 -42.603985
145.471032 -42.603985
145.601565 -42.603985
145.732097 -42.603985
145.862630 -42.603985
145.993162 -42.603985
146.123695 -42.603985
146.254227 -42.603985
146.384760 -42.603985
146.515292 -42.603985
146.645825 -42.603985
146.776357 -42.603985
146.906890 -42.603985
147.037422 -42.603985
147.167954 -42.603985
147.298487 -42.603985
147.429019 -42.603985
147.559552 -42.603985
147.690084 -42.603985
147.820617 -42.603985
147.951149 -42.603985
145.275234 -42.469241
145.405766 -42.469241
145.536299 -42.469241
145.666831 -42.469241
145.797364 -42.469241
145.927896 -42.469241
146.058428 -42.469241
146.188961 -42.469241
146.319493 -42.469241
146.450026 -42.469241
146.580558 -42.469241
146.711091 -42.469241
146.841623 -42.469241
146.972156 -42.469241
147.102688 -42.469241
147.233221 -42.469241
147.363753 -42.469241
147.494286 -42.469241
147.624818 -42.469241
147.755351 -42.469241
147.885883 -42.469241
148.016416 -42.469241
145.209967 -42.334498
145.340500 -42.334498
145.471032 -42.334498
145.601565 -42.334498
145.732097 -42.334498
145.862630 -42.334498
145.993162 -42.334498
146.123695 -42.334498
146.254227 -42.334498
146.384760 -42.334498
146.515292 -42.334498
146.645825 -42.334498
146.776357 -42.334498
146.906890 -42.334498
147.037422 -42.334498
147.167954 -42.334498
147.298487 -42.334498
147.429019 -42.334498
147.559552 -42.334498
147.690084 -42.334498
147.820617 -42.334498
147.951149 -42.334498
148.212214 -42.334498
148.342747 -42.334498
145.144701 -42.199754
145.275234 -42.199754
145.405766 -42.199754
145.536299 -42.199754
145.666831 -42.199754
145.797364 -42.199754
145.927896 -42.199754
146.058428 -42.199754
146.188961 -42.199754
146.319493 -42.199754
146.450026 -42.199754
146.580558 -42.199754
146.711091 -42.199754
146.841623 -42.199754
146.972156 -42.199754
147.102688 -42.199754
147.233221 -42.199754
147.363753 -42.199754
147.494286 -42.199754
147.624818 -42.199754
147.755351 -42.199754
147.885883 -42.199754
148.016416 -42.199754
148.277481 -42.199754
145.209967 -42.065011
145.340500 -42.065011
145.471032 -42.065011
145.601565 -42.065011
145.732097 -42.065011
145.862630 -42.065011
145.993162 -42.065011
146.123695 -42.065011
146.254227 -42.065011
146.384760 -42.065011
146.515292 -42.065011
146.645825 -42.065011
146.776357 -42.065011
146.906890 -42.065011
147.037422 -42.065011
147.167954 -42.065011
147.298487 -42.065011
147.429019 -42.065011
147.559552 -42.065011
147.690084 -42.065011
147.820617 -42.065011
147.951149 -42.065011
148.081682 -42.065011
148.212214 -42.065011
148.342747 -42.065011
145.144701 -41.930267
145.275234 -41.930267
145.405766 -41.930267
145.536299 -41.930267
145.666831 -41.930267
145.797364 -41.930267
145.927896 -41.930267
146.058428 -41.930267
146.188961 -41.930267
146.319493 -41.930267
146.450026 -41.930267
146.580558 -41.930267
146.711091 -41.930267
146.841623 -41.930267
146.972156 -41.930267
147.102688 -41.930267
147.233221 -41.930267
147.363753 -41.930267
147.494286 -41.930267
147.624818 -41.930267
147.755351 -41.930267
147.885883 -41.930267
148.016416 -41.930267
148.146948 -41.930267
148.277481 -41.930267
145.079435 -41.795524
145.209967 -41.795524
145.340500 -41.795524
145.471032 -41.795524
145.601565 -41.795524
145.732097 -41.795524
145.862630 -41.795524
145.993162 -41.795524
146.123695 -41.795524
146.254227 -41.795524
146.384760 -41.795524
146.515292 -41.795524
146.645825 -41.795524
146.776357 -41.795524
146.906890 -41.795524
147.037422 -41.795524
147.167954 -41.795524
147.298487 -41.795524
147.429019 -41.795524
147.559552 -41.795524
147.690084 -41.795524
147.820617 -41.795524
147.951149 -41.795524
148.081682 -41.795524
148.212214 -41.795524
144.883636 -41.660780
145.014169 -41.660780
145.144701 -41.660780
145.275234 -41.660780
145.405766 -41.660780
145.536299 -41.660780
145.666831 -41.660780
145.797364 -41.660780
145.927896 -41.660780
146.058428 -41.660780
146.188961 -41.660780
146.319493 -41.660780
146.450026 -41.660780
146.580558 -41.660780
146.711091 -41.660780
146.841623 -41.660780
146.972156 -41.660780
147.102688 -41.660780
147.233221 -41.660780
147.363753 -41.660780
147.494286 -41.660780
147.624818 -41.660780
147.755351 -41.660780
147.885883 -41.660780
148.016416 -41.660780
148.146948 -41.660780
148.277481 -41.660780
144.818370 -41.526037
144.948902 -41.526037
145.079435 -41.526037
145.209967 -41.526037
145.340500 -41.526037
145.471032 -41.526037
145.601565 -41.526037
145.732097 -41.526037
145.862630 -41.526037
145.993162 -41.526037
146.123695 -41.526037
146.254227 -41.526037
146.384760 -41.526037
146.515292 -41.526037
146.645825 -41.526037
146.776357 -41.526037
146.906890 -41.526037
147.037422 -41.526037
147.167954 -41.526037
147.298487 -41.526037
147.429019 -41.526037
147.559552 -41.526037
147.690084 -41.526037
147.820617 -41.526037
147.951149 -41.526037
148.081682 -41.526037
148.212214 -41.526037
144.753104 -41.391294
144.883636 -41.391294
145.014169 -41.391294
145.144701 -41.391294
145.275234 -41.391294
145.405766 -41.391294
145.536299 -41.391294
145.666831 -41.391294
145.797364 -41.391294
145.927896 -41.391294
146.058428 -41.391294
146.188961 -41.391294
146.319493 -41.391294
146.450026 -41.391294
146.580558 -41.391294
146.711091 -41.391294
146.841623 -41.391294
146.972156 -41.391294
147.102688 -41.391294
147.233221 -41.391294
147.363753 -41.391294
147.494286 -41.391294
147.624818 -41.391294
147.755351 -41.391294
147.885883 -41.391294
148.016416 -41.391294
148.146948 -41.391294
148.277481 -41.391294
144.687837 -41.256550
144.818370 -41.256550
144.948902 -41.256550
145.079435 -41.256550
145.209967 -41.256550
145.340500 -41.256550
145.471032 -41.256550
145.601565 -41.256550
145.732097 -41.256550
145.862630 -41.256550
145.993162 -41.256550
146.123695 -41.256550
146.254227 -41.256550
146.384760 -41.256550
146.515292 -41.256550
146.645825 -41.256550
146.776357 -41.256550
146.906890 -41.256550
147.037422 -41.256550
147.167954 -41.256550
147.298487 -41.256550
147.429019 -41.256550
147.559552 -41.256550
147.690084 -41.256550
147.820617 -41.256550
147.951149 -41.256550
148.081682 -41.256550
148.212214 -41.256550
148.342747 -41.256550
144.622571 -41.121807
144.753104 -41.121807
144.883636 -41.121807
145.014169 -41.121807
145.144701 -41.121807
145.275234 -41.121807
145.405766 -41.121807
145.536299 -41.121807
145.666831 -41.121807
145.797364 -41.121807
145.927896 -41.121807
146.058428 -41.121807
146.188961 -41.121807
146.319493 -41.121807
146.450026 -41.121807
146.580558 -41.121807
146.711091 -41.121807
146.841623 -41.121807
146.972156 -41.121807
147.102688 -41.121807
147.233221 -41.121807
147.363753 -41.121807
147.494286 -41.121807
147.624818 -41.121807
147.755351 -41.121807
147.885883 -41.121807
148.016416 -41.121807
148.146948 -41.121807
148.277481 -41.121807
144.687837 -40.987063
144.818370 -40.987063
144.948902 -40.987063
145.079435 -40.987063
145.209967 -40.987063
145.340500 -40.987063
145.471032 -40.987063
145.601565 -40.987063
145.732097 -40.987063
146.906890 -40.987063
147.037422 -40.987063
147.167954 -40.987063
147.298487 -40.987063
147.429019 -40.987063
147.559552 -40.987063
147.690084 -40.987063
147.820617 -40.987063
147.951149 -40.987063
148.081682 -40.987063
148.212214 -40.987063
148.342747 -40.987063
144.753104 -40.852320
144.883636 -40.852320
145.014169 -40.852320
145.144701 -40.852320
145.275234 -40.852320
145.405766 -40.852320
145.536299 -40.852320
147.624818 -40.852320
147.755351 -40.852320
147.885883 -40.852320
148.016416 -40.852320
148.146948 -40.852320
148.277481 -40.852320
144.687837 -40.717576
144.818370 -40.717576
144.948902 -40.717576
145.079435 -40.717576
145.209967 -40.717576
147.951149 -40.717576
148.081682 -40.717576
