  1   9
  1  10
  1   2
  2  10
  2  11
  2   3
  3  11
  3  12
  3   4
  4  12
  4  13
  4   5
  5  13
  5  14
  5   6
  6  14
  6  15
  6   7
  7  15
  7  16
  7   8
  8  16
  8  17
  9  21
  9  22
  9  10
 10  22
 10  23
 10  11
 11  23
 11  24
 11  12
 12  24
 12  25
 12  13
 13  25
 13  26
 13  14
 14  26
 14  27
 14  15
 15  27
 15  28
 15  16
 16  28
 16  29
 16  17
 17  29
 17  30
 17  18
 18  30
 18  31
 18  19
 19  31
 19  32
 20  34
 20  35
 20  21
 21  35
 21  36
 21  22
 22  36
 22  37
 22  23
 23  37
 23  38
 23  24
 24  38
 24  39
 24  25
 25  39
 25  40
 25  26
 26  40
 26  41
 26  27
 27  41
 27  42
 27  28
 28  42
 28  43
 28  29
 29  43
 29  44
 29  30
 30  44
 30  45
 30  31
 31  45
 31  46
 31  32
 32  46
 32  47
 33  50
 34  52
 34  53
 34  35
 35  53
 35  54
 35  36
 36  54
 36  55
 36  37
 37  55
 37  56
 37  38
 38  56
 38  57
 38  39
 39  57
 39  58
 39  40
 40  58
 40  59
 40  41
 41  59
 41  60
 41  42
 42  60
 42  61
 42  43
 43  61
 43  62
 43  44
 44  62
 44  63
 44  45
 45  63
 45  64
 45  46
 46  64
 46  65
 46  47
 47  65
 47  66
 48  67
 48  68
 48  49
 49  68
 49  69
 49  50
 50  69
 51  70
 51  71
 51  52
 52  71
 52  72
 52  53
 53  72
 53  73
 53  54
 54  73
 54  74
 54  55
 55  74
 55  75
 55  56
 56  75
 56  76
 56  57
 57  76
 57  77
 57  58
 58  77
 58  78
 58  59
 59  78
 59  79
 59  60
 60  79
 60  80
 60  61
 61  80
 61  81
 61  62
 62  81
 62  82
 62  63
 63  82
 63  83
 63  64
 64  83
 64  84
 64  65
 65  84
 65  85
 65  66
 66  85
 66  67
 67  86
 67  68
 68  86
 68  87
 68  69
 69  87
 69  88
 70  89
 70  90
 70  71
 71  90
 71  91
 71  72
 72  91
 72  92
 72  73
 73  92
 73  93
 73  74
 74  93
 74  94
 74  75
 75  94
 75  95
 75  76
 76  95
 76  96
 76  77
 77  96
 77  97
 77  78
 78  97
 78  98
 78  79
 79  98
 79  99
 79  80
 80  99
 80 100
 80  81
 81 100
 81 101
 81  82
 82 101
 82 102
 82  83
 83 102
 83 103
 83  84
 84 103
 84 104
 84  85
 85 104
 85 105
 86 106
 86 107
 86  87
 87 107
 87 108
 87  88
 88 108
 89 110
 89 111
 89  90
 90 111
 90 112
 90  91
 91 112
 91 113
 91  92
 92 113
 92 114
 92  93
 93 114
 93 115
 93  94
 94 115
 94 116
 94  95
 95 116
 95 117
 95  96
 96 117
 96 118
 96  97
 97 118
 97 119
 97  98
 98 119
 98 120
 98  99
 99 120
 99 121
 99 100
100 121
100 122
100 101
101 122
101 123
101 102
102 123
102 124
102 103
103 124
103 125
103 104
104 125
104 126
104 105
105 126
105 127
105 106
106 127
106 128
106 107
107 128
107 129
107 108
108 129
108 130
109 131
109 110
110 131
110 132
110 111
111 132
111 133
111 112
112 133
112 134
112 113
113 134
113 135
113 114
114 135
114 136
114 115
115 136
115 137
115 116
116 137
116 138
116 117
117 138
117 139
117 118
118 139
118 140
118 119
119 140
119 141
119 120
120 141
120 142
120 121
121 142
121 143
121 122
122 143
122 144
122 123
123 144
123 145
123 124
124 145
124 146
124 125
125 146
125 147
125 126
126 147
126 148
126 127
127 148
127 149
127 128
128 149
128 150
128 129
129 150
129 151
129 130
130 151
130 152
131 153
131 154
131 132
132 154
132 155
132 133
133 155
133 156
133 134
134 156
134 157
134 135
135 157
135 158
135 136
136 158
136 159
136 137
137 159
137 160
137 138
138 160
138 161
138 139
139 161
139 162
139 140
140 162
140 163
140 141
141 163
141 164
141 142
142 164
142 165
142 143
143 165
143 166
143 144
144 166
144 167
144 145
145 167
145 168
145 146
146 168
146 169
146 147
147 169
147 170
147 148
148 170
148 171
148 149
149 171
149 172
149 150
150 172
150 173
150 151
151 173
151 174
151 152
152 174
153 177
153 178
153 154
154 178
154 179
154 155
155 179
155 180
155 156
156 180
156 181
156 157
157 181
157 182
157 158
158 182
158 183
158 159
159 183
159 184
159 160
160 184
160 185
160 161
161 185
161 186
161 162
162 186
162 187
162 163
163 187
163 188
163 164
164 188
164 189
164 165
165 189
165 190
165 166
166 190
166 191
166 167
167 191
167 192
167 168
168 192
168 193
168 169
169 193
169 194
169 170
170 194
170 195
170 171
171 195
171 196
171 172
172 196
172 197
172 173
173 197
173 198
173 174
174 198
174 199
175 200
175 176
176 200
177 201
177 178
178 201
178 202
178 179
179 202
179 203
179 180
180 203
180 204
180 181
181 204
181 205
181 182
182 205
182 206
182 183
183 206
183 207
183 184
184 207
184 208
184 185
185 208
185 209
185 186
186 209
186 210
186 187
187 210
187 211
187 188
188 211
188 212
188 189
189 212
189 213
189 190
190 213
190 214
190 191
191 214
191 215
191 192
192 215
192 216
192 193
193 216
193 217
193 194
194 217
194 218
194 195
195 218
195 219
195 196
196 219
196 220
196 197
197 220
197 221
197 198
198 221
198 222
198 199
199 222
199 223
200 224
200 225
201 226
201 227
201 202
202 227
202 228
202 203
203 228
203 229
203 204
204 229
204 230
204 205
205 230
205 231
205 206
206 231
206 232
206 207
207 232
207 233
207 208
208 233
208 234
208 209
209 234
209 235
209 210
210 235
210 236
210 211
211 236
211 237
211 212
212 237
212 238
212 213
213 238
213 239
213 214
214 239
214 240
214 215
215 240
215 241
215 216
216 241
216 242
216 217
217 242
217 243
217 218
218 243
218 244
218 219
219 244
219 245
219 220
220 245
220 246
220 221
221 246
221 247
221 222
222 247
222 248
222 223
223 248
223 249
223 224
224 249
224 250
224 225
225 250
226 251
226 252
226 227
227 252
227 253
227 228
228 253
228 254
228 229
229 254
229 255
229 230
230 255
230 256
230 231
231 256
231 257
231 232
232 257
232 258
232 233
233 258
233 259
233 234
234 259
234 260
234 235
235 260
235 261
235 236
236 261
236 262
236 237
237 262
237 263
237 238
238 263
238 264
238 239
239 264
239 265
239 240
240 265
240 266
240 241
241 266
241 267
241 242
242 267
242 268
242 243
243 268
243 269
243 244
244 269
244 270
244 245
245 270
245 271
245 246
246 271
246 272
246 247
247 272
247 273
247 248
248 273
248 274
248 249
249 274
249 275
249 250
250 275
251 277
251 278
251 252
252 278
252 279
252 253
253 279
253 280
253 254
254 280
254 281
254 255
255 281
255 282
255 256
256 282
256 283
256 257
257 283
257 284
257 258
258 284
258 285
258 259
259 285
259 286
259 260
260 286
260 287
260 261
261 287
261 288
261 262
262 288
262 289
262 263
263 289
263 290
263 264
264 290
264 291
264 265
265 291
265 292
265 266
266 292
266 293
266 267
267 293
267 294
267 268
268 294
268 295
268 269
269 295
269 296
269 270
270 296
270 297
270 271
271 297
271 298
271 272
272 298
272 299
272 273
273 299
273 300
273 274
274 300
274 301
274 275
275 301
275 302
276 303
276 304
276 277
277 304
277 305
277 278
278 305
278 306
278 279
279 306
279 307
279 280
280 307
280 308
280 281
281 308
281 309
281 282
282 309
282 310
282 283
283 310
283 311
283 284
284 311
284 312
284 285
285 312
285 313
285 286
286 313
286 314
286 287
287 314
287 315
287 288
288 315
288 316
288 289
289 316
289 317
289 290
290 317
290 318
290 291
291 318
291 319
291 292
292 319
292 320
292 293
293 320
293 321
293 294
294 321
294 322
294 295
295 322
295 323
295 296
296 323
296 324
296 297
297 324
297 325
297 298
298 325
298 326
298 299
299 326
299 327
299 300
300 327
300 328
300 301
301 328
301 329
301 302
302 329
303 330
303 331
303 304
304 331
304 332
304 305
305 332
305 333
305 306
306 333
306 334
306 307
307 334
307 335
307 308
308 335
308 336
308 309
309 336
309 337
309 310
310 337
310 338
310 311
311 338
311 339
311 312
312 339
312 340
312 313
313 340
313 341
313 314
314 341
314 342
314 315
315 342
315 343
315 316
316 343
316 344
316 317
317 344
317 345
317 318
318 345
318 346
318 319
319 346
319 347
319 320
320 347
320 348
320 321
321 348
321 349
321 322
322 349
322 350
322 323
323 350
323 351
323 324
324 351
324 352
324 325
325 352
325 353
325 326
326 353
326 354
326 327
327 354
327 355
327 328
328 355
328 356
328 329
329 356
329 357
330 358
330 359
330 331
331 359
331 360
331 332
332 360
332 361
332 333
333 361
333 362
333 334
334 362
334 363
334 335
335 363
335 364
335 336
336 364
336 365
336 337
337 365
337 366
337 338
338 366
338 367
338 339
339 367
339 368
339 340
340 368
340 369
340 341
341 369
341 370
341 342
342 370
342 371
342 343
343 371
343 372
343 344
344 372
344 373
344 345
345 373
345 374
345 346
346 374
346 375
346 347
347 375
347 376
347 348
348 376
348 377
348 349
349 377
349 378
349 350
350 378
350 379
350 351
351 379
351 380
351 352
352 380
352 381
352 353
353 381
353 382
353 354
354 382
354 383
354 355
355 383
355 384
355 356
356 384
356 385
356 357
357 385
357 386
358 387
358 388
358 359
359 388
359 389
359 360
360 389
360 390
360 361
361 390
361 391
361 362
362 391
362 392
362 363
363 392
363 393
363 364
364 393
364 394
364 365
365 394
365 395
365 366
366 395
366 396
366 367
367 396
367 397
367 368
368 397
368 398
368 369
369 398
369 399
369 370
370 399
370 400
370 371
371 400
371 401
371 372
372 401
372 402
372 373
373 402
373 403
373 374
374 403
374 404
374 375
375 404
375 405
375 376
376 405
376 406
376 377
377 406
377 407
377 378
378 407
378 408
378 379
379 408
379 409
379 380
380 409
380 410
380 381
381 410
381 411
381 382
382 411
382 412
382 383
383 412
383 413
383 384
384 413
384 414
384 385
385 414
385 415
385 386
386 415
387 416
387 388
388 416
388 417
388 389
389 417
389 418
389 390
390 418
390 419
390 391
391 419
391 420
391 392
392 420
392 421
392 393
393 421
393 422
393 394
394 422
394 423
394 395
395 423
395 424
395 396
396 424
396 397
397 398
398 399
399 400
400 401
401 402
402 403
403 404
404 425
404 405
405 425
405 426
405 406
406 426
406 427
406 407
407 427
407 428
407 408
408 428
408 429
408 409
409 429
409 430
409 410
410 430
410 431
410 411
411 431
411 432
411 412
412 432
412 433
412 413
413 433
413 434
413 414
414 434
414 435
414 415
415 435
415 436
416 437
416 417
417 437
417 438
417 418
418 438
418 439
418 419
419 439
419 440
419 420
420 440
420 441
420 421
421 441
421 442
421 422
422 442
422 443
422 423
423 443
423 424
425 426
426 427
427 428
428 429
429 430
430 444
430 431
431 444
431 445
431 432
432 445
432 446
432 433
433 446
433 447
433 434
434 447
434 448
434 435
435 448
435 449
435 436
436 449
437 450
437 451
437 438
438 451
438 452
438 439
439 452
439 453
439 440
440 453
440 454
440 441
441 454
441 442
442 443
444 445
445 446
446 455
446 447
447 455
447 456
447 448
448 456
448 449
450 451
451 452
452 453
453 454
455 456
