416
416
310
416
181
450
267
244
402
365
270
451
244
450
365
450
450
450
418
341
365
450
365
416
365
150
394
365
204
402
402
340
336
450
396
416
181
402
391
336
450
450
225
244
180
 87
450
426
358
 87
340
437
416
250
397
450
450
315
438
225
311
416
367
450
267
416
450
 69
341
365
249
365
267
310
416
394
416
225
394
395
450
387
267
450
417
422
402
450
450
338
310
417
367
450
418
334
315
278
450
402
418
450
181
225
309
435
181
365
341
416
244
365
269
267
416
365
416
340
450
365
394
365
450
424
249
254
336
340
394
416
416
416
402
224
340
402
394
451
416
402
250
 86
448
365
250
450
365
451
418
416
417
367
  7
451
388
341
394
342
156
395
450
416
416
365
309
450
416
250
402
450
267
395
311
310
416
418
437
416
402
225
170
450
365
416
365
387
394
450
416
416
267
394
416
310
365
145
416
313
340
394
419
451
450
451
365
439
450
402
 88
387
450
340
365
424
224
395
394
267
450
224
 87
205
249
365
394
403
267
451
416
367
 86
416
451
417
451
450
421
402
450
294
450
336
250
365
267
370
450
200
387
450
416
416
310
341
267
402
416
416
416
437
394
416
311
365
365
416
267
310
402
451
416
267
420
402
270
402
181
394
450
340
394
170
395
310
416
394
450
365
249
450
336
244
418
310
394
269
367
395
340
416
416
180
416
416
416
145
450
416
416
416
450
450
365
340
309
270
394
394
340
416
450
424
450
337
416
450
267
450
402
244
340
204
416
416
310
269
340
450
365
418
150
416
394
367
225
