145.322578 -42.160485
147.549031 -41.861963
147.201907 -42.401808
145.380417 -41.891522
147.942650 -41.094137
145.216961 -41.641724
146.666020 -42.277194
147.777954 -42.720775
146.036859 -41.242407
145.648835 -42.567187
144.936711 -41.001922
145.473913 -42.517367
145.698632 -41.394759
144.774992 -41.288813
146.047292 -42.939018
147.856714 -41.188909
145.579927 -41.479774
144.852408 -40.670527
146.204336 -41.508315
145.458211 -42.210384
146.523450 -41.412542
146.660371 -43.337304
145.478853 -41.012274
146.426077 -41.409912
147.569935 -41.681851
146.576540 -43.494497
147.582731 -41.863184
147.744090 -42.946186
147.072340 -41.348785
147.908149 -43.077559
145.826496 -43.352554
145.860845 -41.064765
147.162770 -42.515979
144.759829 -40.708712
145.902191 -41.520878
147.738826 -42.756122
147.849222 -42.868958
147.602005 -42.725431
147.983264 -42.443239
144.822290 -41.345283
144.920698 -40.907455
147.375315 -41.258449
146.081880 -41.536390
147.965290 -42.313686
147.557244 -41.879404
145.691356 -41.111175
144.632612 -41.229627
146.279909 -43.437885
146.309307 -41.634870
146.766563 -41.386459
147.059173 -43.031959
145.101763 -41.702303
147.855965 -42.024420
146.222027 -41.954116
144.855296 -40.779633
145.923566 -41.928573
147.313035 -42.720630
145.872417 -43.099870
146.263637 -41.514149
146.192855 -42.387019
145.671659 -42.954029
145.819443 -43.194666
148.100821 -41.398041
