-1.606037
 0.470975
 1.888089
-1.946256
 1.785155
-1.729664
-1.326014
-0.470176
-1.961978
-1.181976
-1.413504
 0.516606
-1.269037
 1.737626
 0.185281
-0.063202
 0.874184
-0.696235
 1.704593
 1.606526
 0.529631
 0.547614
-0.045443
-0.866166
-1.753390
 0.090751
 1.972792
-1.873486
-1.559710
 0.471924
-0.422863
 0.090961
-1.733427
 1.049453
 0.877251
 1.866854
-1.370028
-0.856822
 0.244820
-1.612870
 0.955290
 1.575623
-1.476320
 1.744965
-1.600637
 1.880641
-1.662418
-1.167364
-1.468201
 0.795815
-1.194440
 1.612568
-1.356772
-1.758828
 0.197866
-0.452095
 0.201281
-1.748899
 0.107101
-0.129623
-1.375889
-1.395484
-0.538502
