145.430110 -42.258607
148.002914 -43.160669
147.259825 -42.085526
145.762861 -40.950888
147.175599 -43.224731
144.994330 -41.665470
145.533770 -41.411769
147.458768 -42.445123
145.693352 -41.138329
146.041961 -42.463367
147.852361 -42.962541
146.975305 -43.229059
145.180018 -42.272612
144.760901 -40.723931
146.657963 -41.292693
145.335116 -42.285914
146.059664 -41.350768
147.821713 -42.956693
147.643333 -42.877707
145.911367 -42.156817
147.610575 -42.107033
147.716510 -42.090646
147.802296 -41.177866
146.812011 -42.101199
145.740006 -41.256757
147.797950 -40.954098
145.956816 -41.054960
146.850612 -41.606955
146.161128 -42.539714
145.023180 -41.812480
146.041910 -41.723103
146.815445 -41.812621
145.708132 -41.067421
146.347243 -43.481607
146.568555 -42.884621
148.238228 -41.889172
147.095290 -41.271946
