-41.123815 -42.430857 -42.982689 -42.357329 -41.045352 -43.080238 -42.160751 -43.342389 -42.777784 -41.337353 -40.927916 -42.148612 -42.005809 -42.459764 -42.606086 -42.550823 -41.008173 -41.234156 -42.053493 -41.116114 -41.287432 -42.104890 -42.709497 -41.356388 -40.913193 -43.208089 -42.121875 -42.813587 -42.061508 -42.570520 -42.561717 -41.703526 -42.576261 -41.458750 -41.254260 -42.180269 -42.489768 -41.545191 -43.395996 -43.273231 -40.749287 -41.214628 -42.763468 -40.875200 -42.364271 -42.880052 
-41.123815 -42.696839 -42.859106 -41.397727 -41.045352 -43.080238 -41.323119 -41.750690 -41.105836 -41.337353 -40.823830 -41.834818 -43.098234 -43.332178 -41.547832 -42.524508 -41.008173 -41.234156 -43.145260 -42.215415 -41.287432 -41.986061 -42.709497 -42.406562 -41.106709 -41.993684 -42.105017 -41.612691 -42.095787 -41.383664 -43.367134 -41.951216 -42.016473 -41.458750 -41.214628 -41.069257 -41.464680 -42.600651 -42.552677 -40.896680 
-41.123815 -43.505045 -41.702353 -41.820896 -41.045352 -43.080238 -41.323119 -40.888162 -41.031293 -41.444950 -41.919228 -42.799685 -43.024158 -43.507769 -42.283692 -41.866110 -43.085006 -41.234156 -41.214628 -42.955747 -41.287432 -42.866546 -42.709497 -42.406562 -41.106709 -41.993684 -42.105017 -41.113253 -42.095787 -41.402622 -41.216739 -41.464680 -41.629080 -42.115582 -42.312508 -41.041194 -41.832555 -42.505928 -42.509873 -42.671080 -42.332021 -41.539798 -41.001906 -41.974406 -41.583988 
-41.123815 -42.683284 -40.750701 -43.200578 -41.045352 -43.080238 -41.323119 -40.888162 -41.031293 -42.292349 -42.982626 -42.799685 -41.467303 -42.821297 -43.427917 -42.111647 -42.038712 -41.234156 -41.459112 -42.291823 -41.287432 -42.087872 -42.709497 -42.716287 -41.402385 -42.036478 -42.105017 -41.990705 -41.759976 -41.210327 -42.605661 -41.464680 -41.629080 -43.338929 -41.728778 -41.041194 -41.534706 -41.991630 -41.842678 -42.244990 -42.274720 -40.974423 -42.096163 -41.869145 -40.940405 -42.463042 -42.129892 
-41.123815 -43.104742 -43.338422 -42.214302 -41.045352 -43.080238 -41.323119 -41.599172 -42.999469 -43.430707 -41.938651 -42.799685 -41.707376 -41.288976 -42.627837 -42.686555 -42.137817 -41.234156 -42.748062 -42.621254 -43.033325 -41.181987 -42.709497 -42.092509 -40.925443 -41.915064 -41.325964 -41.990705 -42.844179 -41.740681 -41.053864 -41.393382 -41.629080 -42.073139 -42.974220 -41.087547 -40.790685 -43.109186 -41.414539 -43.251088 -42.392352 -42.302383 -43.009954 
-41.123815 -42.408827 -41.189660 -43.387883 -41.045352 -43.080238 -43.115416 -42.095561 -41.727930 -42.392352 -42.719640 -42.735342 -41.349348 -42.172305 -42.273680 -42.073139 -42.064971 -41.284906 -41.361841 -42.990343 -41.527016 -41.181987 -42.709497 -41.191521 -40.809947 -42.059028 -42.048788 -41.990705 -41.077127 -43.517745 -41.228926 -42.237092 -43.404453 -42.101466 -43.419174 -42.805049 -41.485411 -43.200245 -42.495205 -43.069120 -41.979529 
-41.123815 -41.651452 -42.330597 -42.036307 -41.045352 -43.117120 -41.469052 -42.095561 -41.393949 -41.729091 -42.311893 -42.806178 -43.135277 -41.036106 -42.273680 -42.073139 -43.105754 -41.284906 -41.361841 -43.638487 -42.502567 -41.181987 -42.709497 -42.229230 -40.889283 -43.402137 -42.423284 -41.990705 -41.077127 -41.868887 -42.075742 
-41.123815 -41.651452 -41.373664 -41.959868 -41.045352 -43.117120 -41.455596 -42.095561 -42.990069 -43.087036 -41.851704 -42.806178 -41.569207 -41.034760 -42.829249 -42.073139 -42.409615 -41.542086 -41.361841 -41.765833 -41.286017 -41.181987 -42.709497 -41.095480 -40.938932 -41.990705 -42.174043 -42.828559 -41.235690 -43.149163 -42.632307 -41.442491 -43.066770 -43.055352 -40.882174 
-41.123815 -41.651452 -41.756768 -41.113498 -41.045352 -42.964287 -41.590224 -42.302310 -42.267565 -42.158535 -41.501753 -42.806178 -42.805398 -41.358693 -41.651896 -41.674868 -43.466805 -42.029877 -41.699303 -42.219180 -41.286017 -41.181987 -42.709497 -41.095480 -40.938932 -41.990705 -43.020654 -41.557529 -41.020053 -42.157309 -41.468867 -42.343740 -42.695597 
-41.123815 -41.262931 -42.036101 -41.292042 -41.045352 -43.122878 -41.641281 -40.774448 -42.267565 -42.158535 -41.433561 -42.966501 -42.442170 -42.399474 -41.651896 -42.840848 -41.286541 -42.457043 -41.514411 -41.274159 -41.286017 -41.181987 -42.709497 -41.037683 -40.931918 -41.990705 
-41.123815 -41.144470 -41.543065 -43.303543 -41.045352 -43.082164 -41.222286 -41.392033 -41.983079 -42.158402 -41.433561 -42.966501 -42.480130 -42.495925 -41.651896 -42.154868 -41.741471 -42.291550 -41.489063 -41.295171 -41.357228 -41.181987 -42.709497 -41.058682 -42.766317 -40.807550 -42.430162 -42.172270 -42.839637 -42.682110 -42.917603 -43.244886 -41.077080 -42.946160 -41.238545 -43.221230 
-41.123815 -41.144470 -41.543065 -42.371923 -40.990682 -43.082164 -41.222286 -41.555675 -41.983079 -42.158402 -42.596588 -42.966501 -43.196919 -42.478405 -41.729902 -42.116545 -41.585456 -42.059718 -41.489063 -41.057683 -41.357228 -41.181987 -42.976728 -43.023665 -42.192338 -41.177991 -41.380896 -42.121545 -42.134322 -42.357485 -41.487103 -42.016464 -42.759428 -41.503103 -41.631824 -41.744981 -41.130028 -41.828106 -42.359108 -41.417526 -42.861393 -42.355868 
-41.123815 -41.166308 -42.865332 -41.704862 -40.990682 -43.082164 -42.277486 -41.555675 -41.983079 -42.158402 -41.130028 -42.966501 -43.410656 -40.902102 -41.729902 -43.525407 -41.585456 -41.520196 -41.360275 -41.057683 -41.357228 -41.181987 -42.976728 -41.456686 -41.102170 -41.177991 -41.121149 -41.143565 -42.599840 -41.522026 -41.184882 -41.819719 -43.003847 -42.641764 -41.946877 -42.738155 -41.818079 -42.987059 -42.148095 -43.238017 -42.971941 -41.823280 -42.716022 -42.829410 -42.580159 -42.468164 -43.072894 -41.599833 -43.201237 -41.718462 -41.677333 -41.925090 -42.485635 -42.922116 -43.413906 -42.694135 -42.661489 -43.012976 
-41.123815 -41.117073 -41.338496 -42.436722 -40.990682 -43.082164 -41.923464 -42.514271 -41.983079 -42.014849 -42.008309 -42.954573 -41.104626 -43.341015 -41.597141 -43.362628 -41.672370 -42.669019 -41.360275 -41.115037 -41.357228 -41.181987 -42.976728 -42.858150 -41.102170 -41.177991 -42.524537 -42.110214 -42.444021 -43.291227 -41.184882 -41.567196 -42.434032 -42.923501 -41.042234 -43.508656 -42.312063 -42.706380 -41.391525 
-41.123815 -41.491400 -41.182534 -41.976991 -40.990682 -43.082164 -42.813644 -40.834035 -41.983079 -42.202794 -40.947676 -42.954573 -42.608181 -42.756098 -42.087516 -41.025085 -42.597395 -40.918874 -41.360275 -41.031476 -42.535574 -41.296567 -42.976728 -41.335188 -41.051860 -42.338056 -42.735947 -43.216000 -42.765741 -41.196642 -41.245112 -42.168645 -42.844096 -42.187292 -41.346568 -41.402326 -41.120590 -41.003504 -43.393238 -42.370397 -43.371597 -40.860150 -42.572963 -41.109885 -42.682457 -43.084000 
-41.123815 -41.745391 -42.124364 -42.780773 -40.984945 -43.082164 -42.470960 -41.805244 -41.983079 -42.058787 -41.302832 -41.640274 -41.231975 -42.116695 -42.087516 -41.177256 -41.415308 -41.746472 -41.301012 -42.205347 -41.933800 -41.296567 -42.976728 -43.277617 -41.051860 -43.340650 -41.607334 -43.295583 -41.086393 -42.136166 -41.245112 -41.777094 -42.211541 -43.179417 -41.973016 -41.402326 -43.154903 -41.039798 -41.357941 -42.823366 -43.312880 -41.264193 
-41.123815 -41.745391 -41.842421 -42.780773 -40.984945 -43.082164 -43.335186 -41.943768 -41.983079 -42.878493 -40.842448 -41.346704 -42.344149 -42.700187 -42.087516 -41.577745 -41.113309 -42.331458 -42.436775 -42.540725 -43.138927 -41.296567 -42.989207 -41.665080 -41.051860 -41.080929 -42.142445 -42.531207 -43.189832 -41.664575 -41.245112 -42.399681 -42.314086 -40.759605 -41.392171 -41.402326 -40.931592 -41.813390 
-41.424048 -41.878590 -40.933760 -42.813108 -40.984945 -43.082164 -41.160066 -42.368567 -41.983079 -41.245112 -41.627562 -41.403608 -43.506032 -42.314086 -42.087516 -42.978996 -43.053001 -42.314421 -42.436775 -42.291403 -41.169248 -41.296567 -42.989207 -42.245692 -41.148801 -41.434536 -42.668693 -41.402326 -41.912911 -41.433062 -43.124588 -41.870613 -42.781423 -41.137421 -42.981115 -43.270763 -42.713405 -41.090521 -41.227531 -42.528164 
-42.409655 -43.227862 -41.858073 -42.358426 -40.984945 -43.082164 -42.388044 -41.379214 -41.983079 -41.245112 -40.947481 -42.511715 -42.867877 -43.024633 -42.087516 -42.705956 -41.473230 -42.682949 -42.157428 -41.431126 -40.807320 -41.296567 -42.989207 -42.738067 -41.029569 -41.319685 -40.868323 -41.402326 -42.175390 -41.108555 -41.090521 -42.974858 -41.613567 -43.127420 -42.283815 -42.792810 -41.070178 -42.569045 -42.343112 -41.538817 -42.878116 -41.992826 -42.233453 -43.132127 -42.329325 
-42.258846 -42.618999 -43.372315 -42.358426 -40.984945 -43.082164 -41.388167 -41.532356 -41.983079 -41.245112 -41.335202 -42.254005 -41.067252 -42.993238 -42.087516 -42.473553 -42.361308 -41.108555 -40.932666 -41.431126 -41.695902 -41.296567 -42.989207 -41.090521 -41.029569 -41.246145 -40.868323 -41.402326 -42.960364 -43.469754 -41.661571 -42.625054 -42.206508 
-42.960364 -42.227630 -42.245620 -41.402326 -40.984945 -43.008830 -41.796985 -42.847266 -41.682400 -41.245112 -42.217198 -40.831987 -43.136419 -42.677110 -41.949037 -42.494007 -42.065140 -42.880247 -43.070027 -41.431126 -43.437447 -41.296567 -42.994186 -41.090521 -41.029569 -41.314405 -41.459894 -41.907809 -43.061337 -41.371629 -43.431235 -42.532009 -42.876071 -42.443883 -42.347914 -42.593850 
-42.851325 -42.227630 -41.942814 -41.402326 -40.984945 -43.008830 -43.143659 -42.673218 -41.773288 -41.245112 -42.482719 -40.831987 -41.067045 -42.147969 -42.149837 -41.873373 -42.865221 -42.397963 -41.581713 -42.528632 -41.201320 -41.296567 -42.994186 -41.090521 -41.029569 -41.620328 -42.410756 -41.907809 -42.015865 -41.521087 -41.539779 -42.748231 -42.638391 -42.784972 -43.496853 -42.271603 -41.314114 -41.692933 -41.960950 -43.204536 -41.695187 -43.569525 -42.054881 -42.286151 -42.243700 -42.881283 -42.079503 -42.066793 
-42.851325 -42.361549 -42.619443 -41.402326 -40.984945 -43.008830 -43.316644 -43.209001 -41.773288 -41.245112 -42.723992 -40.831987 -42.358184 -41.475594 -40.750250 -42.081320 -42.157797 -43.029525 -41.393973 -41.695187 -41.886105 -41.296567 -42.994186 -41.090521 -41.050644 -41.579043 -41.488332 -41.949830 -43.177389 -43.030598 -43.606262 -43.363980 -43.123133 -42.309943 -41.062099 -40.853215 -42.235964 -42.565786 -42.509216 -42.807799 -43.439444 
-42.851325 -42.590427 -41.399697 -41.402326 -41.018196 -43.008830 -41.979900 -42.561011 -41.773288 -41.245112 -42.429028 -40.831987 -42.297995 -42.672724 -42.636890 -41.225461 -43.395048 -41.773099 -41.393973 -41.903941 -41.748025 -41.296567 -42.994186 -41.090521 -41.050644 -41.969618 -42.117448 -41.888322 -41.342191 -43.187338 -42.476173 -41.225386 -41.913747 -43.392821 -41.951198 -41.964233 -41.671226 
-42.851325 -43.324501 -42.300179 -41.524911 -41.018196 -43.008830 -42.122464 -43.030427 -41.773288 -41.245112 -41.835049 -40.831987 -42.324937 -42.951451 -41.784962 -42.823170 -42.130854 -40.861928 -41.362047 -41.588490 -41.748025 -41.296567 -42.994186 -41.090521 -41.050644 -42.923406 -42.089786 -43.407390 -42.106339 -42.333377 
-41.724472 -42.250744 -42.218954 -41.524911 -41.018196 -43.008830 -42.122464 -43.085946 -41.773288 -41.245112 -42.253254 -40.831987 -42.768199 -43.449146 -41.784962 -41.986907 -42.141346 -42.500919 -41.362047 -43.318311 -41.748025 -41.296567 -42.994186 -41.090521 -41.050644 -41.841160 -42.559861 -41.869022 -42.328555 -42.192468 -42.440027 -42.999485 -42.798655 -42.605229 -42.695486 -40.758359 -43.251493 -41.769535 -40.981948 -41.425007 -42.841097 -42.983717 -42.834561 -41.517724 -41.647158 -41.425376 -43.292258 -42.550274 -42.270722 -42.442151 -42.234473 -41.128764 -42.135957 -42.295607 -42.544848 -43.000388 
-41.003745 -43.050194 -43.485965 -42.080048 -41.018196 -42.639793 -42.707308 -41.722069 -41.773288 -41.245112 -42.171037 -41.808483 -41.497325 -42.126227 -41.784962 -42.525380 -43.642037 -41.841912 -41.362047 -41.193862 -41.748025 -41.296567 -42.192516 -41.090521 -41.050644 -42.090076 -42.348710 -42.376639 -43.163448 -41.575931 -42.393844 -41.830889 -42.798655 -41.488274 -42.580534 -40.758359 -42.590856 -42.945844 -42.783409 -41.629290 -43.191218 -41.362913 -42.201021 -43.238858 -43.112107 -42.914892 -41.311984 -41.160078 -41.881480 -43.135391 
-42.945844 -41.516229 -43.072958 -41.944555 -40.967025 -41.620120 -43.188365 -41.520283 -41.773288 -41.245112 -40.990416 -41.355735 -42.853908 -42.357932 -41.378585 -42.492419 -43.403599 -42.991018 -41.362047 -41.427446 -41.748025 -41.296567 -41.256573 -41.090521 -41.050644 -41.974609 -43.186010 -40.980673 -43.163134 -41.575931 -42.094646 -42.341965 -41.225005 -41.865419 
-42.945844 -43.214273 -42.839594 -41.717299 -40.967025 -42.010959 -43.088763 -41.520283 -42.294758 -41.245112 -40.990416 -43.541869 -41.637627 -42.627396 -40.885669 -41.275750 -42.353975 -41.376101 -41.362047 -41.427446 -41.748025 -41.296567 -42.054846 -41.152807 -41.050644 -41.995592 -43.583155 -43.232741 -41.762198 -41.320012 -41.724238 -42.549428 -43.219814 -42.775812 -43.141892 -41.968288 -41.467424 -42.539728 -42.636064 -41.637916 -40.840000 -40.899691 -42.631639 
-42.941508 -42.828596 -42.094493 -41.900546 -40.967025 -42.852896 -41.219346 -41.520283 -42.282773 -41.245112 -40.990416 -43.177271 -41.637627 -41.901114 -41.203149 -43.302758 -43.299741 -42.111035 -41.554637 -41.427446 -41.748025 -41.296567 -41.073882 -41.141583 -41.050644 -41.976939 -43.583155 -40.833632 -43.097970 -41.320012 -41.724238 -41.388148 -42.896917 -42.111046 -42.970561 -41.785528 -43.166300 -41.754627 -41.551074 -43.354461 -42.332977 -42.149368 -41.464464 -42.053246 -41.225016 -41.085408 -42.847918 -41.286870 
-42.881320 -41.202957 -41.515176 -41.900546 -40.967025 -41.464464 -42.984479 -41.313853 -42.423903 -41.203055 -40.916693 -41.512833 -42.284091 -41.658555 -42.745110 -43.044520 -41.585418 -42.887433 -41.851095 -41.427446 -42.199128 -41.296567 -41.327618 -41.141583 -41.115133 -41.976939 -43.259220 -41.682665 -43.097970 -41.665501 -41.724238 -42.920337 -43.121496 -43.351073 -41.971891 -41.107099 -41.640476 -41.004273 -42.444249 -42.041691 -43.283805 -42.043369 -41.634824 -41.135083 
-43.258750 -42.440860 -41.515176 -42.761905 -41.059292 -41.464464 -41.991765 -42.012735 -43.402834 -41.203055 -40.916693 -41.512833 -42.419663 -41.658555 -42.609120 -41.964997 -41.585418 -42.462610 -42.983789 -41.427446 -42.552232 -41.296567 -40.940576 -41.141583 -42.684257 -42.520450 -42.147624 -42.434628 -41.803593 -41.665501 -41.724238 -41.148872 -43.162210 -41.075593 -42.903168 -42.106407 -43.099419 -41.742772 -42.444249 -43.458848 -41.848656 -43.077244 -41.530852 -42.105691 -41.715841 -42.689521 -42.075358 
-42.773561 -42.967961 -41.439763 -42.417705 -41.059292 -41.464464 -40.882370 -43.253458 -41.528362 -41.203055 -40.916693 -42.871665 -43.321566 -41.859925 -42.377139 -41.964997 -42.087606 -43.390193 -42.737826 -41.427446 -41.627689 -41.296567 -41.449300 -41.141583 -43.138694 -42.164955 -43.077244 -42.085260 -41.347330 -41.665501 -41.724238 -41.148872 -43.097298 -41.075593 -41.807059 -42.991631 -42.396154 -43.521984 -41.138712 -42.753172 -42.265029 -41.742209 -41.511848 -42.723837 -43.239993 -42.734406 -41.225369 -41.053685 -43.516690 -43.244555 -42.134095 -41.896690 -41.460802 -42.040011 -42.517005 -41.812400 -43.247570 -42.415918 
-42.773561 -41.514092 -41.307159 -41.186765 -41.059292 -41.464464 -42.985778 -42.766370 -41.528362 -41.203055 -40.916693 -42.440746 -41.083332 -43.244555 -42.253751 -41.712846 -41.026834 -42.888556 -41.924324 -42.629814 -41.732972 -41.309552 -41.511848 -41.141583 -41.400314 -40.912235 -43.077244 -41.820486 -41.576250 -42.144585 -41.724238 -40.967296 -41.742209 -43.385175 -41.807059 -41.936184 -41.817043 -41.273538 -42.726563 -42.231724 -41.483461 -41.160874 -41.451106 -41.725780 -42.322308 -41.905639 -41.137514 -42.556040 -41.531516 -43.288973 -41.584897 -43.361633 -41.484368 -42.012011 -43.022145 -42.974541 
-42.819507 -41.847147 -41.307159 -41.186765 -41.059292 -41.394231 -41.853653 -42.626405 -41.553160 -42.853696 -40.916693 -42.477567 -42.672881 -41.626309 -42.576953 -41.393589 -41.450734 -42.742018 -42.497303 -43.410484 -41.681741 -41.309552 -41.511848 -41.141583 -41.400314 -41.431872 -43.077244 -43.128248 -42.066398 -42.322192 -41.724238 -42.127755 -41.484368 -43.534851 -42.183705 -41.936184 -41.432480 -41.680196 -41.919072 -43.290044 -40.991004 -41.076578 -43.166406 -43.150787 -42.322308 -41.905639 -41.633230 -41.600788 -43.215370 -41.422708 
-42.845954 -41.681475 -41.307159 -41.186765 -41.059292 -41.394231 -41.450094 -43.283625 -42.345448 -41.459298 -40.916693 -43.039826 -42.468279 -43.259983 -42.835362 -41.240637 -41.585109 -41.633230 -41.418071 -41.572317 -43.236801 -41.309552 -41.511848 -41.141583 -41.400314 -41.596910 -43.203647 -42.178456 -42.422052 -41.076578 -41.724238 -41.933014 -41.497949 -42.638989 -43.401010 -41.852504 -43.066166 -41.722892 -41.075080 -41.243801 -41.837560 -42.457141 -43.005555 -42.066418 -43.345493 
-41.347203 -43.548155 -41.307159 -41.186765 -40.964054 -41.767623 -41.480427 -41.577304 -42.854720 -42.397747 -40.916693 -42.218510 -41.548222 -43.574744 -41.728724 -42.102398 -41.067404 -41.633230 -42.174023 -41.385943 -41.211966 -41.309552 -42.693018 -41.141583 -42.250425 -41.488589 -43.094479 -42.980886 -43.019587 -41.076578 -41.737067 -41.673442 -41.497949 -42.918468 -42.383753 -42.916011 -42.638027 -42.474216 -41.842509 -42.834680 -41.127596 -42.890872 -40.983686 
-42.933608 -41.362013 -42.980886 -40.779074 -40.964054 -40.854299 -42.737900 -41.577304 -43.297232 -43.343694 -40.916693 -41.263288 -43.091969 -41.737067 -41.076578 -41.673442 -41.324236 -41.710205 -41.995667 -43.092721 -41.491372 -41.309552 -41.917954 -41.141583 -41.503330 -41.734663 -43.094479 -41.557865 
-41.958186 -41.362013 -42.980886 -40.846192 -40.964054 -41.309552 -41.532872 -41.577304 -41.970056 -43.553402 -40.916693 -42.207684 -41.503330 -41.737067 -41.132174 -43.094479 -41.141583 -41.990219 -41.651180 -41.660498 -41.971001 -41.670862 -41.249693 -41.628790 -41.577875 
-42.156437 -41.362013 -42.980886 -41.615919 -40.964054 -41.309552 -42.858074 -41.088388 -43.452440 -41.423462 -40.916693 -41.249693 -41.503330 -42.603668 -41.132174 -43.094479 -41.025205 -40.961483 -42.901429 -41.961795 -41.780394 -42.274271 -41.976474 -42.317242 -41.258958 -41.126741 -43.003245 -41.879960 -43.349165 -42.011002 -41.035428 -41.889947 -43.403289 -41.805963 -42.870726 -43.083385 -42.192588 -41.132879 -41.775925 -42.581196 -41.730644 
-41.546966 -41.423035 -43.000738 -42.084582 -40.964054 -41.309552 -42.858074 -41.088388 -43.170012 -43.132708 -40.916693 -41.249693 -41.503330 -43.416213 -41.093493 -43.130476 -41.025205 -41.567516 -41.784227 -42.311763 -41.974841 -42.942593 -42.149280 -42.066927 -41.258958 -42.554489 -43.037572 -41.860070 -42.844146 -41.891025 -41.695576 -42.099146 -41.618249 -42.771437 
-41.483324 -41.423035 -43.000738 -42.263657 -40.964054 -41.309552 -42.858074 -41.230460 -43.612231 -41.231598 -40.916693 -41.249693 -43.081975 -43.470586 -42.005190 -43.130476 -41.025205 -42.900405 -42.767381 -42.311763 -41.623969 -42.004657 -41.358837 -41.574220 -41.258958 -42.995166 -42.318745 -41.479064 -41.555616 -41.486501 -41.717302 -42.099146 -42.714992 -41.918770 -42.529421 -42.410428 -41.124617 -42.350215 -43.401221 -41.649516 -42.498280 -42.585450 
-41.483324 -41.423035 -43.000738 -42.986033 -40.964054 -41.309552 -42.181582 -43.421860 -42.686095 -41.231598 -40.916693 -41.210217 -42.376979 -41.866874 -41.716684 -43.130476 -41.025205 -42.444290 -42.431588 -41.269739 -41.436620 -42.904971 -41.468550 -41.214592 -41.258958 -42.451836 -41.032875 -41.076623 -41.715490 -42.022904 -42.896856 -42.099146 -42.403201 -42.329388 -42.666721 -41.974283 -42.915363 -41.818194 -42.109468 -42.018388 
-41.483324 -41.423035 -43.000738 -42.047346 -40.964054 -41.309552 -42.184246 -43.398606 -42.269004 -42.595779 -40.886900 -41.210217 -42.597395 -41.866874 -43.070032 -43.130476 -41.025205 -41.102079 -41.220665 -42.716296 -41.436620 -40.959057 -41.831863 -42.193749 -41.258958 -41.143325 -43.205192 -41.528042 -41.153065 -42.814448 -41.735957 -42.099146 -42.856556 -41.974283 -42.574732 -41.953577 -43.088258 -43.249413 -41.856118 -41.813800 -41.680975 -42.597104 
-41.483324 -41.423035 -43.000738 -43.008657 -40.964054 -41.309552 -42.911468 -41.758567 -42.856556 -42.357892 -40.886900 -41.219433 -41.698773 -41.866874 -42.073683 -43.130476 -41.025205 -41.102079 -42.921208 -42.362469 -41.436620 -41.277551 -42.773351 -42.237836 -41.823218 -41.802468 -41.268665 -41.491335 -41.859639 -42.172149 -42.391173 -42.777705 -42.447776 -42.879837 -41.230480 -42.418958 -42.586928 -41.524573 -41.799839 -43.346188 -42.254963 
-41.483324 -41.423035 -43.000738 -42.360025 -40.964054 -41.309552 -42.152197 -41.758567 -42.856556 -42.175433 -40.886900 -41.219433 -42.221309 -41.866874 -41.141307 -43.130476 -41.025205 -41.102079 -42.539102 -42.362469 -41.436620 -41.208356 -42.490972 -42.130029 -41.090596 -41.460728 -41.268665 -41.787860 -43.360269 -43.563412 -40.912345 -43.299046 -41.341040 -42.727307 
-41.387565 -42.832750 -43.000738 -43.393262 -40.964054 -41.309552 -40.784489 -41.815172 -42.856556 -42.933822 -40.886900 -41.189665 -42.221309 -41.866874 -42.346167 -43.130476 -41.025205 -41.102079 -42.539102 -42.370416 -43.154366 -43.420966 -42.216415 -42.198334 -43.333354 -41.304465 -41.844361 -41.477037 -41.426505 -42.182770 -41.292567 -41.125974 -42.759424 -41.115460 -42.939378 -42.880978 -42.847927 
-41.387565 -43.484892 -42.938368 -41.505942 -40.964054 -41.309552 -42.096409 -41.815172 -42.856556 -41.662259 -40.886900 -41.164116 -42.221309 -41.866874 -43.011178 -43.130476 -41.107035 -42.950680 -42.539102 -42.312101 -43.608137 -41.878909 -42.984506 -42.481773 -43.169262 -41.683589 -40.750796 -43.176055 -41.045272 -41.201108 -41.459396 -43.150648 -41.951610 -41.178629 -43.301502 -41.735553 -41.007660 -41.527897 -41.370154 -41.819937 
-41.387565 -42.693141 -42.938368 -41.505942 -40.964054 -41.235589 -41.135617 -41.815172 -42.856556 -42.808546 -40.886900 -41.306067 -42.221309 -42.127970 -41.039727 -43.130476 -41.107035 -41.217755 -41.551716 -41.092634 -41.916463 -42.909271 -43.502355 -42.956613 -43.327259 -41.298901 -41.436499 -42.884258 -42.437669 -42.308584 -43.180646 -43.028786 -43.532563 -42.352515 -43.037611 
-41.319820 -42.868517 -42.938368 -41.996161 -40.964054 -41.235589 -41.135617 -41.815172 -42.856556 -43.450384 -40.991496 -42.581329 -42.221309 -42.127970 -42.477625 -43.130476 -41.107035 -42.382055 -43.373627 -41.961347 -42.952036 -42.222797 -40.740435 -41.893073 -41.216313 -41.298901 -42.678376 -42.555383 -42.539713 -43.567575 -42.289234 
-41.319820 -42.120227 -42.938368 -42.437725 -40.964054 -41.235589 -41.135617 -41.815172 -42.856556 -42.271329 -40.935157 -41.376074 -42.221309 -41.420105 -41.237320 -43.170429 -41.107035 -42.382055 -42.901474 -41.492607 -41.497372 -42.541531 -42.739384 -43.591561 -43.163650 -42.316208 -42.212424 -42.136620 -43.041579 -42.131787 -42.044562 -42.009888 -42.879619 -41.784911 -42.193149 -43.067874 -40.816686 
-41.518080 -41.866394 -42.938368 -43.202605 -40.964054 -41.235589 -41.135617 -41.815172 -42.856556 -41.986735 -40.935157 -41.422265 -42.108274 -41.448297 -41.094204 -41.830302 -41.107035 -42.440023 -41.612450 -41.492607 -41.488702 -42.966315 -41.337830 -42.822648 -42.117043 -43.328414 -40.780221 -42.451017 -41.816933 -43.520089 -41.269993 -43.110025 -41.945022 -42.314034 
-41.031065 -42.015907 -42.917384 -43.617082 -40.964054 -41.235589 -41.135617 -41.815172 -43.299590 -42.232444 -40.828266 -41.218730 -41.170960 -41.448297 -41.027779 -41.608585 -41.107035 -43.037508 -42.964295 -43.346087 -41.488702 -41.269993 -42.269625 -42.819807 -42.117043 -42.828778 -42.765096 -42.677475 -43.312592 
-41.043416 -41.851623 -42.917384 -43.349724 -41.076099 -41.235589 -41.135617 -41.815172 -42.833850 -43.196419 -40.828266 -41.142932 -43.503808 -41.448297 -41.370353 -41.781225 -41.107035 -42.012842 -42.964295 -42.532118 -42.436231 -41.269993 -41.618286 -43.529238 -42.117043 -42.778831 -40.939975 -41.277584 -42.079428 -42.456448 -42.676821 -42.960214 -43.318281 -42.172321 -41.542358 -41.394024 -42.892185 -42.648260 -43.559061 -43.292842 
-42.960545 -42.982242 -42.940743 -42.189319 -41.076099 -41.816722 -41.135617 -41.815172 -42.412154 -42.323903 -40.828266 -40.834593 -43.211500 -41.448297 -41.209674 -41.122221 -41.107035 -41.903374 -42.964295 -42.953490 -41.904729 -41.269993 -41.584403 -41.984859 -42.117043 -43.554309 -42.038860 -41.305093 -43.629940 -42.450691 -41.905539 -41.338378 -42.887687 -42.158669 -41.396306 -41.187312 -41.162718 -42.298240 -41.224197 -42.341706 -41.055949 -41.783791 -43.112283 
-41.334263 -41.338378 -42.870455 -40.952938 -43.084795 -41.388783 -41.135617 -41.815172 -42.389185 -43.290465 -40.828266 -42.083560 -43.379941 -42.670076 -42.471576 -43.000240 -41.107035 -42.223999 -42.964295 -42.413278 -41.563727 -43.542908 -41.511230 -42.241621 -42.117043 -43.151330 -41.790167 -42.316872 -41.591812 -42.704535 -42.780036 -42.621625 -42.529765 -42.810196 -42.976799 -41.470757 
-42.789742 -41.338378 -42.870455 -40.952938 -42.109386 -41.384053 -41.135617 -41.815172 -41.479199 -42.603684 -40.828266 -42.083560 -43.326551 -42.459692 -41.250252 -43.061023 -41.107035 -42.523697 -42.801945 -42.198101 -41.008881 -43.503006 -41.511230 -41.621230 -42.117043 -41.311371 -43.399641 -40.868609 -41.024588 -43.398700 -41.955742 -40.912819 
-42.372074 -41.338378 -42.870455 -40.952938 -42.092736 -43.289285 -41.135617 -41.821515 -43.129898 -43.326955 -40.828266 -42.083560 -42.352476 -43.542244 -41.882612 -42.201870 -41.076056 -41.796864 -42.801945 -41.426764 -41.008881 -42.117043 -41.511230 -41.456346 -42.176788 -43.338554 -42.611308 
-42.289328 -41.338378 -42.870455 -40.919016 -42.048550 -41.328611 -41.135617 -42.296723 -42.770264 -41.520246 -40.828266 -42.083560 -42.532737 -41.845049 -42.493770 -41.477134 -41.076056 -41.573943 -43.482088 -41.138215 -40.944982 -42.117043 -43.277520 -41.172946 -40.834548 -43.480027 -42.320306 -41.242520 -43.474151 -42.136890 -42.525331 -41.503340 -42.856262 -42.247581 -40.841619 -41.234024 -42.638623 -42.311404 -43.137115 -41.405382 
-42.410218 -41.338378 -42.870455 -40.919016 -41.627768 -41.134060 -41.135617 -43.236391 -41.242520 -42.675300 -40.828266 -42.083560 -42.573210 -41.703247 -42.171727 -41.477134 -41.745581 -41.494699 -42.856262 -41.495166 -41.059056 -42.117043 -42.392910 -43.415311 -41.988878 -41.548473 -40.880554 -41.601949 -43.129681 -41.370014 -41.131381 -42.333572 -43.419256 -41.321935 -43.276530 -41.299354 -41.911604 -42.344772 
-43.210458 -41.338378 -42.870455 -40.975891 -40.763691 -41.539629 -41.135617 -41.405474 -41.161238 -42.180720 -40.884701 -42.083560 -41.769180 -41.653446 -41.286691 -41.354536 -42.061025 -41.560751 -42.828003 -41.625413 -41.059056 -42.117043 -42.945672 -41.601949 -41.750324 -41.818844 -42.111127 -41.515054 
-42.503245 -42.162387 -42.870455 -40.975891 -42.019033 -41.344123 -41.135617 -41.405474 -42.936707 -42.070155 -41.687257 -42.093901 -42.443097 -43.160037 -41.773000 -41.512339 -41.420397 -42.414420 -42.828003 -41.350359 -41.059056 -42.029525 -41.206788 -43.135531 -42.095456 -42.962169 -43.529585 -43.231499 -41.743207 -43.281240 -41.435750 -42.327114 -43.564144 -43.118885 -42.525259 -41.827770 -43.411948 -42.074895 
-43.027728 -41.031037 -42.870455 -40.975891 -42.019033 -41.189848 -41.135617 -41.263429 -42.497481 -41.347109 -42.258665 -41.519267 -43.042928 -42.029525 -41.375606 -41.512339 -41.967499 -43.125535 -42.983087 -41.350359 -41.059056 -41.341136 -41.437974 -41.817198 -42.607783 -41.731078 -41.681903 -41.965610 -42.502875 
-42.020368 -41.001193 -42.870455 -40.975891 -42.019033 -41.302429 -41.182301 -41.263429 -42.121434 -40.841030 -43.105789 -41.433207 -42.085787 -42.029525 -42.792579 -41.296507 -42.235005 -43.091533 -43.024613 -41.373090 -41.059056 -43.496621 -41.613072 -42.120334 -42.773019 -41.347451 -42.007643 -43.420196 -42.016561 -41.889192 -40.773894 -42.687274 -42.749446 -42.557818 
-41.525505 -41.001193 -42.737522 -40.975891 -42.019033 -41.359161 -41.182301 -41.413858 -41.407507 -42.239131 -43.281378 -41.433207 -43.076815 -42.029525 -42.775713 -41.296507 -41.131084 -40.697845 -42.954269 -41.373090 -41.059056 -41.198927 -42.983582 -42.844064 -41.877057 -41.569432 
-41.564375 -42.147191 -42.737522 -40.975891 -42.380166 -41.359161 -41.253115 -42.652399 -42.990678 -42.239131 -40.943824 -41.433207 -42.271616 -42.029525 -42.724429 -41.296507 -43.265087 -40.697845 -41.913733 -41.373090 -41.059056 -42.195833 -41.164977 -42.887557 -41.483066 -42.520861 -41.915185 -41.858576 -42.266349 -41.086217 -41.184796 -42.992811 -41.475481 -43.358751 -41.752336 -42.202425 -40.700065 -42.350629 
-41.564375 -40.954369 -42.737522 -40.975891 -43.218993 -41.359161 -41.164229 -40.964839 -43.392600 -42.455494 -40.875223 -41.552805 -43.473192 -42.194621 -41.258761 -41.296507 -42.742923 -41.532798 -40.739419 -41.316595 -41.059056 -42.320894 -42.627723 -43.012812 -42.639750 -43.296522 -42.346381 -41.858576 -43.287783 -41.465210 -40.700065 -42.337656 -43.667973 -41.993988 -41.910240 -41.176564 -41.276744 
-41.909309 -41.389855 -42.737522 -40.975891 -42.690560 -41.359161 -41.164229 -42.515551 -42.645116 -42.455494 -41.825679 -41.552805 -43.220610 -42.194621 -41.258761 -41.296507 -41.336889 -41.532798 -42.130543 -41.316595 -41.059056 -41.942868 -41.809088 -41.535647 -42.721183 -41.791583 -42.456843 -41.858576 -41.195561 -41.206654 -40.766586 -41.457475 -42.846334 -41.888040 -41.380411 -41.229875 -41.482067 -42.559634 -41.461551 -42.816071 -40.796819 -40.977241 -42.448018 -41.150956 -42.395165 -42.740716 -42.900988 -43.329304 -41.752883 -41.605829 -42.384951 -41.092992 -42.074629 -42.473982 -40.907953 -42.966436 -43.310054 -42.486893 -41.161633 -41.320246 
-41.947809 -41.406210 -42.496659 -40.975891 -42.314223 -41.359161 -41.159864 -41.783699 -42.293255 -41.423279 -41.454850 -41.553840 -41.172132 -42.194621 -42.223263 -43.352102 -43.109411 -41.532798 -43.152040 -41.306743 -41.059056 -42.270534 -42.157162 -43.344031 -42.839811 -41.278888 -42.567579 -41.858576 -43.350941 -41.920696 -40.766586 -41.874599 -41.393742 -40.836185 -41.809525 -41.229875 -43.483244 -42.864937 -43.179102 -43.126706 -41.161633 -42.495768 -41.237868 -43.189675 -42.558987 
-43.467359 -40.766586 -41.599824 -40.975891 -42.520661 -41.131961 -41.159864 -42.902122 -43.562951 -42.389266 -41.454850 -42.697342 -42.217864 -42.468043 -41.185858 -42.998793 -41.696494 -41.532798 -43.152040 -41.306743 -41.059056 -42.400177 -41.345908 -41.161633 -43.076513 -41.229875 -43.092978 -41.858576 -43.383960 -41.239623 -42.533087 -43.068916 -41.947914 -42.653394 -41.531236 -42.175183 -41.744473 -42.240369 -42.299260 -43.360621 -43.535917 -40.965808 -40.725825 
-42.900381 -40.766586 -41.113526 -40.975891 -43.423231 -42.650750 -42.311131 -43.109633 -42.309478 -42.175183 -41.454850 -41.714244 -42.217864 -42.468043 -41.306400 -41.733291 -41.520208 -41.532798 -43.152040 -41.306743 -41.059056 -43.199166 -43.177649 -41.161633 -42.372796 -41.229875 -42.566475 -41.858576 -42.945189 -41.239623 -43.351558 -42.633915 -41.061991 -42.099168 -40.768735 -43.155084 -42.442133 -42.062334 -42.500401 -41.099044 -41.922817 
-42.129248 -40.766586 -41.003650 -40.975891 -41.170498 -41.067533 -41.207736 -42.633915 -41.036794 -42.421892 -42.568238 -41.714244 -42.217864 -42.526716 -41.240397 -41.437084 -42.714230 -41.532798 -43.183652 -41.258709 -41.059056 -43.122106 -41.058733 -40.982707 -42.362548 -41.229875 -42.566475 -41.858576 -43.030063 -42.499239 -41.990221 -40.863308 -41.864840 -42.875341 -41.110032 -42.841556 -41.946328 
-42.899754 -40.766586 -41.003650 -40.975891 -41.858576 -42.371364 -41.228971 -42.770431 -42.413683 -43.048354 -42.874910 -42.182854 -42.217864 -42.526716 -41.274279 -41.437084 -41.783808 -41.750075 -43.059691 -41.258709 -41.062930 -41.005142 -41.644863 -40.982707 -42.425036 -41.229875 -42.136475 
-42.787074 -40.839289 -42.323733 -40.954896 -41.858576 -43.461615 -42.287498 -42.529700 -42.638365 -43.354578 -41.398112 -41.229875 -42.170531 -42.611990 -41.304871 -41.444189 -42.590282 -41.715576 -43.059691 -41.258709 -41.062930 -40.999830 -41.644863 -41.064495 -42.690182 -43.604014 -41.058177 -41.000906 -41.227241 -41.084007 -43.082387 -42.929311 -42.320046 
-42.955300 -40.839289 -41.612980 -40.954896 -41.858576 -43.138593 -42.320086 -41.055918 -42.320046 -41.460756 -43.291632 -41.229875 -42.170531 -43.143353 -42.101420 -41.444189 -43.048050 -41.715576 -43.059691 -41.258709 -41.062930 -40.999830 -41.644863 -41.064495 -43.222892 -41.266912 -41.130453 -41.303320 
-43.042016 -40.715461 -41.665768 -40.954896 -41.858576 -42.811300 -42.378133 -42.095741 -40.937986 -41.185676 -41.322913 -41.137068 -42.167246 -41.056026 -42.232063 -41.444189 -43.119952 -41.715576 -43.059691 -41.258709 -41.172965 -40.999830 -42.489545 -41.064495 -43.017219 -40.893865 -42.656140 -41.798774 -41.394163 -41.153152 -41.808211 -41.461732 -43.050059 
-42.273428 -40.867694 -41.665768 -40.954896 -41.858576 -42.597731 -42.758864 -42.261176 -41.687535 -41.185676 -41.322913 -40.771618 -42.105487 -41.056026 -42.460400 -43.513467 -41.926908 -41.715576 -42.682500 -41.258709 -41.172965 -40.999830 -42.861021 -43.054042 -43.016272 -43.400732 -42.914216 -40.897844 -42.263112 -41.089537 -43.454376 -42.195372 -40.810665 
-42.943740 -40.867694 -41.665768 -40.954896 -41.858576 -42.544710 -42.147383 -41.466000 -42.874388 -41.185676 -42.053337 -43.425245 -41.363129 -41.086149 -43.090391 -40.908820 -43.153083 -41.715576 -43.052589 -41.258709 -41.172965 -40.999830 -43.520817 -42.423696 -42.816615 -42.926754 -42.889984 -40.897844 -41.566910 -42.231697 
-42.943740 -40.867694 -41.665768 -40.954896 -41.858576 -43.127848 -42.432385 -41.662677 -42.864283 -41.291384 -41.381474 -43.106600 -42.342648 -41.086149 -41.599655 -41.146638 -41.230615 -41.715576 -43.052589 -41.258709 -41.172965 -40.999830 -43.111320 -41.167341 -41.240235 -41.393883 -42.901784 -40.912682 -41.566910 -42.083552 -43.263892 -43.043041 -41.525042 -41.249861 -41.429212 -42.975620 -43.205286 -42.228313 -40.936517 -43.415560 -42.549567 -42.090448 -42.963109 -42.952071 -42.545493 -43.431807 -42.831786 -42.965016 
-42.798586 -42.321309 -41.646256 -40.954896 -41.858576 -43.532113 -42.473397 -43.429527 -42.830427 -41.512798 -41.427421 -40.815920 -41.506745 -41.086149 -43.071010 -42.408404 -43.430159 -41.715576 -43.052589 -41.258709 -41.172965 -40.999830 -42.084709 -42.178032 -41.205285 -43.026593 -42.940419 -40.958094 -41.624832 -42.083552 -42.734566 -41.488369 -41.525042 -41.053223 -43.162211 -41.592297 
-42.798586 -41.222166 -42.878938 -40.954896 -41.790799 -43.188621 -42.540446 -42.795046 -42.835123 -41.103420 -42.902343 -40.815920 -41.506745 -41.086149 -42.083552 -41.624832 -41.596132 -41.718301 -42.999079 -41.258709 -41.172965 -40.999830 -42.765355 -42.773250 -41.784761 -43.149688 -42.003855 -41.458038 -41.390058 
-42.754228 -41.389940 -41.114758 -40.954896 -41.790799 -43.042223 -42.550741 -41.443601 -42.835123 -41.148505 -40.924695 -40.817381 -42.841803 -41.086149 -42.083552 -41.624832 -43.200411 -41.718301 -42.992396 -41.258709 -41.172965 -40.999830 -43.179440 -42.919888 -41.638528 -42.952197 
-42.754228 -43.481119 -42.526978 -40.925533 -41.895300 -43.068663 -42.973500 -41.443601 -42.835123 -41.148505 -41.037507 -40.817381 -42.231934 -41.086149 -42.083552 -41.624832 -43.190786 -41.718301 -42.992396 -41.258709 -41.172965 -40.999830 -42.539026 -43.109960 -41.638528 -42.336370 -41.113586 -41.814468 -41.219704 -41.672989 -42.895790 -43.494837 -41.110130 -42.148582 -43.045611 
-42.754228 -41.966695 -42.728251 -40.925533 -41.895300 -41.354925 -42.736749 -41.443601 -42.867453 -42.567153 -42.527019 -40.817381 -42.837985 -41.086149 -42.151013 -42.401945 -42.675753 -41.718301 -42.992396 -41.258709 -41.172965 -40.999830 -41.762788 -43.055624 -42.365632 
-42.741828 -42.684051 -42.198535 -40.925533 -41.799077 -41.568300 -42.880712 -41.443601 -42.867453 -40.999830 -42.928277 -40.817381 -41.494918 -41.086149 -41.917501 -41.480338 -42.901205 -41.718301 -42.992396 -41.258709 -41.172965 -41.924997 -43.138428 -41.344966 -42.399461 -41.595007 -43.549967 -41.686733 -41.286572 -42.661456 -42.690302 -42.853283 -43.086124 -41.416291 
-42.702404 -42.127062 -42.662751 -40.925533 -42.464202 -41.568300 -41.662248 -41.443601 -41.344966 -40.999830 -42.019633 -40.909491 -40.939101 -41.086149 -42.021708 -41.595007 -43.136623 -41.718301 -42.992396 -41.258709 -41.172965 -41.926609 -41.408381 -41.817224 -41.425658 -41.986871 -41.899037 -42.209039 -40.914874 -42.671759 -42.726010 -43.129737 -41.032974 -42.161716 -43.066725 -43.415516 
-43.239834 -41.743846 -41.393991 -40.925533 -41.347768 -41.568300 -42.680320 -42.025052 -41.344966 -40.999830 -43.364167 -40.909491 -41.782911 -41.086149 -42.021708 -42.750077 -40.971165 -41.718301 -43.011654 -41.258709 -41.172965 -42.005466 -42.350465 -43.577348 -42.883291 -41.046304 -41.617777 -42.563281 -42.899006 -42.754688 -43.347479 -42.992078 -43.165151 -43.446768 -42.693062 -42.635449 -43.348134 -41.006709 -41.648775 -42.910576 -41.472460 -41.398679 -42.085112 
-41.314689 -41.743846 -42.705521 -41.061975 -41.861244 -43.325799 -40.946598 -42.270355 -42.383811 -40.999830 -43.218882 -40.909491 -42.392960 -41.086149 -41.715240 -42.922209 -42.343075 -41.718301 -43.156117 -41.258709 -41.172965 -41.455149 -42.031699 -41.889138 -41.348119 -43.119988 -42.412051 -41.243507 -42.795174 -42.195627 -42.085750 -43.284074 -42.935276 -42.096746 -41.655699 -43.022100 -42.795908 -41.686847 -42.631846 -42.909594 -43.042667 -42.745894 -43.186437 -42.912138 
-42.795174 -41.738060 -41.655699 -41.061975 -42.905610 -42.836748 -43.044186 -42.004499 -42.709129 -40.999830 -41.725464 -40.909491 -41.779519 -41.086149 -42.981500 -42.771139 -42.365218 -41.718301 -41.348119 -41.258709 -41.172965 -41.455149 -42.938678 -42.779663 -43.288707 -42.939374 
-42.795174 -41.738060 -42.491702 -41.061975 -41.462336 -42.052564 -41.981220 -42.004499 -42.613595 -40.999830 -41.360580 -40.909491 -42.264050 -41.086149 -41.514055 -42.373697 -42.388080 -41.761406 -41.348119 -41.258709 -41.172965 -41.579441 -42.143759 -42.779663 -42.683780 -41.728851 -42.837266 -42.325345 -42.262030 -42.810797 -42.111532 
-42.795174 -41.738060 -42.910772 -41.061975 -41.302548 -42.962771 -42.603588 -42.004499 -41.564569 -40.999830 -42.786700 -40.909491 -42.513921 -41.086149 -42.273716 -43.132244 -40.862276 -41.761406 -41.348119 -41.373974 -41.172965 -42.129695 -43.061894 -43.065804 -41.243564 -43.130900 -42.708579 
-42.795174 -41.738060 -42.401306 -41.053211 -41.662148 -41.137645 -42.068806 -42.004499 -42.810367 -41.084275 -42.786700 -40.909491 -42.513921 -41.086149 -42.977223 -41.380888 -40.845371 -43.135738 -41.348119 -41.373974 -41.172965 -41.243564 -41.508855 -41.988602 -41.926423 -41.964096 -42.468074 -43.012444 -41.613496 -41.464939 -42.531715 -43.293134 -42.735748 -41.399612 
-42.795174 -41.803173 -41.581340 -41.053211 -41.662148 -42.510446 -42.251358 -42.004499 -42.005589 -41.058790 -42.797975 -41.022184 -43.034011 -41.059879 -42.845903 -41.380888 -43.565876 -41.254024 -41.348119 -41.373974 -41.172965 -41.243564 -43.258841 -41.020846 -41.995884 -41.970263 -43.510732 -42.161460 -42.702165 -43.127009 -42.433389 -41.611612 -42.752576 -43.179360 
-42.795174 -41.803173 -41.780635 -41.053211 -41.662148 -42.160989 -42.439200 -42.004499 -42.396728 -41.058790 -42.797975 -41.022184 -41.303387 -41.132526 -42.845903 -41.941165 -41.291440 -43.515566 -41.137682 -41.373974 -41.172965 -41.243564 -42.539726 -42.320709 -41.752953 -41.970263 -42.142361 -42.161460 -41.325417 -41.730150 -43.151263 -41.291985 -41.673767 -40.916630 -43.113684 -40.948385 -42.646487 -41.883192 -42.818501 -42.886977 -41.445747 -41.106431 -42.849268 -41.957195 
-42.795174 -42.065905 -42.069173 -41.053211 -41.662148 -41.538547 -43.560947 -41.896049 -41.710355 -41.058790 -42.797975 -41.022184 -41.577398 -41.132526 -42.774392 -41.278175 -42.159383 -43.504374 -41.137682 -41.373974 -41.172965 -41.243564 -43.494297 -42.629249 -41.752953 -41.970263 -43.493239 -42.882125 -41.325417 -40.675782 -43.058791 -41.293660 -41.673767 -43.363071 -41.483925 -42.538548 -42.376873 -41.810824 -43.194708 -43.109737 -42.462184 -43.109964 -43.135392 -42.910938 -42.276176 -42.388757 -42.593623 -42.584436 -42.142647 -41.904494 
-41.876616 -41.855816 -43.034685 -41.053211 -41.704209 -43.381698 -41.543654 -42.454294 -41.710355 -41.274188 -42.797975 -41.022184 -41.079889 -41.132526 -42.774392 -42.920807 -42.903595 -43.221654 -41.326364 -41.373974 -41.172965 -41.292615 -43.086143 -41.190880 -41.752953 -41.970263 -42.054542 -43.330777 -41.325417 -40.750631 -41.160812 -41.427816 -42.916070 -43.512031 -41.896982 -42.937536 -42.301397 -41.810824 -42.652601 -42.000099 -43.516759 -42.542541 -41.233017 -41.956264 -41.402621 -41.678572 -40.755709 -42.625706 -43.162242 -42.012297 -42.783464 -41.893141 -40.998284 -42.728482 -41.938072 
-41.363841 -41.886271 -41.780107 -40.912163 -41.642300 -40.933828 -42.644271 -41.907281 -41.710355 -42.775589 -42.797975 -41.022184 -41.079889 -41.132526 -42.774392 -40.911059 -42.776172 -42.301346 -41.326364 -41.373974 -43.229127 -41.292615 -41.329270 -41.810601 -41.752953 -41.970263 -40.998284 -42.601030 -41.325417 -42.583216 -41.864155 -41.427816 -42.879120 -41.339273 -41.633988 -41.989840 -41.724268 -41.292517 -40.993615 -41.277411 -43.271156 -41.550975 -41.663642 
-41.345348 -41.329921 -40.961869 -40.912163 -41.642300 -41.758565 -42.871056 -41.907281 -41.705127 -41.847691 -42.797975 -41.022184 -41.079889 -41.132526 -42.774392 -41.978318 -42.339612 -42.301346 -42.629633 -41.373974 -42.961734 -41.917624 -41.830657 -41.277411 -41.752953 -41.970263 -40.998284 -43.078629 -41.325417 -41.536839 -42.319701 -42.506513 -42.939842 -42.417881 -42.557434 -41.556815 -42.450869 -41.010794 -41.257690 -42.206224 
-41.383222 -42.628867 -42.275584 -40.912163 -41.531262 -41.436176 -43.292414 -41.688836 -41.705127 -43.527913 -42.797975 -41.022184 -41.079889 -41.132526 -42.774392 -41.256057 -41.987531 -42.099819 -42.629633 -41.373974 -42.566986 -41.917624 -42.576389 -41.405700 -41.752953 -42.948053 -40.998284 -41.671102 -41.325417 -42.327298 -41.117948 -42.007968 -41.334080 -42.387737 -42.743331 -41.602439 -42.414582 -40.910654 -42.856734 -42.160237 -41.581577 -41.136263 
-41.207229 -41.878177 -41.717259 -40.912163 -41.944709 -42.939612 -43.247889 -41.230375 -41.171720 -42.966788 -42.797975 -41.022184 -41.133277 -41.132526 -42.812716 -41.555484 -42.165273 -41.970202 -41.347011 -41.373974 -41.986695 -41.370086 -42.205792 -42.526801 -41.752953 -42.948053 -40.998284 -41.785930 -41.325417 -42.427079 -43.117029 -42.770944 
-41.207229 -41.975866 -41.226785 -40.912163 -42.889318 -42.586431 -42.262511 -41.230375 -41.441019 -42.876644 -42.274737 -41.022184 -41.119433 -41.132526 -41.059766 -41.555484 -42.140884 -42.404928 -43.621971 -41.373974 -42.610233 -41.370086 -42.097579 -42.954053 -41.800366 -42.948053 -40.998284 -42.555476 -41.325417 -42.370701 -42.294031 -42.089676 -43.271708 
-41.207229 -41.975866 -42.605756 -40.912163 -41.295975 -42.916044 -43.450518 -41.230375 -42.434727 -42.700721 -41.717684 -41.022184 -41.119433 -41.132526 -42.949113 -41.525000 -41.875984 -41.486259 -41.958355 -41.670156 -41.475769 -41.370086 -40.814621 -42.817875 -41.800366 -43.145618 -40.998284 -42.611714 -41.325417 -41.269763 -41.867597 -40.946417 -43.403488 -41.650658 -41.853335 -42.721860 -41.331952 -41.825135 
-41.207229 -41.975866 -42.200554 -41.012507 -41.295975 -42.916044 -41.613926 -41.391500 -41.380417 -41.562440 -42.839242 -41.022184 -41.119433 -41.132526 -42.984088 -41.525000 -42.977536 -43.284818 -41.416130 -42.367715 -43.213434 -41.370086 -42.508950 -43.458389 -41.870386 -42.174145 -40.998284 -42.611714 -41.325417 -43.199405 -41.270210 -43.202762 -42.581042 -41.668615 -42.181195 -42.584636 -40.942916 -43.328799 -42.502667 -43.347958 -42.628709 -42.140954 -42.959892 
-41.207229 -41.905988 -41.533171 -40.929893 -41.295975 -42.906794 -41.448918 -41.391500 -42.163661 -41.509235 -41.652380 -41.022184 -41.830267 -41.132526 -42.534588 -42.213336 -42.874378 -41.829099 -43.089212 -42.975132 -43.523571 -41.370086 -42.589892 -42.213624 -41.870386 -43.280759 -40.880256 -43.477588 -41.325417 -42.217133 -41.419904 -42.512936 -42.690607 -41.668615 -41.868123 -43.549621 -41.525131 -42.370242 -42.455799 -41.819837 -42.641860 -41.135590 -42.484457 -41.168199 -42.681800 -41.936684 -42.842355 -42.966941 -42.251089 -41.923519 -41.615034 -41.544909 -43.116425 -41.261992 -41.000292 -43.263354 -41.737050 -41.344550 
-41.207229 -41.905988 -42.767192 -40.929893 -42.409860 -42.949916 -42.362944 -41.442971 -40.677528 -41.602585 -42.994453 -41.662306 -41.275921 -41.132526 -43.457507 -42.308681 -42.874378 -42.139755 -41.937849 -43.490144 -42.641742 -42.643165 -42.518519 -41.000292 -41.870386 -43.489426 -40.962756 -41.135590 -41.325417 -41.066125 -41.089760 -41.673204 -42.704542 -42.310284 -42.020388 -43.609209 -43.162747 -41.981150 -42.167862 -41.387444 -42.961543 -41.537660 -42.116716 
-42.486030 -41.501113 -42.767192 -40.929893 -41.215712 -42.747034 -41.498517 -41.234554 -41.107993 -41.920246 -41.387444 -41.545950 -41.275921 -41.132526 -40.884212 -41.815903 -42.874378 -43.031479 -42.167165 -42.438521 -42.061590 -43.314461 -42.358744 -41.079143 -41.870386 -41.275576 -40.962756 -41.135590 -41.325417 -42.156582 -41.689543 -41.673204 -42.020388 -42.835932 
-43.143070 -42.538562 -42.767192 -40.952910 -41.530562 -42.747034 -43.437999 -41.669993 -41.142400 -41.773265 -41.387444 -40.909749 -41.275921 -41.132526 -40.803573 -41.313659 -42.874378 -41.068018 -42.943982 -41.720589 -42.061590 -42.544084 -42.629276 -41.079143 -41.870386 -42.713774 -40.962756 -41.042800 -41.325417 -43.517901 -41.689543 -41.603079 -41.905397 -43.397473 -42.160287 
-43.202124 -43.458317 -42.767192 -40.952910 -41.528353 -42.747034 -41.400787 -42.564059 -41.142400 -42.016787 -41.387444 -41.689543 -41.275921 -41.132526 -41.603079 -41.313659 -42.874378 -43.497284 -42.898384 -41.325417 -41.961138 -42.337507 -42.831036 -40.917477 -41.870386 -41.389158 -40.962756 -41.042800 -43.101647 -42.783811 -42.809934 -41.762989 -41.887975 -42.078640 
-41.426978 -40.860663 -42.767192 -40.952910 -41.528353 -42.843919 -43.581455 -42.923275 -41.044295 -42.232669 -42.382672 -41.689543 -41.245326 -41.132526 -41.741839 -41.313659 -42.767239 -43.112243 -43.356724 -41.325417 -42.659021 -41.034681 -42.258717 -40.917477 -41.870386 -42.301157 -40.962756 -41.042800 -42.556779 
-42.650356 -42.431462 -42.767192 -40.952910 -41.601980 -42.987926 -41.042800 -42.065139 -41.044295 -42.381977 -41.609060 -42.650642 -41.245326 -41.132526 -41.189355 -41.313659 -42.461169 -40.911006 -42.976387 -41.325417 -42.246865 -40.962756 -42.588440 -40.917477 -41.870386 -41.677041 -42.355493 -40.974280 -42.745073 -41.137128 -42.868901 -43.206382 
-41.123918 -41.186772 -42.767192 -40.952910 -41.601980 -43.077278 -41.042800 -42.065139 -41.044295 -43.195740 -42.681483 -43.112130 -41.245326 -41.132526 -42.451692 -41.146363 -41.748410 -42.261422 -42.805450 -41.325417 -43.086740 -40.832484 -43.124736 -40.917477 -41.870386 -41.677041 -42.701525 -42.568020 -42.937930 -41.594728 -41.473355 -42.326682 -43.144552 -41.235981 -43.508702 -40.934293 -42.828447 -43.229376 -42.034880 -41.722790 
-41.001063 -40.901292 -42.767192 -40.952910 -42.433818 -43.378764 -41.042800 -42.065139 -41.044295 -41.597003 -42.738256 -42.908272 -41.245326 -41.132526 -42.451692 -41.146363 -42.424976 -41.574982 -42.863811 -41.325417 -41.036736 -40.832484 -42.841900 -40.917477 -41.870386 -41.677041 -41.394557 -43.371587 -42.937930 -41.564837 -41.406570 -41.957544 -42.456444 -41.516397 -43.019990 -43.279764 -42.910620 -41.355778 -42.019282 -42.210922 -42.105075 -43.044741 -43.223695 -41.713194 -43.062783 -42.920285 
-43.431319 -41.485728 -41.391854 -40.952910 -42.851661 -42.329978 -41.042800 -42.776000 -41.044295 -40.881466 -43.365671 -41.594886 -41.245326 -41.132526 -41.973274 -43.279950 -42.711645 -41.512059 -42.929058 -41.311832 -41.573260 -40.960324 -42.226502 -40.917477 -41.870386 -41.677041 -43.074399 -40.922193 -42.932971 -41.849021 -41.406570 -43.374435 -40.965574 -40.858957 -42.933567 -42.300783 -41.140469 -42.470029 -42.129616 -40.948108 -41.292068 -43.158506 -43.065591 -43.489162 -42.134559 
-41.760770 -43.550297 -42.657473 -40.952910 -42.232494 -40.899813 -41.042800 -42.719533 -41.044295 -43.490014 -43.210496 -41.095580 -41.245326 -41.132526 -41.813218 -43.340444 -42.711645 -42.040309 -42.161316 -41.311832 -41.679197 -40.960324 -42.597570 -40.917477 -42.298606 -41.677041 -41.219321 -41.852598 -43.060873 -41.879447 -41.386054 -41.516270 -42.349621 -41.900522 -42.815757 -42.632059 -41.067816 -41.034494 -42.848136 -41.091590 -42.189233 -40.852087 -42.189542 -43.426399 -42.050247 
-41.516270 -42.595915 -42.594783 -40.952910 -41.873739 -41.577502 -41.042800 -42.875268 -41.044295 -41.413793 -41.586798 -43.055858 -41.245326 -41.109367 -41.813218 -41.840540 -42.711645 -41.343605 -41.219762 -41.311832 -41.576788 -40.960324 -41.389925 -40.917477 -42.151956 -41.677041 -41.067816 -42.493492 -43.081359 -42.257304 -41.118093 -42.110160 -41.596027 -42.720640 -42.814929 -42.342696 -42.302374 -41.250012 
-41.541986 -42.289840 -42.864920 -40.952910 -41.555152 -41.768711 -41.042800 -42.850665 -41.044295 -42.730860 -41.707321 -43.063384 -41.245326 -42.447045 -41.813218 -41.840540 -42.711645 -42.532091 -42.149970 -41.311832 -41.971070 -43.344403 -42.001297 -40.982897 -41.154366 -41.509254 -41.331449 -42.166842 -42.952536 -40.902411 -41.118093 -42.475612 -42.841845 -42.383199 -41.217743 -41.400236 -41.388852 
-41.285388 -42.912018 -42.359112 -40.952910 -42.478761 -41.145826 -41.042800 -42.850665 -41.044295 -41.583293 -41.707321 -43.064115 -41.245326 -41.872649 -41.660850 -41.840540 -42.711645 -42.121857 -41.950444 -41.311832 -42.633609 -43.525387 -42.363253 -40.995428 -42.183979 -41.449993 -41.256794 -43.030567 -42.952536 -41.007428 -43.164144 -41.302438 -43.055717 -43.253168 -43.079110 
-41.275186 -42.952536 -41.487580 -40.952910 -40.994601 -41.145826 -41.042800 -42.850665 -41.044295 -41.094620 -41.707321 -43.036102 -41.245326 -41.872649 -41.471937 -41.840540 -42.997732 -42.707452 -42.153864 -41.101258 -42.096397 -43.172395 -42.116698 -40.995428 -43.269489 -41.449993 -41.434508 -42.404258 -41.568889 -43.141199 -42.859860 -41.317044 -42.078566 -42.204940 -40.880697 -41.355690 -42.938689 -42.211555 -41.884597 -42.452832 
-40.905346 -42.952536 -41.402010 -40.952910 -42.658911 -41.136775 -41.042800 -42.850665 -41.112188 -41.147802 -41.707321 -42.339868 -41.245326 -41.872649 -41.355690 -42.057542 -42.997732 -42.139221 -42.153864 -42.370356 -41.363655 -40.890256 -43.008579 -40.995428 -41.521164 -41.678566 -42.446491 -42.149653 
-40.905346 -42.952536 -40.914159 -40.984812 -41.604958 -41.472105 -41.042800 -42.685597 -41.112188 -42.367849 -41.707321 -42.129089 -41.245326 -41.896268 -41.355690 -41.996973 -43.462301 -42.747516 -42.153864 -41.246966 -42.031162 -42.343582 -43.301237 -40.995428 -41.620803 -41.678566 -42.367064 -41.747032 -41.352720 -40.947980 -43.637568 
-43.497479 -42.952536 -42.266878 -40.984812 -40.974651 -41.472105 -41.042800 -42.829106 -41.112188 -40.995428 -41.868819 -41.507771 -41.245326 -41.896268 -41.355690 -42.963828 -41.090296 -42.747516 -41.538193 -43.521788 -41.678566 -42.916628 -41.365074 -40.960871 -42.057420 -43.122874 -41.896743 -42.622185 -42.752667 
-43.358129 -42.979795 -42.425075 -40.984812 -40.974651 -41.472105 -41.029155 -42.829106 -41.112188 -40.995428 -42.679506 -41.507771 -41.245326 -41.896268 -41.355690 -42.797727 -41.090296 -42.747516 -41.258984 -43.389296 -41.678566 -40.959680 -42.645528 -40.920053 -42.057420 -42.916439 -42.024106 -42.451643 -43.401575 -41.938514 -42.720982 -43.114811 -42.855168 -41.888747 -43.032547 -42.471924 -41.571015 -42.653767 -42.708301 -42.163168 -41.163923 -42.992863 -43.343321 -43.132579 
-43.431986 -42.979795 -42.288506 -40.984812 -40.974651 -41.472105 -41.029155 -42.829106 -41.112188 -40.942136 -41.571015 -41.575017 -41.245326 -41.896268 -41.355690 -42.351737 -41.165826 -42.747516 -42.255005 -43.308999 -41.678566 -40.971281 -43.264337 -42.395852 -42.057420 -42.525336 -43.160047 -41.361067 -42.372717 -43.282029 -42.438800 -43.113159 -43.392699 -41.367094 -42.344023 
-42.399652 -42.979795 -42.973747 -40.984812 -40.974651 -41.472105 -41.029155 -42.808847 -41.173223 -40.942136 -41.571015 -41.876781 -41.245326 -41.896268 -41.355690 -43.522834 -42.627635 -42.747516 -42.354992 -41.488763 -41.678566 -42.249509 -43.439674 -41.812736 -42.057420 -41.293421 -43.322948 -43.035064 -42.970770 -41.494516 -41.736989 -42.969150 -43.272063 -42.607665 -42.214924 -40.919721 -41.728481 -41.122110 -40.981619 
-41.145128 -42.979795 -42.552012 -41.012307 -41.804012 -41.472105 -41.111028 -40.718767 -41.173223 -40.942136 -41.521194 -41.148847 -41.245326 -41.896268 -41.355690 -43.130994 -42.010868 -42.747516 -41.572961 -41.484719 -40.922008 -42.666010 -43.466421 -42.849341 -42.057420 -41.466618 -42.649785 -43.490991 -41.783918 -43.392298 -42.712310 -40.963875 -42.459484 
-43.352569 -42.979795 -42.552012 -41.012307 -41.066274 -41.472105 -41.111028 -41.221552 -41.173223 -40.879827 -41.675064 -40.901995 -41.245326 -41.896268 -41.355690 -42.339294 -42.010868 -42.747516 -41.572961 -42.733534 -40.922008 -42.614818 -43.156183 -41.050800 -42.057420 -42.421860 -42.462441 -42.195029 -40.788095 -42.830562 -42.388124 -42.142037 -41.273382 -41.733450 -41.717762 -42.093060 -41.518258 -40.745881 -42.725528 -43.261582 -42.705016 -41.040794 -41.876414 
-41.114838 -42.877574 -41.518258 -41.012307 -42.372015 -41.472105 -41.111028 -41.631589 -41.173223 -40.879827 -42.514651 -41.445481 -41.245326 -41.896268 -41.423051 -43.249425 -42.736855 -42.747516 -41.572961 -41.454686 -40.922008 -41.398966 -42.725528 -41.137660 -42.057420 -41.740557 -42.617409 -40.829551 -43.223840 -43.299753 -41.941783 -43.246272 -41.524594 -43.235300 
-41.114838 -42.465892 -41.518258 -41.012307 -42.885059 -41.472105 -41.111028 -42.558757 -41.173223 -40.879827 -42.513444 -42.613307 -41.245326 -42.610776 -40.706672 -42.505017 -41.491708 -42.747516 -41.572961 -41.454686 -40.922008 -42.897964 -42.237621 -41.345317 -42.057420 -42.989552 -42.418994 -42.195851 -43.519107 -41.400501 -41.915700 -42.929809 -42.822432 -42.779297 -41.421746 
-42.184092 -41.963270 -41.518258 -41.012307 -42.976855 -41.082905 -41.111028 -41.982216 -41.138329 -40.879827 -42.929809 -41.398119 -41.245326 -41.198454 -42.773676 -43.437607 -42.593820 -42.747516 -41.572961 -41.454686 -40.922008 -43.367499 -42.624296 -41.345317 -41.893895 -43.659462 -41.431998 -43.208029 -43.251820 -41.400501 -41.634759 -42.769350 -41.700467 -42.271677 -41.076310 -43.134853 -40.786613 -41.210690 -43.027522 
-42.448247 -41.773847 -42.954301 -41.012307 -42.723479 -42.201820 -41.111028 -42.393126 -41.138329 -40.879827 -42.929809 -41.875747 -41.245326 -41.493286 -41.363105 -42.246950 -43.217781 -42.747516 -42.665730 -41.454686 -42.156084 -42.271677 -42.138643 -41.345317 -42.981753 -42.044573 -41.431998 -41.136664 -41.524357 -41.284413 -41.634759 -41.807518 -41.001683 -41.596210 -42.604593 -42.343395 -42.706185 -42.036127 -41.584912 -42.638059 -42.103239 -43.355625 -41.486457 -43.400320 
-43.150272 -43.052832 -40.826970 -41.012307 -42.723479 -41.524661 -40.959130 -41.971613 -41.138329 -40.879827 -42.929809 -42.373415 -41.245326 -41.493286 -41.363105 -41.297400 -42.299795 -42.747516 -41.639990 -42.235428 -41.153514 -43.403620 -41.503742 -41.345317 -41.634759 -41.926885 -41.502183 -41.099030 -42.061076 -42.014352 -42.649253 -42.871314 -43.003868 -41.994963 -41.338242 -41.981409 
-43.064762 -43.402067 -40.826970 -41.012307 -42.023308 -41.792795 -40.959130 -40.926957 -41.138329 -41.752170 -42.929809 -42.368410 -41.245326 -41.493286 -42.012849 -41.297400 -41.476223 -42.747516 -42.115621 -41.761345 -41.624572 -42.848726 -41.817248 -41.345317 -43.246960 -41.964434 -41.502183 
-41.981087 -42.487947 -42.955611 -41.012307 -42.017390 -41.181073 -41.242891 -40.794876 -41.138329 -43.511096 -42.929809 -42.364525 -41.245326 -41.967651 -41.420902 -41.297400 -41.476223 -42.845960 -41.094853 -42.429154 -42.381415 -42.848726 -41.804714 -41.345317 -43.423446 -41.964434 -41.777175 -41.371620 -42.938564 -42.604590 -41.606897 -42.470949 -42.287063 -42.637158 -42.308347 -42.805201 -41.014954 -41.627952 -42.473135 -41.875443 -41.095200 
-41.200042 -42.565040 -42.020906 -41.012307 -42.120315 -41.240613 -41.242891 -40.931618 -41.138329 -42.873451 -42.929809 -42.261093 -41.245326 -42.393237 -41.553912 -41.297400 -41.476223 -42.845960 -42.145429 -43.226707 -42.042638 -42.849387 -42.125795 -41.508888 -41.181759 -42.085526 -41.439984 -41.115726 -41.108795 -43.563035 -42.826289 -41.152017 -42.271678 -43.135069 
-41.633576 -40.913720 -42.580248 -41.012307 -42.925802 -41.240613 -41.242891 -40.931618 -41.138329 -41.477244 -42.929809 -42.012800 -41.245326 -42.594173 -42.921800 -43.004488 -41.476223 -42.845960 -42.014347 -41.356416 -43.486353 -42.849387 -42.528601 -41.508888 -42.063246 -42.085526 -42.489729 -41.031308 -42.138516 -42.271678 -41.357128 -41.775177 -41.758009 -41.786833 -42.341818 -42.614877 -42.859878 -42.425501 -43.356604 -42.021996 -43.381966 -41.610507 -41.542227 
-40.832172 -43.256796 -42.753086 -41.012307 -42.621865 -41.240613 -41.242891 -41.020174 -41.138329 -41.465999 -42.929809 -41.567668 -41.245326 -42.150885 -43.495921 -43.057351 -41.476223 -42.845960 -42.829484 -42.964374 -42.138583 -42.849387 -42.594831 -41.183306 -41.055384 -42.085526 -41.752819 -41.031308 -42.138516 -42.268800 -41.357128 -41.883071 -43.283017 -42.397591 -42.456695 
-41.003947 -43.184077 -42.085526 -41.012307 -43.422665 -41.240613 -41.242891 -40.694718 -41.138329 -41.323764 -42.929809 -41.567668 -41.245326 -40.784334 -41.034905 -42.966409 -41.476223 -42.845960 -42.227426 -42.696943 -42.138516 -42.849387 -40.828404 -41.357128 -41.752828 
-43.023183 -41.045685 -42.085526 -41.021552 -41.873218 -41.258564 -41.167117 -40.694718 -41.138329 -42.558834 -42.929809 -41.243742 -41.245326 -41.006478 -42.832150 -41.020210 -41.476223 -42.845960 -42.299183 -41.837574 -42.138516 -42.849387 -41.177253 -41.357128 -42.656956 -41.320523 -42.256195 -42.187748 -41.489869 -41.117049 -42.890109 -42.330704 -41.838391 -41.365852 -41.545235 -42.756107 
-42.607574 -41.252053 -42.085526 -41.021552 -42.078930 -41.347842 -41.167117 -41.158416 -41.138329 -41.442646 -42.929809 -42.147112 -41.245326 -42.592308 -41.921880 -42.223965 -41.476223 -41.306962 -42.114437 -43.460420 -42.138516 -42.849387 -40.862932 -41.357128 -42.132105 -41.563417 -41.866798 -40.774587 -41.855739 -42.506086 -40.961034 -42.441817 
-42.828431 -43.299141 -42.085526 -40.950888 -41.409201 -41.347842 -41.247502 -41.158416 -41.138329 -41.442646 -42.929809 -41.202887 -41.245326 -42.953243 -42.857074 -42.588331 -41.476223 -42.438520 -42.287815 -41.337007 -42.138516 -40.863025 -41.424356 -41.357128 -40.771689 -42.910436 -43.208269 -42.591662 -42.627098 -40.941125 -42.477407 -43.273064 -42.997471 
-43.268754 -41.074209 -42.085526 -40.950888 -42.085899 -41.347842 -41.247502 -41.158416 -41.138329 -41.442646 -42.929809 -41.279071 -41.245326 -42.953243 -42.889145 -43.165890 -41.476223 -41.606661 -41.699675 -42.719422 -42.138516 -41.418147 -43.440030 -41.357128 -42.008619 -43.256631 -42.668186 -42.697687 -41.620161 -41.230103 -41.002099 -41.557081 -42.507713 -41.010809 -42.767285 -42.086723 
-43.347146 -41.503572 -42.085526 -40.950888 -41.205010 -41.092551 -41.247502 -41.158416 -41.138329 -41.442646 -42.836794 -41.861345 -41.245326 -41.230103 -42.889145 -41.374534 -41.476223 -42.860677 -42.106808 -41.322691 -42.138516 -40.808991 -42.042156 -41.334161 -42.566515 -41.491375 -42.532478 -43.490408 -42.615311 -42.493160 -42.408356 -41.071633 -42.699506 -42.903975 -42.464258 -43.326235 
-41.237524 -43.210053 -42.085526 -40.950888 -41.264848 -41.906146 -41.247502 -43.065252 -41.138329 -41.438340 -43.005413 -42.638134 -41.245326 -40.823828 -42.889145 -42.685724 -41.476223 -42.860677 -41.962315 -43.192861 -42.138516 -41.250331 -41.825391 -41.407377 -42.018124 -41.022697 -42.440150 -41.120693 -41.085811 -42.896700 -41.699231 -41.536561 -42.455324 
-41.237524 -41.658461 -42.085526 -40.950888 -40.916528 -41.863562 -41.055486 -42.096364 -41.138329 -41.438340 -43.005413 -43.020781 -41.245326 -40.840285 -42.889145 -41.376984 -41.476223 -42.860677 -42.087766 -43.356094 -42.138516 -41.250331 -43.121976 -41.407377 -42.259804 -42.316819 -42.152617 -43.379148 -42.771851 -41.948147 -43.509626 -42.049580 
-42.983196 -41.014516 -42.085526 -40.950888 -43.174472 -41.624405 -41.055486 -42.210837 -41.138329 -41.132515 -42.962541 -41.736044 -41.245326 -40.840285 -42.889145 -41.385851 -41.476223 -42.860677 -42.247619 -43.038999 -41.944916 -41.386705 -42.588707 -41.407377 -41.550171 -43.327540 -43.401977 -43.348798 -41.064681 -41.860322 -41.090780 -42.954424 -42.127215 -41.963413 -42.680299 -41.414856 -42.445630 -42.651485 
-41.099281 -42.095483 -42.085526 -40.950888 -42.751310 -41.624405 -41.055486 -42.210837 -41.138329 -42.623080 -42.962541 -41.728559 -41.245326 -40.931710 -42.889145 -42.657270 -41.476223 -42.860677 -43.237777 -43.144602 -41.944916 -41.457205 -42.562311 -41.857384 -41.385688 -42.341080 -41.002582 -42.332101 -43.095633 -41.089184 -42.378482 -41.872579 -41.927133 -41.048679 
-42.821804 -42.975950 -42.085526 -40.950888 -41.364688 -41.624405 -41.094971 -42.093015 -41.138329 -43.141206 -42.962541 -40.860340 -41.245326 -40.931710 -42.769695 -41.113824 -41.462742 -42.956693 -42.942774 -41.463689 -41.944916 -42.173768 -41.185248 -42.367949 -42.641699 -41.068249 -43.224541 -41.491394 -42.952289 -42.290551 
-41.408975 -41.404674 -42.085526 -40.950888 -43.176068 -41.624405 -41.463809 -40.802965 -41.138329 -43.175301 -42.962541 -42.147020 -42.752995 -40.931710 -42.210169 -41.293835 -41.462742 -42.956693 -42.812162 -42.638722 -41.944916 -41.021254 -41.524043 -41.620346 -41.353776 -41.092236 -41.226535 -41.099721 -41.103921 -42.294495 -42.507894 -41.463682 
-41.162457 -43.179400 -42.085526 -40.950888 -41.389164 -41.419869 -41.492772 -42.723772 -41.138329 -42.907886 -42.962541 -41.598929 -42.208631 -40.773459 -41.292693 -42.993415 -41.350768 -42.956693 -42.877707 -42.125746 -41.944916 -43.671756 -41.137798 -41.469127 -41.256757 -41.998540 -41.054960 -40.880589 -42.912335 -41.606955 -41.475123 -42.458850 -43.431436 -42.415247 
-42.258607 -43.160669 -42.085526 -40.950888 -43.224731 -41.665470 -41.411769 -42.445123 -41.138329 -42.463367 -42.962541 -43.229059 -42.272612 -40.723931 -41.292693 -42.285914 -41.350768 -42.956693 -42.877707 -42.156817 -42.107033 -42.090646 -41.177866 -42.101199 -41.256757 -40.954098 -41.054960 -41.606955 -42.539714 -41.812480 -41.723103 -41.812621 -41.067421 -43.481607 -42.884621 -41.889172 -41.271946 
