1.083809 1.029359 0.891772 1.062414 1.254760 0.807971 0.798466 1.092307 1.024698 0.830681 0.982432 0.818409 0.964215 0.948334 0.990741 1.104220 0.799916 1.165592 1.017615 0.997325 1.144011 0.877369 0.903283 1.014902 1.064968 1.116010 0.881392 1.030670 1.090581 0.850361 1.117222 1.029446 1.233842 1.091947 1.037851 0.965635 0.907928 1.024519 0.805778 0.953877 0.890688 1.003966 1.046789 0.917311 1.227267 0.923995 
1.080010 0.806444 1.065133 0.958698 1.254760 0.807971 1.050629 0.948873 1.152880 0.853826 1.052064 1.079468 0.914816 0.796481 1.243505 1.098333 0.823947 1.165592 1.148864 1.098468 1.143454 1.003933 0.884420 0.974075 1.064968 0.942920 0.890269 0.932389 1.040119 1.215939 0.916703 1.250458 0.949759 1.033378 0.945235 0.999892 1.080390 1.152076 0.979874 1.093449 
1.062673 1.027728 0.923326 1.164015 1.254760 0.807971 1.041912 1.074856 1.027292 0.838105 1.015519 1.039978 0.841193 0.881457 1.106137 1.045278 1.020718 1.174329 0.894635 1.169851 1.126889 1.188961 0.897331 1.012800 1.063447 0.983489 0.875543 0.889325 1.004013 1.065183 1.051077 1.092334 0.922028 0.952128 0.863266 0.808015 1.201397 0.925144 1.015702 0.982822 1.025490 0.953120 0.815615 0.941723 1.029382 
1.066145 1.148630 0.801402 1.179419 1.248000 0.799267 1.041912 1.113951 0.969882 0.940431 0.983962 1.015560 0.862987 0.840228 1.097120 1.092183 0.897415 1.150693 0.867467 0.936135 1.124593 0.963624 0.875713 1.021753 1.068747 0.967280 0.862187 1.011990 0.965463 0.829979 0.956143 1.083856 0.967740 0.849861 0.843418 0.880642 1.014305 1.021334 1.037671 1.069670 0.991474 1.121855 0.795802 0.842377 0.927317 1.080035 1.033508 
1.070524 0.938999 0.872632 0.817370 1.254581 0.798780 1.032710 1.154676 0.805131 0.838742 0.852241 1.060876 0.867481 1.044143 0.810188 0.931895 1.215897 1.163218 1.060118 1.186671 1.005443 1.134714 0.880519 1.071477 1.054512 0.954694 1.029857 0.989157 0.872014 0.834168 0.935105 1.069244 0.996266 0.847613 1.241940 0.835990 1.102782 0.848746 0.923852 0.919190 1.006540 0.879296 0.982321 
1.042347 0.939115 0.968033 0.984939 1.245317 0.796393 1.215865 1.123733 1.245641 0.939943 0.820719 1.031294 1.012734 0.864811 0.972161 0.875525 1.163101 1.083786 1.018446 1.051999 0.921666 1.142430 0.867608 1.107805 1.053733 0.959432 0.928971 0.985828 0.827967 0.977231 1.073124 1.114647 0.833602 0.803486 0.960043 0.922307 1.103386 0.997430 0.948700 1.173870 0.913494 
1.049965 1.212932 0.953311 0.925786 1.250288 0.796393 0.885517 1.081388 1.092657 1.086457 0.888219 1.081027 0.976047 1.039101 1.050100 0.884419 0.853157 1.064319 1.030868 0.806288 1.055731 1.146231 0.885527 0.898061 1.053733 0.844092 0.967309 1.001473 0.799935 1.253712 0.835505 
1.057776 1.192212 0.912765 0.993927 1.246716 0.800387 0.800269 1.111054 0.866511 0.971981 0.909344 0.995536 0.970387 0.996094 1.035685 0.864410 1.009588 1.184981 1.049380 0.835186 1.081503 1.146231 0.897542 0.829981 1.053781 1.011246 0.798965 0.830069 0.864375 0.978159 1.127761 1.035560 0.882459 0.898831 0.981845 
1.057094 1.186681 0.965154 0.979135 1.245327 0.800121 0.863699 1.087072 1.014504 0.876991 1.120543 1.001702 0.855811 1.049577 0.925556 0.874613 0.824355 1.019393 1.020765 1.003179 1.073756 1.145318 0.870616 0.795187 1.049125 0.997901 0.868597 1.160135 1.050319 0.799625 1.083904 0.834469 0.880912 
1.089827 1.007799 1.061486 0.905827 1.245327 0.800121 0.814493 0.817648 1.019912 0.889129 1.121655 1.069576 1.074335 0.895786 0.854255 0.870902 0.979056 1.024073 0.921685 1.028082 1.073823 1.153411 0.922554 0.852413 1.064760 1.008293 
1.084977 1.042003 0.991366 0.794373 1.253038 0.805433 0.850763 1.020235 1.015904 0.867755 1.146110 0.976649 1.081477 1.011931 0.866223 0.905408 0.962882 0.958045 0.837421 1.053199 1.090093 1.153408 0.936636 1.020748 0.802423 0.947840 1.047860 1.223973 1.143327 1.081610 1.227717 0.835459 0.993137 0.873682 1.084054 0.907318 
1.076918 1.026160 0.981739 0.942233 1.239082 0.800280 0.825523 1.251102 1.016610 0.887038 1.059381 1.062843 0.857119 0.974002 0.896791 1.255605 1.116021 1.079602 0.868445 1.052668 1.085460 1.144698 0.882804 0.796708 1.088297 0.940675 1.044302 1.089965 1.102516 0.932286 1.229512 0.906574 0.866404 1.068780 1.143554 0.877759 1.008953 0.971051 0.965123 0.916454 0.962201 0.950239 
1.062290 1.025324 1.244054 1.150144 1.247690 0.814734 1.139309 1.200801 1.010930 0.859918 1.035784 0.975732 0.827129 1.246886 0.872746 0.868173 1.127578 0.802994 0.832865 1.052668 1.061341 1.148833 0.915144 0.898080 0.815147 0.970647 1.041483 1.042816 1.047937 0.879523 1.235534 1.033024 0.800328 0.982793 0.960951 0.929060 1.187992 0.954013 0.964856 0.959302 1.228704 1.107533 0.927669 0.806454 0.908979 1.014921 0.981816 1.022929 0.910585 1.001092 0.944838 0.798733 0.943351 1.127468 0.814267 0.834812 0.967741 1.095767 
1.053695 1.033558 0.873138 1.119520 1.248596 0.818242 1.084480 1.056029 1.000143 0.919793 0.953583 1.032013 1.172074 1.019266 0.988816 0.813729 0.905392 1.139995 0.962151 1.059383 1.096128 1.138189 0.863527 0.798325 0.839829 0.987054 1.033407 1.065828 0.976392 0.955735 1.148983 0.836559 1.002023 0.936315 0.996525 0.813145 0.935003 1.026147 0.842093 
1.051327 0.911190 0.938559 1.235297 1.258811 0.799219 1.023455 1.000105 1.017258 1.011211 0.831307 1.048122 1.117446 1.061402 0.859897 1.225474 1.128797 1.108292 0.840442 1.056984 1.098814 1.145849 0.850591 1.024173 0.807380 1.017715 1.154217 0.849710 0.975873 0.952343 1.148939 0.957312 0.893920 0.988511 1.188982 1.065458 1.037492 1.004066 0.869866 0.916194 0.980818 0.893345 1.257802 0.836621 0.926879 0.905242 
1.083106 0.861591 1.160680 0.992887 1.258811 0.797454 1.010190 1.140127 1.015969 1.000524 1.008041 0.979922 1.094561 0.973424 0.860233 0.998017 1.024730 0.815062 1.041685 0.958890 1.108521 1.154116 0.850591 1.111450 0.807380 0.976351 1.209643 0.832428 0.994517 1.109680 1.186315 0.972536 0.913406 0.842055 0.815272 1.076882 0.933982 1.050799 1.061743 1.110553 0.845733 0.943682 
1.089044 0.871364 1.022128 0.994447 1.258499 0.802646 0.805151 1.116232 1.025222 1.067012 1.061743 1.003696 1.001405 1.085209 0.872159 1.061946 0.896962 0.849335 1.112350 0.955264 0.899990 1.139384 0.915499 1.241951 0.855423 0.987190 1.007255 1.211450 0.965277 1.024688 1.185148 1.070467 0.966945 1.072085 1.169754 1.076882 1.060193 0.941507 
0.803873 0.965595 0.950474 1.127818 1.258499 0.802646 0.933612 1.005483 0.995832 1.157176 1.035734 0.822373 0.851802 1.098133 0.881553 1.009641 1.083571 0.973788 1.112350 1.043039 0.803077 1.142421 0.906838 0.889880 0.814479 1.032233 1.117881 1.076882 1.050465 0.841347 1.017975 0.963712 0.987881 1.062481 1.130066 0.856050 0.831033 1.071553 1.076540 0.886223 
1.149571 0.823442 1.044487 0.955534 1.248975 0.818423 1.074680 0.867177 0.998660 1.189758 1.021986 0.907929 1.229909 1.009026 0.890518 1.057655 1.002257 1.127021 1.070618 0.962625 1.219260 1.128518 0.859004 1.128584 0.799723 1.032233 1.061199 1.080890 0.839389 1.035139 1.059145 1.041056 0.914612 1.049189 1.094631 0.961703 0.984220 1.041088 1.091437 0.878029 1.155272 1.253884 1.215253 0.842317 1.081541 
1.178795 0.843890 0.929377 0.947876 1.258124 0.804814 1.122343 0.819642 0.994171 1.181372 1.033896 0.818789 0.971815 0.842937 0.869758 1.198612 0.996578 0.988907 1.066695 0.890259 1.121783 1.131271 0.881328 1.054783 0.838295 1.013248 1.061199 1.082160 1.016289 0.796872 0.973685 1.042502 1.167836 
1.052705 1.113974 0.942841 1.077234 1.255288 0.795064 0.955843 0.872230 0.977417 1.153472 0.992899 1.045929 1.096231 0.915220 0.985475 0.897309 1.226560 0.858834 1.034722 0.959111 0.795753 1.130989 0.889498 1.067833 0.813186 1.002455 1.050882 0.882833 1.090763 1.031076 1.053314 0.835198 1.133656 1.002758 1.043204 0.972175 
1.013106 1.071084 0.983855 1.096423 1.254735 0.795064 1.043364 0.838596 1.001165 1.245052 0.988291 1.045929 1.024483 0.836425 1.036262 1.183183 0.901289 0.796809 0.993678 0.911438 0.963821 1.133306 0.914293 1.081552 0.811007 0.845375 0.910225 0.866133 0.914406 0.980118 1.035149 0.928534 1.225340 1.190953 1.129414 1.008931 1.067495 1.118600 0.954728 1.049910 0.956933 0.857730 1.194153 1.033855 1.018062 0.930559 0.930412 1.094913 
1.099691 1.075907 1.023098 1.093180 1.254735 0.795064 1.131446 0.996706 0.991583 1.156565 1.236588 1.048099 0.837065 1.101934 1.049490 0.871022 0.813328 0.949899 1.039874 0.914093 1.067029 1.142575 0.843593 1.047540 0.815094 0.845144 1.209886 0.865448 0.901702 1.085937 0.944714 1.068046 0.800772 1.245506 0.967228 1.041017 0.951196 0.936190 1.002680 1.130570 0.805045 
0.987376 0.926507 0.928683 1.089275 1.258035 0.795064 0.996823 1.082440 0.986301 1.190249 0.941026 1.044740 0.804230 0.884626 0.823360 0.940093 1.133081 1.004559 1.034776 1.244164 0.949641 1.132143 0.882354 1.049545 0.952403 1.150821 1.028378 0.863985 1.085329 0.804398 0.885637 0.953988 0.878323 0.823723 0.949899 0.935919 0.855512 
1.111433 0.832627 1.015008 1.068902 1.255004 0.796973 0.941564 1.129652 1.008705 1.218703 0.944875 1.047067 0.840665 1.131223 0.888221 0.856090 1.079698 1.018810 1.029059 0.943221 0.976693 1.136981 0.902940 1.053929 0.801199 1.102476 1.093288 1.176615 1.040748 0.949405 
0.853977 0.986297 1.047322 1.072194 1.237833 0.796973 0.955055 0.939063 0.986492 1.190858 1.104025 1.028696 0.980128 0.991468 0.872750 0.971576 1.058375 1.024945 1.029059 0.865166 0.933539 1.142577 0.867333 1.049029 0.824751 1.053938 0.851940 0.829776 0.926500 0.800534 1.123894 0.870703 1.006797 0.896066 0.854617 1.052069 0.910298 0.993219 0.932104 0.822140 0.960814 1.229221 0.920111 0.946801 0.876849 0.801237 1.131819 1.083340 0.801109 0.947223 1.159518 0.958471 1.080588 1.096247 1.026915 0.873480 
0.949936 1.028316 0.868940 0.895587 1.234023 1.118574 1.120832 0.955274 1.023370 1.205323 1.030051 1.077654 0.962881 1.185017 0.940909 0.956416 0.849241 0.974179 1.029059 0.870334 0.867109 1.142950 1.033614 1.060171 0.795452 1.110508 1.069762 1.202986 1.117539 0.852519 0.911303 1.008500 1.066771 1.076491 1.146103 1.052069 1.051028 0.815347 1.144635 1.054943 1.057554 1.030435 1.056846 1.012311 0.935292 0.860700 0.926020 1.076135 0.819316 0.910095 
0.848316 0.967083 1.020257 0.870214 1.243213 1.105231 0.866703 1.196778 0.997773 1.178718 1.047753 0.993349 0.816453 1.035031 0.816998 0.943382 0.844176 1.021493 1.014161 1.089418 0.892590 1.139063 1.116281 1.070723 0.847934 1.087814 0.930123 0.915751 0.925429 0.828981 0.838553 0.988648 1.089410 1.082883 
0.803685 1.004815 1.040156 0.861917 1.245679 0.950790 0.875058 1.187900 1.048860 1.200113 1.044601 0.917380 0.866687 0.969693 1.004740 0.857339 0.850957 1.003873 1.011968 1.061150 0.932979 1.124345 0.923489 1.050433 0.877332 1.086534 0.835127 1.145379 1.127750 0.900692 0.984739 0.968157 0.984773 1.032028 1.256112 0.925964 0.838991 1.124351 0.957446 0.990856 0.947002 1.030837 0.999693 
0.824079 0.968980 1.244273 0.856148 1.250910 0.900637 1.010087 1.232288 0.931745 1.156719 1.044601 1.230749 0.830160 0.951828 1.046547 1.068026 0.891754 1.181929 1.013148 1.061150 0.803952 1.124345 1.046277 1.063355 0.835046 1.086315 0.812672 1.103721 1.197652 1.028636 0.983431 0.881878 0.953526 0.992063 1.197320 1.243161 1.099837 0.833634 1.183061 0.974052 0.922346 1.170093 1.139055 0.921629 1.197122 0.871199 0.923291 0.880742 
0.800212 0.981262 1.009119 0.851256 1.254550 1.033554 1.032569 1.132083 1.140420 1.170765 1.032784 1.214513 1.023480 0.954871 1.132199 1.171179 0.851050 0.905510 1.039416 1.041202 1.156474 1.124345 1.238728 1.032609 0.807074 1.056755 1.145805 0.898571 1.041374 0.863545 0.984170 0.910803 0.862268 0.941570 0.825795 1.161235 0.922021 0.980086 0.938529 1.149207 1.033732 0.949620 0.837052 0.962332 
0.905949 0.892661 1.006437 1.100523 1.240022 1.153920 1.056385 1.083817 0.811375 1.155915 1.032784 1.174153 0.816149 0.957883 0.847552 0.850254 0.885506 1.010273 1.239695 1.046178 1.097043 1.129428 0.973395 1.037749 1.141696 0.998941 1.238727 1.076313 1.250316 0.882623 0.999373 0.915962 1.085568 0.853988 1.126713 0.938414 0.813666 0.852230 0.988757 1.248633 1.151783 0.798894 0.815111 0.832292 0.825095 0.988188 1.147719 
0.950617 1.183551 1.013530 1.049422 1.247005 1.119163 1.010398 0.878620 0.965655 1.146392 1.026037 1.244309 0.835905 0.818631 0.955438 0.852470 0.976333 0.943701 0.996573 1.052345 1.048678 1.105796 1.084635 1.046804 1.156316 0.965460 0.801919 1.039900 0.968931 0.890722 0.962401 0.942566 1.039939 0.827182 0.937068 1.206499 1.071124 1.088920 1.053225 0.871241 0.846015 1.068802 0.857651 0.948193 0.931102 1.044446 1.157167 1.101294 0.816841 1.005794 0.935868 0.966176 1.095278 1.073717 1.049339 0.914294 1.124841 0.969512 
1.030547 1.128185 1.002265 1.084761 1.247005 1.049813 1.228598 1.209193 0.946475 1.156736 1.026037 0.924455 1.037167 1.029492 1.131790 0.872180 0.844843 0.855223 0.972870 0.887074 0.862086 1.135162 0.867733 1.052597 1.045609 0.955193 0.801919 0.979558 1.152815 1.157582 1.003301 0.971686 1.226354 1.054497 0.954743 1.075334 1.235847 1.128889 1.056180 0.944535 0.840780 0.883824 0.914269 1.115742 0.865546 0.856307 0.984149 0.860010 1.013563 0.857240 0.833874 0.809544 1.039303 0.916779 1.107209 1.150530 
0.989637 1.089113 1.010786 1.093540 1.249546 1.150407 0.945051 0.928045 0.946474 1.068927 1.025160 0.997487 1.022149 0.846881 0.961263 0.844351 0.825272 0.957089 1.219867 1.245744 0.993080 1.135162 0.898269 1.050172 1.061942 1.061647 0.801941 1.066883 1.137679 0.844259 0.992423 1.245065 1.106841 0.797750 1.107269 1.062102 0.962847 0.999658 0.982718 0.955493 0.870844 0.830126 0.901881 0.948550 0.900874 0.866655 0.886057 0.905917 1.068200 1.030363 
0.930244 1.072588 1.013479 1.098757 1.246383 0.976062 0.889075 0.985967 0.946150 1.245556 1.025160 1.217721 0.893897 0.845419 0.957484 1.070209 1.054889 0.843195 0.822657 1.033843 0.921041 1.130742 0.823297 1.008091 1.061942 0.943910 0.811532 1.040542 0.945295 0.806721 0.967646 0.844883 1.076364 1.019758 1.092382 1.085926 0.985298 1.100986 0.909849 0.942950 1.060862 1.091749 1.180797 0.981819 0.916686 
1.181719 0.998287 1.013479 1.091635 1.258871 0.911066 1.101834 0.843164 0.991146 1.202922 1.025160 1.061027 0.946129 0.814216 0.876821 0.977943 0.995506 0.854081 1.119416 1.104579 1.077743 1.138069 0.979021 1.036767 1.140103 1.045181 0.795738 0.900883 0.844786 0.878514 0.968494 0.860886 1.116056 0.832271 0.946296 0.937526 1.119202 1.175988 0.969462 0.928844 0.960122 0.940466 0.963471 
1.215238 1.063430 0.943836 1.009068 1.258871 0.836475 0.969897 0.892562 1.142559 0.830678 1.028363 0.994650 1.131666 0.956031 0.845121 0.857506 0.995506 0.962393 1.052502 0.802620 0.940972 1.135007 0.954673 1.087170 1.035399 0.866370 0.796600 1.157221 
1.081272 1.110321 0.923421 0.981911 1.258833 1.131825 0.890075 0.962527 0.942875 0.797802 1.036788 0.923589 1.063154 0.955026 0.856578 0.799021 1.087579 0.930316 1.118026 0.854287 1.047596 1.135400 1.004644 0.911455 1.068726 
1.065721 1.056321 0.890862 1.109950 1.258833 1.125781 0.946556 0.948081 0.805696 1.004522 1.031847 1.024725 1.043530 1.021535 0.870359 0.799021 1.087579 1.012765 0.806401 0.869163 0.928213 1.176637 1.065461 0.963476 0.891719 0.979437 1.128503 0.970233 1.059846 0.939173 1.064063 0.980836 1.048032 0.901298 0.922351 1.070811 1.024426 1.158898 1.182295 0.892010 1.107224 
1.120430 1.093888 0.895491 1.078771 1.251509 1.125781 1.005128 0.938854 0.794574 1.043120 1.035007 1.011206 1.060336 0.921370 0.808960 0.799021 1.076325 1.034869 1.204174 0.990387 1.220115 0.896452 1.119740 1.051028 0.847923 0.906423 1.071825 0.979979 0.956782 0.938218 0.870243 0.854538 0.912101 1.061280 
1.068583 1.098861 0.858341 1.202230 1.251509 1.137969 0.986678 0.994275 0.794574 0.823837 1.035007 1.013228 1.241594 0.912897 1.011590 0.799021 1.093476 0.926758 1.012014 1.031414 0.858130 1.069176 0.985546 1.140248 0.900236 0.904326 1.052792 0.804363 0.845638 0.931407 1.225106 0.844220 1.081033 0.986951 0.913515 0.868903 0.869472 0.929087 0.974882 0.879087 1.241132 0.880604 
1.050747 1.002427 0.856695 1.226599 1.241621 1.140282 1.038523 0.810501 1.162028 0.852626 1.036317 0.999660 0.967799 0.994549 0.842280 0.796519 1.102567 0.961130 1.040874 0.968352 0.807940 1.117214 1.101709 1.054058 0.867357 0.979236 0.941737 0.878090 0.847487 0.929934 0.990831 0.868536 1.020181 1.137330 0.998809 0.940313 1.211933 1.009036 1.114135 0.948566 
1.050038 1.066226 0.898343 0.917765 1.235682 1.145333 1.074625 0.832453 0.855508 1.036353 1.036317 1.001497 1.006950 1.004084 0.856714 0.800719 1.095445 0.861806 1.001520 1.111268 0.859399 1.005643 0.945006 1.163157 0.938765 0.993839 0.881944 1.045010 0.922191 1.095892 1.105386 0.878638 1.065890 0.935239 0.912923 0.856450 1.092753 0.990321 0.818553 0.918350 0.976387 1.154235 
1.087025 1.061535 0.888967 0.823474 1.247267 1.149696 1.248326 0.885982 0.992782 0.885266 1.043631 1.002261 0.927703 1.014120 1.074242 0.800784 1.093497 0.843337 1.023470 0.983592 0.866084 1.048446 1.198082 1.089754 1.138706 0.866317 0.892119 0.919488 0.812748 0.949199 1.089845 0.914254 1.053228 1.219275 1.018701 1.002974 0.911557 0.959447 1.141360 1.183838 1.025205 
1.085934 1.065403 0.862482 0.980585 1.243904 1.155896 1.185416 0.821993 1.034869 0.870366 1.039792 1.019204 0.852926 0.983642 1.121589 0.803563 1.094974 0.799380 0.941629 0.987825 0.847194 1.028510 1.065733 1.059546 1.026198 0.903867 0.860989 1.133510 0.797885 0.877253 1.174015 1.139810 0.981587 1.026731 
1.068593 0.981432 0.877139 1.091504 1.255892 1.128384 0.939258 0.867952 1.020376 1.116239 1.039792 1.016727 0.870109 0.974127 1.113429 0.801555 1.096553 0.832692 0.945421 0.964177 0.850457 1.258415 1.138007 1.072444 0.818693 1.023681 0.976931 1.064725 0.826524 0.810246 1.107168 1.019535 0.927896 0.925479 0.913848 1.018784 1.032635 
1.067833 1.031549 0.862142 1.106806 1.255892 1.149546 1.200721 0.839407 0.992283 0.843631 1.039792 1.011000 0.870532 0.963065 0.829113 0.798843 1.096553 0.814916 0.935778 1.036003 0.896688 1.157887 0.816764 0.859993 0.964714 0.902069 1.111756 0.879314 0.815487 0.899965 1.182349 0.972461 1.083136 0.855218 1.217793 1.060863 0.825570 1.029955 1.051836 0.904977 
1.077172 0.933216 0.855451 1.105915 1.258105 1.149546 0.795038 0.887330 0.998078 0.947600 1.042890 0.889127 0.889300 0.995062 1.009606 0.798843 1.096553 1.003295 0.903031 0.804744 0.811690 1.252761 0.804817 0.846272 1.198664 0.952603 1.096946 1.097188 1.088036 0.977240 1.050146 0.946587 0.927832 1.054256 0.958674 
1.068410 1.238365 0.859792 1.156896 1.253957 1.132534 0.843040 0.881127 0.986682 0.847193 1.031249 0.930428 0.854533 0.973640 0.900479 0.798843 1.098089 1.053674 0.849803 1.061867 0.870698 1.048742 1.048801 1.095544 0.989261 0.954756 0.814514 0.872965 0.976447 0.914088 0.813687 
1.056858 1.081726 0.843174 0.937915 1.256871 1.130314 0.803453 0.866625 0.997235 1.129289 1.035496 0.919295 0.859483 0.971335 1.009458 0.799932 1.079031 1.027869 1.021997 0.960788 1.064152 1.071985 0.897608 0.821389 1.080947 0.956430 1.138855 1.144260 1.160039 0.850446 1.094799 0.833543 1.092332 1.135653 0.948016 0.973190 1.005755 
0.902041 1.089441 0.820350 1.218005 1.249520 1.119194 0.819619 0.939607 1.059957 0.953653 1.035496 0.913326 0.953501 0.996602 1.006976 1.019273 1.095456 0.960576 0.977455 0.994458 1.065102 0.833481 0.865459 0.859191 0.854074 1.149327 1.040082 1.083820 0.872191 0.823441 1.005224 1.086469 1.002756 0.949307 
1.021082 1.065512 0.807262 0.838036 1.253095 1.119194 0.804288 0.868371 1.045004 1.150825 1.024967 1.027805 0.951843 0.981443 1.159916 0.931667 1.069899 0.954809 1.036018 1.028294 1.063836 1.004315 0.948338 1.251896 0.850237 0.856839 0.960560 0.826342 1.206748 
1.008322 1.134988 0.816385 0.913084 1.255597 1.112706 0.804215 0.911858 0.901583 0.924235 1.024967 0.923982 0.798810 0.951804 0.874709 0.916805 1.084849 0.969849 1.015297 0.965393 1.192578 1.029205 1.040278 0.875846 0.866615 1.228798 1.023410 0.829238 1.206545 0.905523 0.802874 0.810658 1.138165 1.042494 1.092159 1.009052 1.252561 1.014692 1.222824 0.911034 
1.014269 0.881051 0.816385 1.157032 1.255597 0.850104 0.824311 0.866895 0.946597 1.116372 1.024967 0.967066 1.149571 0.973711 1.117769 0.892962 1.073238 0.952988 1.003554 0.998306 0.933490 1.007800 1.057958 0.807756 0.885954 0.904235 1.044180 0.844698 0.801080 0.953702 1.009174 1.100185 0.980297 1.046385 1.029206 0.810690 0.933227 0.959461 0.901046 1.002265 0.995051 0.923366 0.921038 
0.917084 1.118463 0.810548 1.225055 1.151945 0.999807 0.822667 0.919115 0.884312 0.916972 1.014971 0.974834 0.900643 0.961534 0.909444 1.239576 1.073238 1.121683 0.957366 1.247226 0.936145 0.845333 1.035720 0.988460 0.859203 0.802299 0.999724 1.019339 1.113225 1.080164 1.097550 0.982687 1.088413 1.002253 0.975432 0.986418 
0.879510 1.112295 0.811577 1.255942 1.016903 0.999707 0.854731 0.811483 0.954974 1.005611 1.014971 0.957366 1.188449 1.222819 0.945976 1.141018 1.024482 1.093177 0.951686 0.833177 1.088027 0.844210 1.037627 1.022552 0.873388 0.816374 0.895460 0.981393 0.999758 0.954724 0.895375 0.909991 
1.153028 1.102806 0.796492 1.250683 1.043516 0.843765 0.887018 0.889846 1.024351 0.817201 1.008864 0.963286 0.961541 0.809285 0.869816 0.963139 1.030515 0.935310 0.949358 0.923406 1.078135 0.844271 1.055562 0.988080 0.795371 0.820190 0.881447 
1.047014 1.120260 0.826086 1.250683 1.029666 0.927844 0.807389 1.070231 1.083732 1.078371 1.019714 0.974714 0.925414 0.905823 0.833408 1.026210 1.060003 0.936389 0.815844 1.001483 1.076836 0.851923 1.138890 1.146599 0.954304 1.077711 1.157364 0.985077 0.837516 1.078203 0.911619 1.159036 0.960295 1.044110 1.209226 0.810696 0.810295 1.240280 1.111890 0.983366 
1.066207 1.109855 0.799589 1.250272 0.826322 0.932928 0.847390 1.113085 0.978529 1.201763 1.019714 0.972595 1.135800 0.921302 0.912899 1.043610 0.974312 0.920087 0.981469 0.961905 1.076836 0.878695 0.888837 0.806069 1.223968 1.205409 1.043777 1.017865 1.026724 1.093218 0.986663 0.984061 0.984097 0.885425 0.856933 0.830839 0.797091 1.018480 
0.866598 1.109191 0.797349 1.247588 1.062065 1.041027 0.830222 0.978967 0.975050 1.032646 1.020158 0.955869 1.117270 0.831008 0.826317 1.035245 0.812014 0.935705 0.904465 1.163008 1.058722 0.868809 0.874968 1.103966 0.928922 1.116174 0.894036 0.933227 
1.071928 1.116752 0.807860 1.235133 0.947316 1.010960 0.844543 0.981141 1.094371 1.209642 1.011347 1.104304 0.994797 1.079978 0.915094 1.051311 1.029003 0.944873 1.009416 1.106938 1.074118 0.838873 0.955717 0.913274 1.013474 0.870723 1.101188 1.086859 1.115697 0.869987 0.889906 0.906448 0.853111 1.091466 1.078850 1.109583 1.146974 1.063291 
1.225264 1.015170 0.808741 1.238622 0.978143 0.917736 0.857223 0.985048 0.994396 0.816448 0.913258 0.895140 1.118844 0.833307 0.934165 1.051311 1.026773 0.895615 0.976734 1.107012 1.074118 0.896664 1.011688 1.016841 1.017643 0.927441 1.191603 1.206001 1.041992 
1.040863 1.013072 0.799207 1.242484 0.964615 1.081776 0.809186 0.987916 0.813091 0.907429 1.005722 0.876128 0.803783 0.860484 1.152749 1.041340 1.003342 0.958414 1.005215 1.110033 1.069035 0.944939 0.928238 0.885621 0.803108 1.058243 0.827221 0.836383 0.952545 0.956674 1.001942 0.937530 1.034724 1.042077 
0.950175 1.003836 0.795200 1.237461 0.961564 1.078012 0.801620 0.998353 0.952184 0.910272 0.907005 0.860217 0.796712 0.842120 0.870424 1.046714 0.983114 1.023225 0.860061 1.117616 1.048710 0.842231 1.046122 0.941698 1.038630 1.029413 
0.815101 1.240176 0.808404 1.244465 0.956445 1.015582 0.808920 1.124874 0.810485 0.930885 0.946277 0.853168 0.869638 0.842120 0.930436 1.019786 0.983393 1.006207 0.994109 1.099278 1.073378 0.917734 0.974042 0.996160 0.956685 0.983286 1.010726 0.967549 0.936235 0.832727 0.953959 1.049961 1.161145 0.798609 1.188935 1.039063 1.011474 0.945988 
0.823910 1.086134 0.805431 1.244230 0.834604 1.028934 0.814334 1.055637 1.093702 0.974529 0.984590 0.911763 0.801382 0.837784 0.988374 1.029102 0.922983 1.086547 1.034906 1.101204 1.038024 0.919957 0.886742 1.255042 1.013869 1.069346 1.076524 0.967549 1.021093 1.096953 1.022185 1.120032 0.877284 0.929529 1.048555 0.915084 1.071153 
0.831043 1.084386 0.803533 1.246174 0.956869 1.053750 0.806495 1.066456 0.902697 0.978863 0.884323 0.889742 0.837490 0.848915 0.988374 1.028821 1.049578 1.079549 1.083431 1.110666 1.047203 0.934549 1.206825 0.852876 1.028649 1.009814 1.074653 0.957758 0.866526 0.890519 1.022185 1.070944 0.992863 0.948036 1.009026 1.075504 1.052519 1.187078 1.248825 0.840855 1.105719 1.145338 0.902029 1.029208 0.957736 1.149816 1.037488 1.107437 0.838838 1.211567 0.929506 0.952055 1.175634 1.249640 1.125608 1.192329 0.832134 0.935836 0.938467 1.105239 
1.010093 1.187533 1.016321 1.249213 0.925364 1.037021 0.814267 0.939339 0.804869 0.795043 0.856217 0.795422 0.962408 0.845497 1.053838 0.848162 1.005918 1.057290 0.799981 1.128775 1.048918 0.900878 1.054534 0.833415 1.041295 0.847557 0.814729 0.973688 1.104753 0.899892 1.027516 1.062438 1.018007 0.973276 0.884678 1.099635 0.873125 0.989408 1.062511 0.956994 0.961745 1.029935 0.897704 1.006120 0.929997 
0.843961 1.027516 1.219223 1.249213 0.880794 0.947695 0.858322 0.867980 1.054966 0.925782 0.832865 1.111591 0.858531 0.937755 1.003122 1.228230 1.027328 1.054505 0.806576 1.110827 1.039376 0.985931 1.102781 0.953140 1.027777 1.090607 1.233198 0.961282 0.800665 0.955432 0.842254 0.958457 0.976234 1.220564 0.893351 1.054866 0.909398 0.990452 0.896907 0.870465 0.994176 0.978809 1.167025 
0.995737 1.027516 0.842415 1.225550 0.870931 0.904881 0.907173 0.820016 1.244413 1.049354 0.867627 0.890018 0.854381 1.020535 1.005000 0.827770 0.935383 1.058926 0.806576 1.128545 1.057031 0.849595 1.009915 0.967821 0.900291 1.072514 0.892508 0.986005 1.039390 0.939188 1.050486 1.004947 0.940262 0.940055 1.202677 1.022394 1.214573 1.158736 1.024360 0.815760 1.042396 
1.037318 1.026859 0.809294 1.224726 0.839816 0.930389 0.939054 1.044886 0.956486 1.211131 0.982429 0.800479 0.865450 0.990886 1.011870 0.822794 1.065696 1.086681 0.800558 1.127051 1.044587 1.236073 0.959462 0.949483 1.182727 1.094979 0.916342 0.980328 0.806732 0.880155 1.111254 1.024802 0.931379 1.257425 1.153406 1.031948 1.044333 
1.002352 1.026859 1.048329 1.241564 0.983476 0.832511 1.003815 1.227164 1.038102 0.812654 1.075286 1.042741 0.854830 1.036300 0.984939 0.860273 1.029510 1.054378 0.797948 1.123280 1.004427 0.869998 0.895156 0.950561 0.922568 1.072532 0.996607 
1.023462 1.015905 0.927166 1.241564 0.958337 1.043873 1.030520 0.908550 0.976720 0.890893 1.191284 1.080296 0.822769 1.067780 0.888563 0.859885 1.236864 1.063112 0.801631 1.120426 1.028508 0.845501 0.847440 0.958592 0.900370 0.840289 0.933786 0.893838 1.231533 0.991456 1.029116 1.146894 0.962723 
0.928695 1.024716 1.121735 1.251162 0.968705 0.940368 0.940887 0.903515 0.961967 1.087412 0.827881 1.080296 0.857964 0.829023 0.932554 0.841898 1.014069 1.053433 0.820708 1.128139 1.045841 0.862071 0.877928 0.939515 1.167918 1.018963 0.999498 0.869151 
0.960392 1.026339 0.883952 1.223447 0.971550 0.899088 1.175564 0.934337 1.020542 0.987306 1.054930 0.994024 0.840566 1.080354 0.950902 0.815806 1.172555 1.054912 0.823801 1.119850 0.995041 0.836529 0.964803 1.005696 0.830331 0.925894 0.956415 0.998706 0.998117 1.144657 1.050612 0.976897 1.179914 
0.967150 1.041924 0.912945 1.244994 0.967419 1.013681 0.895419 1.206284 0.885165 0.998672 1.078826 1.080620 0.860403 1.090988 0.932837 0.925940 1.077491 1.067341 0.800989 1.149443 1.013678 0.798054 0.810167 1.135527 0.878128 0.825085 0.964391 0.959305 1.027057 0.988126 0.937025 0.938261 1.035765 
0.871916 1.038069 0.858337 1.255437 0.973171 0.943226 0.849061 1.101069 0.982768 1.001383 0.803509 0.960564 1.033355 1.095632 1.064541 1.053513 1.084094 1.063398 0.800989 1.141682 0.999770 0.838339 0.848001 0.967413 1.158179 1.123746 0.946111 0.968096 0.933731 0.799895 
0.880516 1.038069 0.926739 1.255993 0.985075 1.112321 0.971963 0.830641 1.076536 1.016918 0.960711 1.043916 0.981608 1.092109 0.797971 1.003515 0.962075 1.061275 0.800378 1.156815 0.979058 0.806791 1.038400 0.999148 1.088882 1.075415 0.848295 1.049555 0.963521 0.870792 0.988194 0.930574 1.115943 1.152461 1.210224 0.981741 1.031655 1.018336 0.940449 0.825755 1.082669 0.841286 0.994678 0.952262 0.922296 1.035980 1.044034 0.893355 
0.892325 0.961368 0.810014 1.257846 0.977104 0.854870 0.955207 0.989932 0.974962 1.001192 1.183003 1.030709 0.861677 1.096566 0.945904 0.986200 1.170631 1.063226 0.800378 1.157868 1.054280 0.804066 1.143470 1.155849 0.956993 0.872248 0.947312 0.985999 0.936504 0.884783 1.227775 0.931911 1.115943 1.018134 0.870137 0.937292 
0.906764 1.035914 0.920281 1.254618 0.960276 0.968769 0.984203 0.839017 1.002558 0.907870 0.883295 1.033876 0.868408 1.094879 0.870141 0.964753 0.945699 1.077484 0.799717 1.138437 1.025631 0.866844 0.911858 1.169970 1.054495 0.826509 1.014628 0.950056 0.904072 
0.890802 1.244512 0.983523 1.247324 0.993272 1.104143 0.956349 0.865663 1.007936 1.010656 1.069584 1.044984 1.029022 1.080083 0.881057 0.959305 1.044859 1.072897 0.798194 1.138437 1.114365 0.810684 0.794482 0.825596 0.819672 0.945088 
0.851020 0.899365 0.924111 1.234104 0.994568 0.823704 0.928968 0.946100 0.994983 1.002162 1.258209 1.044984 0.812426 1.064944 0.890283 0.963050 1.019382 1.076838 0.795597 1.141656 0.962718 0.820354 1.112056 0.832035 0.812956 1.011224 0.937345 1.224742 1.015277 0.948535 0.839342 1.002935 0.938391 1.073882 1.021899 
0.874343 0.939461 0.831955 1.258218 0.986469 1.042306 1.001002 0.850190 1.077818 0.960881 0.893765 1.054221 0.912613 1.117482 0.871401 1.097799 0.965273 1.078213 0.795597 1.141810 1.029288 0.844364 1.149838 0.868628 1.135412 
0.889314 1.003978 0.918114 1.256103 0.977279 1.020909 0.812169 0.832900 1.021151 0.841027 1.194813 1.042674 1.089207 1.092208 0.864694 1.033789 0.881249 1.078213 0.812551 1.135880 1.006614 0.931669 1.010571 1.010372 0.968308 0.848040 0.828731 1.138923 1.062426 0.888375 0.847489 1.104226 0.895296 1.071603 
1.017888 0.952178 0.949729 1.256103 0.862968 0.999943 0.879816 0.861624 1.029659 0.874302 0.883666 1.042674 0.842413 1.093058 0.876758 0.893002 0.897625 1.070353 0.805768 1.137747 1.067205 0.931622 0.942332 0.820364 1.231769 0.997506 0.961502 0.917858 0.992500 0.801197 0.964659 0.811537 1.058283 0.835900 0.845975 0.828497 
0.856032 1.006300 1.036626 1.245342 0.836248 0.927677 1.105348 0.862311 1.000675 0.825666 1.133306 1.042674 0.943788 1.088083 0.867947 0.945109 0.981080 1.097044 0.802540 1.137747 0.978436 1.150233 0.984623 0.821592 0.973152 0.949594 1.189595 0.965392 0.854641 1.037562 0.915219 0.994695 0.870764 0.805152 0.926207 1.031442 0.836999 1.006363 0.942089 0.992482 1.200586 1.130184 1.086311 
1.130132 0.999355 1.084076 1.252258 1.179694 1.247622 0.966699 0.994964 0.976571 0.835047 0.944627 1.042674 0.949421 1.099718 0.856785 1.024904 0.944583 1.068846 0.821094 1.136313 1.037654 1.017303 1.116962 1.161253 0.803452 0.915051 0.813960 0.972438 0.821753 1.111482 0.967054 0.897108 1.251331 1.067359 0.877847 0.838699 1.214779 1.065094 1.025567 1.148581 0.861813 0.868448 0.843486 1.111840 
0.853116 0.980832 0.863211 1.253361 0.834226 0.991036 0.815400 0.856241 1.102557 0.799231 0.945724 1.043834 0.834263 1.108878 0.834369 0.937517 0.991660 1.080587 0.872345 1.136313 1.088213 1.017303 0.852432 1.046867 0.948943 1.136404 
0.831010 1.001424 0.906956 1.257246 1.007099 1.157472 1.037662 0.868852 1.210158 0.843563 0.971545 1.047807 0.956812 1.100488 0.960817 1.124111 1.007833 1.087871 0.879869 1.141110 0.956008 1.024904 0.882728 1.061305 1.079402 0.890590 0.808844 1.135189 0.912034 0.888007 0.945760 
0.802959 0.992076 0.823105 1.235127 1.030709 1.100231 1.003567 0.855438 1.075449 0.809905 0.865801 1.045685 0.946260 1.121680 1.002063 0.795940 1.003880 1.069208 0.862643 1.131997 1.068143 1.212977 1.031629 1.052566 1.182034 0.882609 0.842442 
0.803079 0.989814 1.233975 1.249903 1.090581 1.052624 0.988250 0.869796 0.941014 0.819410 0.917024 1.045685 0.944479 1.102166 1.022517 1.031651 1.001320 1.173251 0.844419 1.130653 1.006211 1.164995 1.010622 1.031192 0.854038 1.073090 0.903676 0.828536 1.175599 0.947005 0.954420 1.102437 1.110147 0.947794 
0.799568 0.979997 0.979189 1.237120 1.088265 0.847129 0.975672 0.846485 0.993468 0.816620 0.866131 1.045685 0.977710 1.106239 1.003149 1.009508 1.110053 1.033880 0.876957 1.145501 1.075075 1.165161 0.903100 0.991151 0.998352 1.082772 0.868028 0.885625 1.007516 1.019374 0.973719 0.874679 0.896442 1.015784 
0.800343 0.945381 1.157402 1.254358 1.089198 1.209908 1.214768 0.884646 1.003653 0.821525 0.896856 1.046275 1.059981 1.101662 1.041132 1.122259 1.070646 0.866178 1.029917 1.145501 1.006024 1.204282 0.802569 0.944331 0.995662 1.079505 0.986208 0.873553 0.912389 1.150498 0.971975 0.928975 1.199599 0.998460 1.068636 0.961640 0.988918 0.845201 0.877715 0.917344 0.827305 1.030870 1.123158 1.073826 
0.813973 0.827381 1.001767 1.257444 1.090082 1.183892 1.186810 0.875168 0.955555 0.883939 0.920720 1.043219 0.887457 1.100901 1.051113 1.007249 0.948012 1.083360 1.028677 1.149420 1.015171 1.161941 0.864341 1.164851 1.013530 1.042780 0.996241 0.971974 0.905310 1.087768 1.075377 0.966823 1.213150 1.138521 1.058147 0.884120 1.052696 0.859209 1.194009 1.121986 0.798186 0.940908 1.196045 1.237579 1.085610 0.969504 0.948114 0.925444 0.917219 1.192578 
0.820376 0.925329 0.987035 1.257444 1.141910 0.900443 1.161003 0.953029 0.968301 0.874486 0.803100 1.050155 0.808890 1.109248 1.004246 0.955195 1.157883 0.963450 1.025356 1.139487 1.050658 1.139183 0.907706 0.849881 0.985056 1.090836 1.161614 0.820837 0.860455 1.026011 0.983291 1.064770 1.024875 1.107281 0.912062 1.007176 0.991431 0.833862 1.194805 0.915450 0.841796 0.849146 0.916872 0.860339 1.085277 0.902794 0.953407 1.058777 0.899978 0.866986 1.008828 1.175176 0.991930 0.829098 1.090946 
1.199135 0.932934 0.912452 1.254945 1.080734 1.148070 0.997019 0.888589 0.955465 0.851992 0.808138 1.050155 0.804730 1.121017 1.032550 1.055884 0.823649 0.873927 0.800753 1.130267 0.831773 1.161899 1.165177 0.961429 0.976661 1.072438 0.996461 0.849033 0.823328 0.961641 0.830543 1.047125 1.094202 0.937178 0.971756 1.029229 1.091081 0.928811 0.900690 1.033524 1.035537 1.077150 0.915602 
1.042256 0.840041 0.899418 1.249167 1.095946 0.795291 0.808352 0.840941 0.965418 0.796702 0.816893 1.045861 0.831697 1.111387 1.005253 1.227700 0.864139 0.918634 0.939325 1.130267 0.799751 0.853348 0.982649 1.005788 0.989556 1.089578 1.014378 0.836646 0.821682 0.838006 0.878177 0.961280 0.795058 1.160836 0.795940 0.846801 1.001353 0.994586 0.984205 1.097207 
1.069270 0.928171 1.106923 1.257390 1.155214 1.093936 0.805639 1.149985 0.953701 1.210907 0.874393 1.044474 0.854613 1.111387 1.053769 0.965131 1.048853 0.921168 0.893880 1.143495 1.195767 0.854200 0.942468 1.013760 0.985569 0.806219 0.983572 1.257244 0.972499 1.177149 0.965282 0.818960 0.832095 0.978897 1.060600 0.845677 0.879940 1.097354 1.139989 0.873868 1.078622 0.969809 
1.048875 0.880511 1.075597 1.257390 1.063115 1.217629 0.815831 1.013153 0.963988 1.091142 0.878134 1.044474 0.811044 1.100093 1.054122 1.109943 1.103701 1.204741 0.902036 1.131284 0.891455 1.165820 0.935661 0.946981 0.978046 0.796495 1.024938 0.820816 0.870070 0.992311 0.878695 0.967631 
1.064639 0.862629 1.013881 1.257390 1.123419 0.892837 0.930550 1.017229 1.048080 1.008867 0.999762 1.044474 0.806652 1.124727 0.939263 1.113194 1.072012 1.018848 0.799196 1.134902 1.203901 1.160393 0.948965 0.838291 0.967173 0.813246 1.074497 1.099867 0.932778 0.938728 0.844411 1.085239 1.000606 
1.066246 0.856092 0.985520 1.248589 1.148205 0.813106 1.007116 1.014580 0.973864 1.020616 1.047994 1.044474 0.801545 1.103204 1.084993 0.855618 1.060824 0.868649 0.876767 1.106587 0.967723 1.138146 1.089597 0.980000 0.999612 0.835474 0.984300 0.798007 0.902899 0.966358 1.001595 0.888548 0.856449 1.242883 1.228675 1.067659 1.013924 1.127197 
1.066246 0.863750 1.073989 1.244952 1.155084 0.806372 0.838778 1.031060 0.992193 0.990733 0.961250 1.047493 0.832347 1.097995 0.980081 0.884374 0.930766 1.210932 1.126338 1.003358 1.197139 1.146395 1.068833 0.815420 0.993261 0.970175 0.987164 0.822680 0.878184 1.099721 0.995380 1.037884 0.950691 1.212012 1.003700 0.968340 1.009489 0.925585 1.161984 1.242601 0.872584 1.106028 1.099790 
1.052980 0.869196 0.924371 1.256747 1.153686 0.795893 0.970553 1.042013 1.064295 1.236981 0.795187 1.049917 1.138481 1.094110 1.208438 1.237293 1.031767 0.900616 0.989700 0.949045 1.105648 1.145201 0.829519 1.049399 0.989171 0.999254 1.039292 0.801687 0.901398 0.955071 0.955224 1.168608 0.976262 1.232530 1.075278 0.796769 0.832190 0.929731 0.867435 0.962852 0.828947 0.825012 1.053599 1.007638 1.107602 1.129293 0.852039 0.897646 0.953538 0.961826 0.904725 0.914816 1.094538 1.028492 1.053186 0.996771 1.043256 0.972742 
1.065737 0.896762 0.871927 1.255845 1.212760 0.795893 1.235494 1.045656 1.047418 0.857909 0.895105 1.015951 1.138481 1.109267 0.982372 0.980794 1.023677 0.953538 1.155598 0.796633 1.225439 0.895625 0.812162 1.060037 0.990614 1.048784 1.027141 0.798116 0.937132 1.061614 0.944822 1.150360 1.097065 0.988506 1.084200 0.927635 1.147291 1.250553 1.083291 1.099228 1.018606 1.006369 0.987446 
0.906370 0.957411 0.941209 1.255845 0.905412 0.798024 0.800230 1.042727 0.957307 0.933988 1.074760 0.907813 1.151128 1.106346 0.936731 1.044296 1.026247 0.794751 0.918457 0.818547 0.956864 1.249437 1.016058 1.050872 1.004972 0.898199 1.025088 0.806777 0.837550 1.128227 0.894719 1.172767 1.060872 1.041823 
1.017116 1.037400 0.884866 1.255845 0.888713 0.800776 0.804280 0.863964 1.055596 1.194007 1.086851 1.147001 1.151128 1.117813 0.988158 1.029180 1.084194 0.943258 1.040860 0.872490 0.952580 0.944455 0.833144 1.048752 1.005504 1.013768 0.983754 0.800142 0.898329 1.190641 0.865647 1.178062 1.078362 0.836230 1.135222 
0.817258 0.823080 0.912970 1.254753 0.856565 0.800776 1.007206 0.983652 1.029590 1.063978 1.054693 0.862345 1.153441 1.098116 1.177752 1.022439 1.011536 0.794769 0.801127 0.844382 0.945343 0.814115 1.015361 1.049533 0.989320 0.940262 0.982508 0.846384 1.095453 1.179914 0.910997 1.111230 1.095563 1.100472 
0.941027 0.974485 0.937794 1.253989 0.864787 0.799831 0.834262 0.915399 1.053756 1.077531 0.811114 0.873413 1.152755 1.094666 1.092974 1.034592 1.025894 0.956808 0.801797 0.869790 0.985845 1.055456 0.961871 1.055043 1.018059 0.846280 1.047003 0.869751 0.977738 
1.138425 1.177235 0.890604 1.253870 0.848376 0.799831 0.813934 0.896352 0.954811 0.933591 0.939290 0.983352 1.145138 1.116292 0.929670 1.023517 1.105482 0.874709 1.085731 0.829252 1.183154 1.004461 0.935968 1.060650 0.985559 1.070983 1.105856 0.906336 0.832797 0.860619 0.819989 0.943128 
1.125294 1.109905 0.880809 1.253738 0.857606 1.023960 0.797007 0.904702 0.974017 0.971973 0.868448 0.807744 1.181485 1.111825 1.004593 1.035204 0.970460 1.046082 1.049109 0.822941 1.188499 1.048393 0.931695 1.059361 1.000158 1.085429 0.942268 1.181340 0.811801 0.882946 1.125315 0.954672 1.229734 0.916269 0.925298 1.006424 0.933725 0.918597 0.984102 0.855853 
0.812517 1.063272 0.906482 1.253738 1.201063 1.099028 0.802941 0.845102 1.031689 0.800097 0.880554 0.991864 1.181485 1.111054 1.024200 1.023524 1.008536 0.839995 1.255315 0.844723 1.053481 1.076025 1.214158 1.055378 0.992549 1.085429 1.222458 0.971407 0.801257 0.847000 1.139850 1.036274 1.109200 1.071210 0.876779 0.968148 0.796788 0.875949 0.960205 0.795879 1.182552 1.010718 0.881706 1.061520 0.827999 0.862214 
0.869506 1.207290 1.249877 1.253738 1.018690 1.028123 0.818911 0.991500 1.032344 0.990016 0.957972 1.057638 1.158376 1.111772 0.960997 0.817004 0.842365 0.827457 1.009466 0.867961 0.869748 0.971345 0.878970 1.056624 1.018744 1.085429 1.231733 0.867936 0.804520 0.888056 1.139652 1.192318 1.227265 1.150267 0.894122 0.980243 1.200122 0.912837 1.015208 0.942920 0.992425 0.929150 0.974355 0.877391 1.037015 
0.876065 0.863472 1.061633 1.249220 1.069270 1.078073 0.880338 0.983511 0.941758 0.961592 0.973824 1.204070 1.182014 1.125141 0.995476 0.885662 0.955190 0.938667 1.059683 0.810508 0.903330 0.991527 1.116335 1.059177 0.960315 1.079601 1.096568 1.229981 0.800468 0.871778 1.149495 1.039545 1.145276 0.974521 1.052861 1.105776 0.974085 0.988523 0.950013 1.239042 1.105781 1.010559 0.930047 0.802851 1.129880 
1.039545 1.087539 1.004928 1.252239 1.179121 0.912742 0.803532 1.037982 0.972790 0.959410 0.969963 0.857544 1.165317 1.117675 1.028947 0.879114 0.916464 0.805806 0.938688 0.931969 0.799071 1.026665 1.162093 1.076145 1.256667 1.117687 0.875934 1.245606 0.805517 1.196204 1.149495 0.959730 0.892709 1.099136 1.119246 1.036679 1.002379 1.112880 
0.815264 1.217889 1.156838 1.252239 0.843176 0.799767 0.814114 1.057468 1.079668 1.184275 0.987435 0.800869 1.167352 0.924502 1.042929 0.872315 0.892894 1.093110 1.016835 0.910579 0.907295 0.920715 0.915301 1.073731 0.838803 1.085802 0.906301 0.922128 0.797045 0.969285 1.145909 0.977378 0.836162 1.078573 1.053928 1.151564 1.052709 
1.066989 1.209036 0.999618 1.245616 1.091123 1.149864 0.808357 1.064053 1.023437 0.913177 1.012615 0.880061 1.186129 1.049244 1.148496 0.873827 0.923129 1.149456 0.934269 0.897202 1.051613 0.854419 0.954500 1.088485 0.906930 1.114603 1.000539 1.043290 0.805232 1.047987 1.241338 0.896943 1.111874 1.004244 1.157763 
0.880338 0.799322 0.917662 1.241622 1.037120 1.137764 0.823262 1.092999 1.003821 1.086966 1.007154 1.243492 1.181254 1.038566 1.194267 0.883674 0.884224 0.989527 0.917084 0.983821 1.107817 0.928069 0.884714 1.091911 0.930440 1.102076 0.934904 1.116961 1.033448 1.216737 1.224490 1.071498 1.174537 1.029275 1.129020 0.803698 1.206954 0.923936 1.092086 0.983653 
1.056536 0.798792 1.025952 1.250375 1.244318 1.180973 0.824055 1.106272 1.096938 1.020612 0.996449 1.075676 1.189573 1.057879 0.795818 0.922417 0.900706 1.102023 0.967955 0.903659 1.086646 1.090759 0.872731 1.096360 0.841283 1.129249 0.984901 0.961230 
1.014496 0.798792 1.052388 1.257652 1.185842 1.178574 0.854377 1.015886 1.144356 0.977757 1.006323 1.111777 1.229188 1.047586 0.873446 0.912156 0.823757 0.922349 0.945354 0.995303 1.097122 1.056091 0.879012 1.097060 0.867803 1.129249 1.145309 1.083054 1.078767 1.055107 0.918663 
0.884858 0.798792 1.054685 1.255858 1.069975 1.170941 0.811820 1.101232 1.172291 1.102767 1.161580 1.017416 1.209894 1.054037 0.938294 0.815008 1.059505 0.955730 0.897571 1.026865 1.123924 1.192051 0.819081 1.114288 0.938809 1.241049 1.028943 1.060998 1.146627 
0.860535 0.797348 1.052516 1.239835 1.045681 1.176145 0.815152 1.127704 1.177168 1.099078 1.054851 1.018779 1.204027 1.045949 0.922750 1.076157 1.059403 0.898571 0.912451 1.021615 1.136495 1.061758 0.877493 0.915000 0.941970 0.880208 0.912395 1.150055 1.208813 0.958262 1.215243 1.100272 0.844334 1.079179 1.135930 1.125377 0.923711 1.022546 0.911605 0.858931 1.060135 1.023556 1.056917 1.181259 
0.840071 0.797348 1.045294 1.233824 1.054754 1.189725 0.794631 1.083514 1.163675 1.105035 0.833622 1.022807 1.230189 1.059357 0.954156 0.989033 1.068951 0.919496 1.013304 0.857272 1.155736 1.073776 0.884309 1.075307 0.959067 0.903480 1.078303 1.027718 1.120131 0.966962 0.991160 1.078772 0.883973 1.124218 1.109932 
1.079204 0.804306 1.032324 1.258579 1.093982 1.194309 0.795409 1.085514 1.180927 1.103770 0.855580 1.014934 1.230189 1.033342 0.860834 0.830467 1.256855 0.912263 1.128762 0.908522 1.131721 1.247221 1.005831 0.847358 0.926392 1.073679 1.005126 0.864300 1.000115 1.152415 1.221620 1.144096 0.891859 0.804532 0.807956 0.887301 1.246862 1.106781 1.005915 
1.055809 0.817242 0.982188 1.258579 0.945900 1.181260 0.807103 1.002561 1.165459 1.099733 0.860917 1.211770 1.224083 1.032930 0.946659 0.948584 1.122310 0.930279 1.133653 1.026207 1.053225 1.091855 1.137830 1.092194 0.931720 1.092879 1.050489 0.817366 0.898105 0.951918 1.126415 0.928076 1.029042 
0.796549 0.805884 0.959146 1.251012 0.798325 1.174473 0.933277 1.079060 1.160175 1.111792 0.895257 0.947382 1.216365 1.032930 0.932929 1.084604 1.133490 0.908692 1.131245 1.182242 1.032005 0.870792 1.136972 1.025350 0.912140 1.023271 1.053533 0.882637 1.004750 0.892349 0.906408 0.974392 1.019971 0.987793 0.981176 1.043715 0.869557 1.100455 1.068591 1.199078 1.084535 0.852029 1.044341 
1.092033 0.805884 0.856830 1.234582 1.128604 1.187163 0.825494 1.084839 1.160175 1.112933 0.990244 0.986564 1.216365 1.042560 0.923593 1.052638 0.904488 0.936834 1.133792 1.015216 1.053106 1.065786 1.118593 1.051540 0.928555 0.801773 1.008169 1.063763 0.845303 0.804077 0.990125 0.849457 1.214540 0.931904 
1.088039 0.965508 0.908965 1.258475 1.111614 1.184650 0.836381 0.845022 1.168634 1.113759 0.991205 1.218250 1.225257 1.021273 1.101746 1.129323 0.877769 0.906419 1.142417 1.015814 1.075995 1.212482 1.095441 0.890130 0.932869 0.838818 0.809515 0.906167 0.907057 1.145781 1.037797 0.808084 0.997720 0.795716 0.906713 
1.086253 1.011434 0.912464 1.258475 1.075967 1.111383 0.805964 1.159883 1.162767 1.122479 0.811118 1.086296 1.217556 1.096414 1.051351 0.809276 1.011371 0.971635 1.164409 1.037574 1.106379 1.055714 1.184705 0.900753 0.926979 0.915934 1.082244 1.043530 0.910887 1.189969 1.047323 1.082717 1.218135 0.992863 0.990171 0.853037 1.104607 0.946715 1.020908 
1.048756 0.937685 0.916992 1.253567 1.107305 1.142181 0.930090 0.887367 1.176812 1.118719 0.799529 0.999098 1.236646 0.886857 1.147857 1.152997 0.960072 0.936240 1.116469 1.016547 1.060626 0.961853 1.250613 1.072085 1.255533 1.251463 1.080117 1.100773 1.122904 1.162864 1.069230 0.869483 1.112006 1.245174 1.103857 1.070149 0.890615 0.962456 0.820892 1.076420 0.989744 1.079524 1.161910 0.837771 
0.924232 0.941894 1.073551 1.253567 1.086971 1.004621 0.860742 0.905700 1.176812 1.120904 0.810552 1.184084 1.236880 0.945149 1.142567 1.148208 0.959421 0.898566 1.181459 1.016827 0.984743 1.117560 1.047326 0.947880 1.071733 0.919933 1.086832 0.865257 1.036210 1.168309 1.004463 1.098279 0.839864 1.208969 0.842435 1.044584 
0.995423 1.020379 1.109653 1.253394 1.003084 1.192423 0.852645 1.123229 1.190694 0.809829 0.795373 1.127607 1.228654 0.967372 1.071647 1.165077 1.135320 0.971160 1.257377 1.032703 1.024559 1.082704 0.926294 0.929191 0.988987 1.064637 1.086832 
1.080886 1.215085 0.857058 1.253394 0.949692 1.082690 0.905320 1.120886 1.168957 0.818591 0.798764 1.150882 1.228654 1.005627 0.844116 1.117170 1.144585 0.956333 1.141120 0.947547 1.021080 1.075750 0.924142 0.863689 1.111805 1.069123 1.020387 1.122563 0.986029 0.987393 0.929487 1.220378 1.004715 1.132166 1.059123 1.226428 1.105966 1.013503 1.029324 1.164171 1.235525 
0.968672 1.135547 0.940210 1.253457 1.126150 1.096408 0.830892 1.120886 1.161639 0.962455 0.805114 1.151947 1.228654 1.031522 0.821245 1.159127 1.152129 0.949392 0.979610 1.023165 0.805730 1.089617 1.005789 0.928149 0.962593 1.059836 1.082255 1.051714 1.036662 1.094273 0.983544 0.982947 0.963589 0.847612 
1.069008 1.179760 1.196030 1.252162 1.011364 1.086906 0.881674 1.121089 1.161639 1.146693 0.799695 1.222800 1.228654 0.922260 0.890929 1.189950 1.162068 0.960847 0.803607 1.057532 0.903100 1.094585 0.956765 0.892891 1.128069 1.055119 0.957680 0.962813 0.939187 1.018842 1.145733 1.130666 0.868661 1.155336 1.059784 0.940816 0.932913 1.198613 0.835689 1.043351 0.931493 0.957505 1.040350 
1.093681 0.812548 1.026124 1.251184 1.200612 1.086096 0.813784 1.119582 1.204163 0.910847 0.795296 1.003354 1.240159 1.210302 0.908536 0.890076 1.143634 0.966616 1.059474 1.132796 1.192536 1.156003 1.040149 1.095166 1.174861 1.067611 1.232152 0.950834 0.955976 1.028109 1.169659 1.120191 0.972976 1.176513 1.135719 
1.135676 1.224343 1.078055 1.251184 0.974457 1.113172 0.853930 1.136750 1.195078 0.904046 0.795296 0.995234 1.251297 1.170399 1.066071 1.137911 1.168664 0.947788 1.023559 1.163709 0.922975 1.137746 0.820329 1.164050 1.121863 
0.885424 0.938338 1.057964 1.251646 1.116891 1.092136 0.841318 1.130474 1.213931 1.012636 0.795296 1.218184 1.248384 1.132740 0.944567 1.128417 1.157429 0.958912 1.048135 1.180499 0.939879 1.118898 1.060812 1.192565 1.229242 0.871858 0.860770 0.841390 0.921833 1.122553 1.012772 1.028241 0.934061 1.065429 0.953286 1.010717 
0.991045 0.892348 1.058909 1.251646 1.159521 1.081637 0.850007 1.120096 1.184036 0.938682 0.798696 0.927840 1.225086 0.985142 1.075243 1.184437 1.157429 0.811913 1.002371 0.842724 0.921711 1.028796 1.087231 1.160791 0.896483 0.865981 1.064007 1.094343 1.069523 0.908667 1.013352 1.138473 
1.055678 0.954603 1.060423 1.251646 1.094503 1.112189 0.905882 1.120096 1.181780 1.011180 0.801914 1.063491 1.231885 0.973834 1.093981 1.165585 1.147282 0.860398 1.017484 0.901138 0.925482 1.096181 0.859512 1.127414 0.969506 1.037870 1.002733 1.068431 0.963347 1.257052 1.072300 0.946594 1.017709 
0.930649 1.182080 1.075372 1.256184 1.067038 1.107980 0.811527 1.123399 1.176420 0.950486 0.798974 0.843412 1.234104 0.948110 1.077240 1.061825 1.152307 1.013991 1.007471 0.958584 0.945860 1.034190 0.958787 1.155301 0.814113 0.805197 1.174031 1.113860 0.899389 1.094446 0.998166 0.953288 0.805672 1.075443 1.030748 1.064845 
0.929510 0.984191 1.048275 1.258487 0.956864 0.992387 0.929524 1.120549 1.176724 0.947840 0.798974 0.898968 1.233146 1.158347 1.115365 1.098927 1.158385 0.934047 1.004622 1.110579 0.940771 1.219374 0.967494 1.104830 1.011595 0.911327 1.135965 0.809963 0.819361 0.915865 1.039994 0.990495 1.002265 1.014569 1.124590 0.843126 
1.022598 0.808584 1.069412 1.258487 0.973166 1.014536 0.886827 1.100353 1.196047 0.917549 0.809079 1.222228 1.224895 1.128837 1.099833 0.922020 1.170575 0.917120 1.137413 0.818907 0.935743 1.100910 1.072527 1.161448 1.172777 1.099171 1.058572 1.092611 0.970441 1.253533 1.180962 0.939892 1.080283 
1.042805 0.992217 1.065140 1.258487 1.003385 1.016962 0.826200 0.864471 1.156920 0.921130 0.798061 1.057405 1.228059 1.099527 1.090222 0.992260 1.150600 0.908740 1.137334 0.870585 0.930016 1.101705 1.234686 1.243427 1.160226 0.982382 0.947237 1.030753 0.999821 1.177104 0.907562 0.810073 
0.916294 0.997499 1.048679 1.258487 1.232431 0.945438 0.803577 1.024971 1.156920 0.964286 0.801385 1.010311 1.206750 1.096699 1.045817 1.046355 1.127444 0.901321 1.112310 0.836528 0.933679 0.925158 1.232835 1.211240 1.088167 0.846245 0.989438 0.947021 1.065221 1.207955 1.051907 0.869128 0.990398 0.805086 1.162328 0.833829 1.045353 1.057465 
0.912732 1.256927 1.032331 1.258487 1.102286 0.846087 0.892787 1.004681 1.144670 1.081546 0.801385 0.938994 1.205016 1.101273 1.051268 0.979718 1.133968 0.930594 0.874204 1.136585 0.916514 0.857708 0.900470 1.158648 1.195589 1.162800 0.999488 1.021521 1.201779 1.031489 1.047246 1.049253 1.129863 1.055839 
1.199257 1.220728 1.050470 1.249162 1.163927 0.844007 1.002649 0.986416 1.158364 0.889322 0.801385 0.970677 1.204536 1.101273 0.831561 1.084213 1.120377 0.923742 1.079530 0.879507 0.936537 1.082425 0.823088 0.846641 1.122330 1.020571 1.023513 1.173332 1.050363 0.999134 
1.117429 1.066898 1.047704 1.241221 0.859197 0.896811 1.180834 1.100977 1.169428 1.036327 0.794574 1.040930 1.002076 1.110149 1.020947 1.108037 1.150754 0.906759 1.087208 1.145509 0.900584 0.918921 0.960261 0.853389 1.080279 1.074670 1.214305 1.011716 0.816769 1.017045 0.872145 1.026525 
0.972879 0.970464 1.032331 1.239243 0.813771 0.966088 1.181984 1.137871 1.147592 1.003209 0.794574 1.109808 1.131493 1.118640 1.085479 0.798294 1.147556 0.892367 1.094205 1.125210 0.920501 0.869533 1.061345 0.879283 1.207777 0.999840 0.813481 1.021479 0.983179 0.887022 0.896073 0.850781 0.799585 1.049059 
1.149865 0.916614 1.050207 1.253177 1.225417 0.973370 1.182819 1.050299 1.174337 0.938811 0.798823 0.817387 0.975456 1.115477 1.078360 1.258022 1.129490 0.935930 1.046165 1.017196 0.917195 1.174111 0.846586 1.195964 1.216603 1.081900 0.836595 0.935419 1.082522 0.882879 1.184649 1.090325 1.091813 1.104452 0.854425 0.978408 0.965746 
