0.578322 1.388554
0.540193 1.558540
0.497804 1.498702
0.474983 1.459968
0.488069 1.920810
0.451670 1.302118
0.420296 1.353600
0.413865 1.413921
0.418250 0.993671
0.447535 1.388675
0.530079 1.479387
0.551105 1.959463
0.555725 1.721828
0.545360 1.575811
0.518639 1.771469
0.533672 1.528773
0.460518 1.342516
0.458164 1.205310
0.446440 1.379053
0.461526 1.191385
0.510069 1.474706
0.517123 1.250658
0.456518 1.496536
0.461637 1.182133
0.378451 1.285537
0.381896 1.373424
0.439886 1.161727
0.419016 1.253844
0.450724 1.238838
0.369043 2.194411
0.376993 1.212942
0.408253 1.416448
0.319736 1.891810
0.313411 1.375725
0.323329 1.488324
0.400384 0.807950
0.380099 1.626749
0.421213 1.838894
0.436193 1.822731
0.355861 1.320587
0.389554 1.929291
0.429085 1.860186
0.392893 1.582315
0.407151 2.071487
0.509870 1.723829
0.525380 1.513580
0.486759 1.753588
0.504615 1.645607
0.515601 1.377647
0.484110 1.281961
0.519504 1.447282
0.574534 1.428370
0.518145 1.471898
0.488933 1.487515
0.410500 1.623139
0.446399 1.286849
0.355814 1.276705
0.317374 1.570050
0.304522 1.187524
0.294842 1.276051
0.265343 1.764237
0.334073 1.551593
0.302682 1.647370
0.247994 1.379386
0.259692 1.355330
0.280074 1.419318
0.240876 1.730736
0.244670 1.802775
0.282318 1.757187
0.340321 1.395350
0.330038 1.360000
0.355279 1.796006
0.373371 1.792900
0.389444 1.048568
0.499825 1.640352
0.467643 1.454343
0.442260 1.449524
0.328289 1.504215
0.307224 1.528295
0.310006 2.145119
0.340869 1.516439
0.346795 1.386925
0.347313 1.594031
0.337262 1.731568
0.401369 1.248457
0.495889 1.168524
0.438032 1.369987
0.445503 1.542865
0.481457 0.952477
0.461813 1.317437
0.447821 1.159585
0.447844 1.285816
0.489407 1.234658
0.390514 1.342920
0.454214 1.330556
0.486204 1.236554
0.389767 1.172503
0.359851 1.326382
0.388534 1.052006
0.397150 1.043780
0.424041 1.615395
0.425541 1.906178
0.418118 1.459626
0.429095 1.119323
0.412290 1.430794
0.376902 1.775580
0.374559 1.463682
0.389523 1.140823
0.352448 1.037760
0.278180 1.554869
0.366503 1.427437
0.364533 2.011324
0.381292 1.297365
0.391955 1.421198
0.347520 1.477721
0.338397 1.217702
0.377398 1.311542
0.373362 1.218746
0.401699 1.634185
0.396617 1.237863
0.415753 1.139625
0.360996 2.174897
0.430528 1.821295
0.410714 1.561392
0.381103 1.216247
0.287366 1.385675
0.242032 1.440049
0.316130 1.290459
0.295441 1.705517
0.346935 1.568058
0.379561 1.400664
0.345010 1.344270
0.406605 1.746009
0.445612 1.167580
0.483223 1.430667
0.527849 1.519158
0.595079 1.698123
0.520968 1.882811
0.488653 1.693807
0.533420 1.579172
0.488364 1.112467
0.472621 1.420879
0.452129 1.783779
0.491819 2.423153
0.472328 1.360443
0.421265 1.513460
0.465949 1.941871
0.364597 1.411865
0.335605 1.575550
0.418731 1.826547
