   0.239843 1119.046927
   0.240829 1111.715250
   0.239953 1119.134980
   0.242221 1113.726820
   0.243515 1113.087225
   0.243779 1106.331407
   0.242312 1109.833106
   0.242770 1111.423400
   0.243530 1111.338459
   0.241408 1105.198332
   0.242870 1113.601191
   0.244282 1097.733384
   0.243259 1108.073696
   0.241828 1120.534463
   0.243089 1106.293224
   0.242335 1105.386875
   0.240227 1119.957828
   0.241710 1122.130265
   0.242729 1108.715177
   0.242046 1109.534906
   0.243745 1110.949670
   0.244340 1116.325816
   0.244068 1104.167014
   0.244894 1115.522256
   0.243079 1117.425633
   0.243254 1100.951112
   0.242818 1112.584160
   0.244170 1108.671465
   0.245930 1103.205787
   0.246019 1116.505514
   0.247832 1115.788705
   0.247808 1106.613889
   0.249321 1118.988337
   0.248617 1111.100864
   0.248781 1116.508443
   0.250118 1107.626670
   0.249911 1105.422805
   0.248833 1109.269022
   0.247957 1112.128755
   0.248842 1099.315341
   0.247217 1118.312731
   0.247447 1114.045681
   0.249042 1115.735106
   0.246994 1107.281916
   0.245342 1110.990860
   0.245625 1109.618944
   0.246006 1125.238307
   0.246034 1104.964366
   0.245110 1095.806443
   0.248153 1104.241465
   0.247896 1098.898524
   0.247293 1112.397373
   0.249996 1097.509494
   0.250737 1102.199948
   0.250721 1110.552415
   0.251523 1106.561041
   0.251678 1100.473892
   0.253114 1101.661147
   0.251869 1107.266571
   0.251926 1114.219948
   0.251906 1106.234661
   0.252496 1117.869062
   0.252122 1106.801281
   0.252182 1104.975827
   0.252529 1110.744846
   0.254460 1107.806745
   0.250635 1111.184169
   0.250847 1115.794627
   0.249081 1119.334341
   0.251026 1118.836126
   0.249680 1112.477228
   0.248778 1097.825476
   0.250985 1106.356292
   0.250358 1117.148646
   0.249296 1109.341432
   0.250459 1118.318721
   0.246671 1107.829782
   0.247338 1100.318632
   0.246828 1109.704363
   0.247269 1109.519445
   0.246499 1113.777236
   0.244064 1112.628896
   0.245573 1110.880743
   0.243840 1109.424847
   0.245782 1111.455588
   0.245570 1118.044801
   0.244322 1115.322878
   0.246094 1107.468355
   0.243975 1116.799813
   0.242709 1111.119390
   0.244585 1110.545517
   0.244335 1111.626387
   0.244425 1117.921926
   0.244624 1120.868272
   0.243587 1121.816332
   0.244420 1103.604592
   0.244404 1124.803833
   0.245736 1123.220309
   0.243765 1116.211723
   0.245428 1116.673120
   0.245087 1117.456522
   0.245886 1107.115464
   0.244158 1109.622622
   0.242451 1107.217184
   0.243432 1114.128417
   0.243725 1111.769723
   0.242311 1109.516904
   0.244217 1119.497607
   0.242121 1106.294709
   0.243486 1097.192185
   0.240709 1108.706331
   0.242050 1115.099982
   0.242028 1116.957780
   0.240136 1109.371470
   0.239373 1118.001692
   0.238970 1109.877205
   0.235234 1112.771756
   0.235645 1113.817019
   0.232255 1106.545625
   0.233063 1118.363290
   0.232393 1104.330446
   0.232458 1101.897372
   0.230489 1116.142897
   0.231093 1118.999190
   0.232217 1105.363541
   0.230981 1098.046233
   0.230649 1107.309902
   0.230876 1102.503279
   0.228461 1102.923315
   0.228326 1124.693997
   0.228672 1120.885864
   0.228059 1115.615884
   0.229480 1111.335308
   0.229025 1111.239320
   0.228937 1109.319214
   0.228805 1117.484695
   0.225776 1111.044902
   0.226013 1115.227367
   0.228351 1098.324340
   0.228257 1110.611357
   0.227306 1110.041562
   0.228051 1102.005169
   0.227910 1116.210164
   0.230999 1110.939704
   0.232962 1115.876150
   0.232167 1108.056345
   0.233542 1103.178478
   0.231566 1107.809892
   0.230042 1118.787539
   0.230813 1107.750117
