    64.299203 162680.195480
    64.531352 162677.969135
    76.992302 162693.750718
    83.866001 162669.560521
    77.199337 162694.891074
    49.776026 162667.674826
    54.488057 162678.688228
    56.034715 162678.152711
    47.347843 162678.524021
    27.881910 162681.700228
    64.899692 162671.078607
    78.943094 162679.088382
   106.443506 162675.038665
    65.583204 162668.592439
    84.643764 162673.335347
    63.958679 162679.807214
    54.146505 162675.755337
    64.996362 162667.161789
    78.990608 162670.486281
    41.827960 162681.698128
    42.321915 162669.044700
    76.237703 162670.659408
    72.354613 162687.192905
    52.887764 162660.624989
    51.520999 162667.876701
   100.617782 162673.450025
    90.352569 162671.563692
    58.091955 162675.960387
    63.442954 162684.791558
    81.488577 162672.442275
    62.646335 162678.425407
    79.211768 162668.968685
   106.038650 162672.755941
   108.847215 162668.537673
    86.983630 162672.688062
    75.275130 162664.680797
    75.171288 162664.333491
    53.442152 162662.839016
    40.532644 162666.842063
    73.594271 162661.007983
    48.086534 162677.087872
    47.184879 162674.246855
    54.717906 162672.126244
    79.611196 162667.733824
    74.997733 162687.879875
    54.258316 162676.871897
    69.619921 162670.768384
    68.927197 162659.317549
    45.759074 162668.066428
    54.171701 162657.278014
    55.027425 162669.158593
    54.492934 162672.965986
    42.769227 162669.534728
    51.352608 162654.414228
    61.671550 162663.351948
    54.484342 162647.149614
    39.854210 162650.522222
    23.148371 162649.938530
    56.895251 162649.346502
    46.114437 162663.879311
    39.425276 162654.224338
    31.716544 162653.542516
    15.364926 162651.637499
    29.118322 162653.849630
    26.337574 162648.163541
    40.442911 162659.578090
    49.064190 162664.705018
   105.491947 162667.128324
    73.293386 162659.026751
    65.864568 162678.213586
    68.835869 162681.508967
    72.099911 162670.151433
    48.468436 162659.023672
    53.133887 162656.789950
    33.711758 162684.131849
    54.757040 162672.632903
    48.931896 162677.094275
    34.873962 162675.797494
    69.501165 162692.462307
    54.772184 162683.743937
    35.846768 162672.076944
    30.506974 162669.462632
    31.899768 162671.312769
    39.099901 162678.593033
    44.305667 162672.510671
    56.137186 162665.191059
    53.296260 162656.702224
    58.829578 162667.139998
    19.780317 162663.036845
    36.077086 162662.465466
    35.193128 162682.172279
    36.661663 162662.961747
    32.210351 162679.786945
    65.334237 162690.775403
    82.586968 162691.802906
    68.800256 162686.769233
    47.886582 162680.699608
    46.219640 162672.106967
    55.867509 162670.782465
    46.351479 162664.707149
    42.999931 162683.363209
    50.531823 162688.148578
    62.480612 162686.538402
    87.183203 162671.903697
    56.304209 162684.369939
    56.091707 162685.454505
    48.177787 162692.103700
    55.874599 162683.504950
    42.814794 162680.419301
    40.490797 162666.567535
    54.391492 162678.178170
    78.871261 162687.786831
    75.102282 162678.901861
    79.794643 162659.283154
    59.627601 162674.030931
    49.747759 162663.479712
    55.601449 162678.059676
    66.171757 162653.719880
    41.651591 162670.746738
    36.628728 162678.896281
    38.533340 162674.911579
    81.717056 162680.463843
    60.167901 162675.242969
    68.391797 162676.311501
    58.256106 162664.622288
    79.910671 162667.595348
    60.376572 162669.026935
    62.864347 162683.025644
    68.345593 162666.760635
    77.741196 162666.060326
    60.594407 162674.230770
    35.551601 162678.463664
    68.484039 162681.265520
    45.401140 162688.037451
    64.808265 162685.019107
    55.964751 162684.331874
    35.270390 162692.296534
    61.789292 162684.666708
    56.851299 162683.393879
    58.474951 162685.845872
    79.382719 162677.856995
    73.334206 162667.205321
    70.669461 162671.762210
    65.596990 162666.157875
    65.683497 162676.191407
    64.101283 162663.015016
    47.937896 162678.038180
    55.807426 162681.113870
    65.142233 162665.153081
    66.735291 162692.466059
