145.725241 146.712630 146.569152 147.624785 145.768647 147.781228 145.262769 146.188352 147.647425 147.252060 148.213763 147.286208 147.841518 147.137390 147.724075 147.112860 145.825987 145.696684 147.332837 147.108132 145.467574 146.275786 147.711190 146.966613 145.131803 147.458527 147.490783 146.917800 145.533275 146.397161 145.593431 146.779865 146.485346 146.296806 146.315642 146.867503 146.340074 144.985473 146.950731 147.020208 148.073724 147.002467 145.703972 147.717742 146.746078 146.466373 
145.725241 147.513633 147.563191 147.807310 145.768647 147.781228 146.408038 146.643787 147.342245 147.252060 148.057837 146.292446 145.993181 146.590244 146.103496 146.857801 145.825987 145.696684 145.723404 145.588995 145.467574 146.298040 147.711190 147.559493 145.172481 148.135548 147.470997 144.998343 147.368954 148.018229 147.173104 147.925632 148.153730 146.296806 147.002467 145.750791 146.021035 145.394989 147.045379 147.547111 
145.725241 146.507125 144.944070 146.022361 145.768647 147.781228 146.408038 148.263452 147.156395 147.446365 146.052776 147.558855 146.649420 146.883657 145.552427 148.007881 146.278184 145.696684 147.002467 147.184337 145.467574 145.400712 147.711190 147.559493 145.172481 148.135548 147.470997 147.734940 147.368954 147.043150 147.135759 146.021035 144.868268 146.737706 146.104163 145.814500 146.052185 146.333736 146.552429 147.437516 146.168418 148.112031 147.768774 146.497846 146.454800 
145.725241 146.099425 148.006085 145.821284 145.768647 147.781228 146.408038 148.263452 147.156395 147.689239 146.259213 147.558855 146.968805 145.768348 146.449479 145.731363 147.822338 145.696684 146.652127 146.789886 145.467574 146.703310 147.711190 146.325287 145.093919 148.104425 147.470997 147.231788 146.878556 147.498250 147.456619 146.021035 144.868268 146.713597 148.119369 145.814500 146.612078 146.696469 145.580409 145.864283 147.513033 147.869858 146.966697 147.983322 148.351391 146.059096 146.320462 
145.725241 147.142191 147.398994 147.851835 145.768647 147.781228 146.408038 146.167865 146.987989 146.696261 146.269548 147.558855 146.976510 145.337885 146.903935 147.027904 146.700091 145.696684 147.051689 146.569707 147.370546 145.698885 147.711190 145.560344 145.010722 148.042256 147.648016 147.231788 145.557218 146.505228 147.014718 146.116448 144.868268 147.412393 146.070143 145.922168 145.114166 147.385119 147.393348 147.450210 147.530463 148.023222 147.390555 
145.725241 145.208161 146.251115 146.701877 145.768647 147.781228 147.048391 145.562068 146.775670 147.530463 146.135369 147.659954 146.825940 146.755409 147.518998 147.412393 145.472254 146.124725 146.522155 146.659154 148.301268 145.698885 147.711190 147.419009 145.145602 148.130510 146.283969 147.231788 145.938841 146.293081 147.921137 146.228703 146.712979 146.150647 147.025603 146.643815 145.350995 146.016701 145.631453 146.345386 146.371369 
145.725241 146.202146 147.164946 145.232460 145.768647 147.827764 147.024741 145.562068 146.962463 146.614533 146.157353 147.627629 146.621859 147.317982 147.518998 147.412393 147.383650 146.124725 146.522155 146.665038 146.158137 145.698885 147.711190 147.252123 145.390785 147.093925 147.638157 147.231788 145.938841 146.072608 146.624865 
145.725241 146.202146 147.449595 147.155717 145.768647 147.827764 147.190396 145.562068 146.039666 147.613299 145.035801 147.627629 147.852077 146.879474 147.263584 147.412393 147.332339 147.789891 146.522155 146.397886 146.099425 145.698885 147.711190 146.067637 145.205819 147.231788 146.325732 147.209325 147.363804 145.912672 145.597150 146.347403 146.248223 145.919051 145.530709 
145.725241 146.202146 147.904688 147.010158 145.768647 148.008834 146.995016 145.398216 147.280353 147.352657 145.478976 147.627629 145.448558 147.976541 145.037090 147.812749 147.140449 145.905328 146.325081 145.200787 146.099425 145.698885 147.711190 146.067637 145.205819 147.231788 145.995579 146.939223 146.877844 146.654779 146.484414 145.300992 146.897926 
145.725241 147.898049 147.203980 147.712323 145.768647 147.955170 147.026621 145.269927 147.280353 147.352657 145.466164 147.626936 146.187687 147.051250 145.037090 146.414256 148.319302 147.372326 147.713636 146.736848 146.099425 145.698885 147.711190 145.997636 145.179312 147.231788 
145.725241 146.165440 146.445850 147.078856 145.768647 147.970982 146.056671 147.377259 147.246772 147.517211 145.466164 147.626936 145.427297 147.374320 145.037090 147.013094 147.891496 146.270364 147.435093 145.232440 146.052031 145.698885 147.711190 148.205904 146.271338 147.577070 147.489948 146.352868 145.652466 146.221602 147.100471 147.021959 147.249798 146.667450 147.563868 147.284230 
145.725241 146.165440 146.445850 147.953795 145.812460 147.970982 146.056671 146.159319 147.246772 147.517211 146.580624 147.626936 145.732941 147.335858 144.900261 147.178316 145.432732 145.439036 147.435093 144.800390 146.052031 145.698885 147.739027 146.434709 145.155568 147.043729 148.253769 146.091559 146.029902 146.142829 146.783281 147.210933 146.093176 146.833652 146.428478 146.443092 145.361064 146.023219 147.697915 144.808696 145.650491 148.258529 
145.725241 146.336618 146.179956 145.495835 145.812460 147.970982 145.273500 146.159319 147.246772 147.517211 145.361064 147.626936 147.042661 147.330682 144.900261 146.766213 145.432732 146.499602 144.715502 144.800390 146.052031 145.698885 147.739027 147.830697 145.871831 147.043729 148.162797 145.765190 146.060197 147.480535 145.742917 146.521234 147.188474 147.114281 147.961722 147.543685 146.790068 147.021747 146.117366 146.013375 147.320049 146.906362 145.743825 147.556252 147.291487 147.332993 146.193630 146.337401 146.801642 146.456811 146.766539 147.889448 146.773140 146.723324 146.854191 147.373282 147.392924 146.066744 
145.725241 146.159588 148.181217 146.289641 145.812460 147.970982 145.744361 147.384082 147.246772 147.271181 148.251606 147.707544 147.702577 147.268280 148.076272 146.757388 147.884641 145.451458 144.715502 144.740893 146.052031 145.698885 147.739027 146.065564 145.871831 147.043729 145.805696 145.986487 147.007763 145.848635 145.742917 146.957714 147.901618 146.812189 148.029799 147.132097 146.085779 145.357236 148.234178 
145.725241 147.344721 146.951124 146.897444 145.812460 147.970982 145.363149 145.338605 147.246772 146.124824 147.023770 147.707544 146.805403 146.823372 147.609375 147.947842 145.527607 147.992740 144.715502 144.671867 145.561250 145.554525 147.739027 146.520285 145.836413 147.485124 147.329809 146.805070 145.750788 146.017207 145.970031 147.746195 145.392812 146.098313 147.853833 146.103100 147.611566 148.169796 146.519432 147.789684 146.099798 147.562192 145.919845 146.969373 147.056089 147.786274 
145.725241 146.954645 146.839052 147.627754 145.780673 147.970982 147.228887 145.466369 147.246772 146.091492 147.762527 144.889761 147.618851 146.995778 147.609375 147.544662 146.367943 146.263538 147.970090 147.276382 146.631058 145.554525 147.739027 146.243974 145.836413 147.125454 146.135391 146.172773 147.358626 145.367598 145.970031 148.207859 148.022542 147.126297 145.252787 146.103100 147.693877 145.236301 144.857495 146.992727 146.750476 147.880566 
145.725241 146.954645 146.271185 147.627754 145.780673 147.970982 147.129144 145.142746 147.246772 145.792199 145.272457 147.085376 146.665193 147.482190 147.609375 146.349149 148.134322 145.152003 145.638957 145.594859 146.520935 145.554525 147.769150 146.242984 145.836413 148.161133 147.361550 145.977348 146.254252 145.212257 145.970031 145.860263 147.891553 147.945243 147.897967 146.103100 145.653107 146.271700 
147.436372 146.407438 147.626519 147.586227 145.780673 147.970982 147.004453 147.586809 147.246772 145.970031 148.134412 147.407687 147.206249 147.891553 147.609375 146.956224 146.610510 145.978016 145.638957 145.410461 147.594087 145.554525 147.769150 146.400672 146.030957 146.619108 145.743338 146.103100 146.157481 146.791385 146.699405 148.182331 147.260074 145.162735 146.022524 145.949207 145.869527 145.711581 147.335428 146.818302 
146.831288 146.828544 146.154146 147.889179 145.780673 147.970982 147.104126 147.269132 147.246772 145.970031 147.973085 147.062722 146.839204 145.598506 147.609375 146.503465 145.062207 146.419094 145.309223 144.924172 145.323563 145.554525 147.769150 146.355628 145.869383 146.334957 144.879891 146.103100 147.237595 145.358649 145.711581 147.607116 147.726920 147.861662 147.540106 145.571529 146.932869 146.444505 146.175942 147.597448 146.267558 146.939635 145.226462 146.765349 146.261141 
146.934102 146.789759 145.928106 147.889179 145.780673 147.970982 145.496797 146.988368 147.246772 145.970031 148.205001 146.797972 147.161616 147.301403 147.609375 146.699118 147.332873 145.358649 145.287753 144.924172 145.691486 145.554525 147.769150 145.711581 145.869383 146.371273 144.879891 146.103100 147.634120 146.397548 148.153135 145.969569 146.919131 
147.634120 145.611080 145.772336 146.103100 145.780673 147.757479 148.077498 145.555815 147.259056 145.970031 147.499724 145.260771 145.917337 147.060032 147.640999 147.356137 146.168781 146.073813 146.390276 144.924172 146.218577 145.554525 147.732835 145.711581 145.869383 146.235553 144.827355 147.621130 147.648047 146.625768 145.980604 145.308848 146.864067 146.228525 146.907680 147.209701 
147.580604 145.611080 145.746402 146.103100 145.780673 147.757479 147.318230 147.093621 147.323200 145.970031 147.150592 145.260771 147.156542 146.057653 146.882455 146.509627 145.680617 147.327407 147.217260 145.382016 147.439241 145.554525 147.732835 145.711581 145.869383 147.233982 146.074816 147.621130 147.178128 147.429207 146.380095 145.920639 146.106238 145.924962 146.147432 147.466206 148.004480 148.308834 148.295270 145.871669 145.088335 146.747429 147.380341 146.034853 146.460949 146.015497 147.217614 146.201482 
147.580604 145.598419 147.368120 146.103100 145.780673 147.757479 145.891882 146.226005 147.323200 145.970031 146.504329 145.260771 146.082911 145.332377 147.993754 146.937648 146.651550 146.942315 146.403959 145.088335 146.820091 145.554525 147.732835 145.711581 145.889287 147.163134 146.547392 147.583507 147.411444 146.963528 146.780990 146.256118 147.666765 146.139900 146.985323 145.354825 147.737379 146.940493 145.938067 145.780146 147.177676 
147.580604 147.096463 146.803988 146.103100 145.745613 147.757479 146.444492 145.795448 147.323200 145.970031 147.061282 145.260771 146.309252 146.583089 145.306118 148.220301 146.244304 145.376522 146.403959 146.859914 145.029443 145.554525 147.732835 145.711581 145.889287 147.080668 147.157864 147.642328 147.746018 145.763918 147.919118 148.315231 147.878888 146.673857 148.184475 147.337446 146.218982 
147.580604 146.936366 147.330705 146.095758 145.745613 147.757479 147.952640 146.788674 147.323200 145.970031 148.288907 145.260771 146.705284 146.841568 147.626148 146.370595 145.258952 147.789797 146.373186 147.289884 145.029443 145.554525 147.732835 145.711581 145.889287 147.316479 146.093913 147.060144 146.079400 147.865543 
147.731613 146.493422 145.182483 146.095758 145.745613 147.757479 147.952640 146.243268 147.323200 145.970031 147.594503 145.260771 146.901230 147.263498 147.626148 147.736651 145.347516 145.648968 146.373186 146.979205 145.029443 145.554525 147.732835 145.711581 145.889287 145.612388 146.817494 145.926411 147.692142 146.684980 145.651088 147.423467 147.674705 145.749487 145.631342 145.152593 146.308931 147.317640 146.876922 146.851122 146.614644 147.216122 146.121303 147.625075 147.058320 147.201877 147.257972 146.887996 146.426943 146.942204 146.219130 147.562521 147.281363 146.556823 145.868495 146.843284 
147.018102 147.259579 147.048973 147.604803 145.745613 145.559231 146.928582 146.245429 147.323200 145.970031 147.228264 145.881907 146.807894 147.181547 147.626148 147.976748 146.639429 146.798602 146.373186 147.445035 145.029443 145.554525 146.199622 145.711581 145.889287 146.438837 145.929005 146.189177 147.899860 147.140220 146.891301 144.989925 147.674705 146.169844 145.795668 145.152593 146.370496 147.873251 147.701796 146.193180 145.857082 147.815472 146.387693 146.755807 145.693250 147.335777 146.999908 147.229929 145.055870 146.951490 
147.873251 148.177719 147.441901 147.537505 145.757847 146.728687 147.680505 146.119304 147.323200 145.970031 145.225487 146.867505 145.414212 147.233486 147.161549 147.979750 146.395797 147.667325 146.373186 146.095174 145.029443 145.554525 145.497244 145.711581 145.889287 145.588895 145.911063 147.429023 145.798562 147.140220 145.970570 146.174118 147.455594 146.573202 
147.873251 147.391557 147.535483 147.529764 145.757847 147.883362 146.741816 146.119304 145.303030 145.970031 145.225487 146.193798 147.308614 147.101540 148.193497 148.210252 146.109839 146.888359 146.373186 146.095174 145.029443 145.554525 146.266833 145.748097 145.889287 145.536527 146.938576 146.398573 147.790443 146.104567 147.324567 147.435036 145.972885 145.966655 146.893402 145.782217 147.043950 145.322025 146.266512 147.037532 148.009430 147.741697 146.492253 
147.904476 147.636926 147.229248 147.541235 145.757847 147.776442 148.191763 146.119304 146.924674 145.970031 145.225487 146.949570 147.308614 148.034304 147.993211 146.254663 147.061052 146.117500 146.602123 146.095174 145.029443 145.554525 147.491608 145.740754 145.889287 145.523403 146.938576 147.559160 147.691303 146.104567 147.324567 147.375860 146.326729 147.379130 147.755791 146.430593 146.016669 145.056194 147.430282 146.300122 147.862027 146.243062 145.259223 146.016847 148.002805 147.563037 147.232783 147.498112 
148.026886 148.065383 146.346418 147.541235 145.757847 145.259223 146.074439 148.339001 146.079202 145.881685 145.300610 146.200109 147.442800 148.061906 146.673839 145.624481 145.196820 145.546850 146.191678 146.095174 146.303160 145.554525 147.419441 145.740754 145.945030 145.523403 147.434594 147.923411 147.691303 147.283355 147.324567 145.509705 146.871077 146.449449 146.718066 145.893870 146.996332 147.090029 147.417236 146.825487 147.376664 147.320700 146.779069 145.846490 
146.730574 145.450236 146.346418 146.354166 145.827970 145.259223 145.509090 145.692825 146.667175 145.881685 145.300610 146.200109 146.710714 148.061906 146.376624 147.477691 145.196820 147.586373 146.046142 146.095174 147.589617 145.554525 147.930269 145.740754 146.542475 146.073142 146.782545 145.594154 147.765100 147.283355 147.324567 147.105923 146.108171 145.858942 145.507037 146.275558 146.404072 146.760471 147.417236 147.239500 145.275390 147.999916 148.204575 146.959247 146.706842 147.595676 145.943477 
147.530893 147.489115 146.433028 146.107840 145.827970 145.259223 147.751461 146.005993 148.267559 145.881685 145.300610 146.260616 147.195267 146.664523 147.744607 147.477691 146.144170 146.440579 146.298807 146.095174 146.196608 145.554525 147.923795 145.740754 145.887711 146.852727 147.999916 145.296254 146.307415 147.283355 147.324567 147.105923 146.283682 145.858942 145.809902 147.445279 146.272874 146.614137 146.042456 146.674931 146.113028 145.935344 145.225985 146.498145 146.513955 145.352599 147.367458 147.240362 146.705559 147.790735 147.807005 145.110056 147.927240 146.188397 145.349144 147.806060 145.894273 147.193901 
147.530893 145.651466 146.398739 145.414177 145.827970 145.259223 145.933008 147.070651 148.267559 145.881685 145.300610 146.235343 148.247887 147.790735 145.158598 147.144782 147.182443 145.952815 147.324397 147.792645 145.600990 145.724887 145.225985 145.740754 146.004535 147.983906 147.999916 147.097304 146.080651 147.035441 147.324567 145.612223 145.935344 147.243275 145.809902 145.470037 146.933140 148.131462 147.150147 147.342592 147.665897 145.869035 148.289025 145.598834 147.809843 147.622991 147.086996 147.280612 146.528280 147.080574 147.817449 147.049874 145.642579 147.022985 145.604511 147.426948 
147.495872 147.710531 146.398739 145.414177 145.827970 145.376409 145.918630 145.622553 148.277231 145.539395 145.300610 147.409576 146.893648 146.872609 147.116734 146.798648 147.423299 147.138840 145.295081 146.202229 147.681107 145.724887 145.225985 145.740754 146.004535 145.631766 147.999916 145.849316 146.765419 147.693019 147.324567 146.727377 145.642579 146.723418 147.273479 145.470037 146.647131 147.427863 146.144992 147.181204 146.936584 145.980277 146.974416 145.875888 147.809843 147.622991 147.278588 146.875604 147.796836 147.664680 
145.693131 146.018647 146.398739 145.414177 145.827970 145.376409 147.258451 147.215064 145.249860 147.687652 145.300610 146.927795 147.910515 146.928608 147.447502 147.435172 147.829705 147.278588 146.749156 147.147143 146.878628 145.724887 145.225985 145.740754 146.004535 147.988582 147.796785 145.657508 147.096756 145.980277 147.324567 147.644085 145.474905 147.526111 147.181629 146.912390 146.795340 145.758807 147.192408 147.877022 145.889262 146.616530 145.903727 145.328125 146.300939 
147.318157 146.127827 146.398739 145.414177 145.712720 145.977716 145.650874 145.254010 145.742547 145.409903 145.300610 145.750295 147.641401 146.627059 146.464721 145.955338 147.055816 147.278588 146.011914 145.327206 147.112846 145.724887 146.162712 145.740754 146.396621 146.273151 147.929768 147.634661 145.769923 145.980277 147.296399 147.546411 145.474905 147.212471 146.794874 145.546753 145.998747 145.766972 146.963291 146.000540 148.236966 146.840991 147.590285 
146.468953 145.368928 147.634661 148.023727 145.712720 147.856377 147.365804 145.254010 146.297802 146.691572 145.300610 147.337337 146.702350 147.296399 145.980277 147.546411 146.346656 147.895040 145.602449 147.254236 148.280618 145.724887 148.295009 145.740754 146.070071 145.828694 147.929768 147.642283 
145.347156 145.368928 147.634661 148.162345 145.712720 145.724887 145.212194 145.254010 145.161306 146.065926 145.300610 146.672255 146.070071 147.296399 146.025337 147.929768 145.740754 148.069523 146.062825 147.510276 146.434590 147.853574 146.328544 145.155121 146.547406 
145.799073 145.368928 147.634661 146.612495 145.712720 145.724887 147.601098 146.918657 146.978414 146.403104 145.300610 146.328544 146.070071 146.791435 146.025337 147.929768 145.712853 148.239741 146.751650 147.709329 146.676951 145.990724 145.353688 146.955479 145.351338 146.430193 146.923247 147.130064 146.112294 148.074582 147.280257 146.790929 147.246618 145.165566 146.826284 146.659204 147.251031 147.942850 146.391822 146.653558 146.770197 
146.481969 145.371800 147.699187 145.608844 145.712720 145.724887 147.601098 146.918657 146.895628 147.646217 145.300610 146.328544 146.070071 147.280635 145.973332 147.853809 145.712853 146.750904 146.032896 147.378580 146.494109 146.018147 146.883342 146.410109 145.351338 147.694215 146.500566 147.165124 145.761469 147.987235 146.547413 147.585241 145.163410 146.512992 
146.055193 145.371800 147.699187 146.173174 145.712720 145.724887 147.601098 146.110249 146.856701 146.101485 145.300610 146.328544 146.557201 147.317174 146.723755 147.853809 145.712853 145.756046 145.901102 147.378580 147.185055 145.373634 147.865763 146.829354 145.351338 147.623367 146.916088 147.124428 145.294908 147.998599 145.464956 147.585241 145.634197 147.243538 147.289424 147.725723 146.997630 147.552421 146.445697 146.870947 147.467805 146.614430 
146.055193 145.371800 147.699187 147.298210 145.712720 145.724887 145.544208 146.725484 147.394310 146.101485 145.300610 146.353394 146.920840 147.097836 146.728949 147.853809 145.712853 146.462603 146.195825 148.152591 147.297405 147.152995 145.673807 147.247487 145.351338 147.797093 146.941121 147.378033 145.496635 147.781361 147.616140 147.585241 147.672105 145.164639 147.467159 145.235971 146.317802 146.246559 145.681058 146.123595 
146.055193 145.371800 147.699187 146.609431 145.712720 145.724887 145.687696 146.616376 145.816999 145.845862 145.306481 146.353394 147.356980 147.097836 146.275752 147.853809 145.712853 146.087390 147.536840 145.596510 147.297405 147.315308 147.922806 146.161477 145.351338 148.186272 147.987245 148.299255 148.142466 147.011960 145.752143 147.585241 147.624061 145.235971 147.954664 146.939118 145.984313 146.108001 146.734180 147.037947 147.924172 145.288279 
146.055193 145.371800 147.699187 146.628916 145.712720 145.724887 145.642406 145.136679 147.624061 145.180673 145.306481 146.435050 145.060475 147.097836 146.136081 147.853809 145.712853 146.087390 145.390945 147.330488 147.297405 147.733277 147.443028 145.522896 145.559548 147.833013 145.381439 146.790544 145.402121 147.947469 145.585005 145.539648 145.685878 146.178080 147.374090 145.893920 147.525058 147.653582 145.993832 146.201102 147.932019 
146.055193 145.371800 147.699187 147.178316 145.712720 145.724887 146.426495 145.136679 147.624061 145.358070 145.306481 146.435050 147.482124 147.097836 148.270372 147.853809 145.712853 146.087390 147.866696 147.330488 147.297405 147.487413 146.889680 145.526398 148.184090 147.089287 145.381439 145.729628 147.283681 146.902480 147.696622 146.201078 147.952251 145.834964 
146.028756 146.713279 147.699187 146.043494 145.712720 145.724887 147.607101 145.058933 147.624061 146.504846 145.306481 146.439534 147.482124 147.097836 145.282427 147.853809 145.712853 146.087390 147.866696 147.346627 146.328817 146.117160 146.821608 145.351865 146.901301 147.690690 145.809239 145.446083 147.219439 146.319080 146.971574 148.017955 146.555034 146.797774 146.422771 146.098469 146.623999 
146.028756 146.375094 147.635404 145.522686 145.712720 145.724887 146.796110 145.058933 147.624061 146.341542 145.306481 146.500314 147.482124 147.097836 147.450350 147.853809 145.730718 146.299369 147.866696 147.417183 146.598860 146.281082 146.262758 146.096278 146.602678 146.465915 148.002063 146.120343 147.409827 146.267443 146.758045 146.000500 145.260271 147.275637 147.147741 146.065337 145.900068 146.414267 146.330975 146.485333 
146.028756 146.589491 147.635404 145.522686 145.712720 145.724134 146.089147 145.058933 147.624061 146.910805 145.306481 147.921124 147.482124 147.274005 147.373325 147.853809 145.730718 146.449296 146.872089 147.155434 146.615189 147.301851 147.311244 147.007253 146.255617 147.985949 145.607793 147.431739 145.241992 147.447006 145.713624 147.626892 145.981768 145.778600 147.002912 
146.056952 145.682872 147.635404 146.513067 145.712720 145.724134 146.089147 145.058933 147.624061 147.215075 145.352593 146.241058 147.482124 147.274005 146.455197 147.853809 145.730718 147.444585 146.443367 145.916408 147.086572 145.834413 147.969732 145.815386 146.188239 147.985949 145.760797 147.365298 147.451783 146.079452 147.451445 
146.056952 145.684028 147.635404 146.751529 145.712720 145.724134 146.089147 145.058933 147.624061 146.247392 145.355430 146.959160 147.482124 147.315492 146.349297 147.950737 145.730718 147.444585 145.544735 147.047786 146.177394 146.014480 146.453590 146.948664 146.894995 146.437842 145.255026 146.556111 145.774480 145.272960 146.765326 145.438149 146.185560 145.579258 147.846567 147.018488 148.129210 
148.098647 145.362994 147.635404 146.923761 145.712720 145.724134 146.089147 145.058933 147.624061 148.177088 145.355430 147.158925 146.027161 147.689617 147.046827 148.108755 145.730718 147.434747 146.157289 147.047786 146.143556 146.688733 146.864385 145.920069 147.731056 146.472174 148.147124 145.766366 146.027818 146.903962 146.323691 146.524523 147.975858 147.474446 
147.374279 145.663276 147.790587 146.622548 145.712720 145.724134 146.089147 145.058933 146.392146 145.285292 145.328253 147.498307 146.974988 147.689617 147.314527 147.933748 145.730718 146.392439 147.726465 146.026097 146.143556 146.323691 147.762737 146.388558 147.731056 146.081553 147.531665 146.040204 146.083322 
148.034292 145.766962 147.790587 146.895085 145.737963 145.724134 146.089147 145.058933 147.153907 147.040816 145.328253 146.889109 146.963672 147.689617 147.010780 148.043465 145.730718 146.792786 147.726465 147.524890 146.365977 146.323691 146.150595 146.984547 147.731056 146.288538 147.568359 147.332085 146.363768 147.922751 147.835369 147.547379 147.280770 145.812613 146.804952 146.564718 145.455986 145.297405 147.300329 146.784726 
146.289653 147.115774 147.789276 147.729904 145.737963 146.084838 146.089147 145.058933 147.476018 146.087299 145.328253 147.983511 145.953203 147.689617 146.183767 147.835646 145.730718 146.725313 147.726465 146.903585 148.282029 146.323691 146.025704 147.974824 147.731056 146.394489 145.510053 147.132507 146.850702 147.484780 146.142020 145.725547 147.255851 147.835018 146.351726 147.857645 146.121754 146.304707 148.002806 145.851116 147.929874 146.052309 146.503661 
147.038312 145.725547 147.847546 145.694944 146.040673 146.351615 146.089147 145.058933 146.315559 146.166102 145.328253 147.208693 147.253008 147.199115 147.669546 147.081791 145.730718 146.855703 147.726465 146.498777 148.020395 146.644559 146.011832 147.503098 147.731056 146.326519 146.675814 145.350037 145.569744 147.105447 145.928732 145.961831 146.047391 146.002403 146.116429 147.927766 
146.652083 145.725547 147.847546 145.694944 145.626055 146.246916 146.089147 145.058933 148.227622 146.356264 145.328253 147.208693 146.331491 146.493019 147.677268 147.624948 145.730718 145.230982 147.750798 145.284437 145.576249 147.330704 146.011832 146.873117 147.731056 147.290148 145.980201 148.119830 148.299314 146.265255 145.939206 147.233249 
146.057755 145.725547 147.847546 145.694944 145.544854 146.150112 146.089147 145.062239 145.990428 146.802895 145.328253 147.208693 146.055641 147.247023 146.071306 145.198167 145.744282 148.092032 147.750798 146.904432 145.576249 147.731056 146.011832 146.515332 146.814879 145.796028 147.202913 
145.499091 145.725547 147.847546 145.709265 145.829362 147.007871 146.089147 147.597416 147.536086 145.536730 145.328253 147.208693 146.985872 145.130833 146.714943 146.086023 145.744282 147.989043 146.344605 148.060533 145.641081 147.731056 146.903242 146.167297 148.171718 146.373395 146.200297 146.343752 146.681287 146.253955 147.739320 147.901730 147.761146 146.144244 147.625147 147.534935 147.832864 146.107323 147.665033 146.519053 
145.633761 145.725547 147.847546 145.709265 146.641645 146.772739 146.089147 147.084175 146.343752 145.816646 145.328253 147.208693 146.675775 145.180927 145.225806 146.086023 145.802130 148.266247 147.761146 146.285997 145.715626 147.731056 146.520803 146.527995 145.242775 147.838196 147.513338 145.256530 146.052125 145.718885 146.514936 147.179696 146.194955 147.578879 148.013712 147.030549 146.427806 145.290211 
147.414732 145.725547 147.847546 145.732555 147.938564 148.250720 146.089147 146.360740 146.586868 145.466086 145.307779 147.208693 145.217354 145.212118 147.609950 146.099379 146.520108 148.285113 147.788899 146.208200 145.715626 147.731056 145.821750 145.256530 146.406050 146.617871 146.931387 147.934384 
146.076271 147.156710 147.847546 145.732555 147.203838 144.968477 146.089147 146.360740 146.437178 145.916066 146.513312 146.931293 147.516766 146.465333 147.914952 146.219142 145.377418 147.191416 147.788899 145.486740 145.715626 147.714895 146.941938 147.139319 145.892383 146.016114 146.226249 146.075741 146.876759 147.048529 147.143098 147.821346 146.703054 145.858211 146.999683 146.346377 146.429723 147.103474 
146.667779 145.150417 147.847546 145.732555 147.203838 148.295519 146.089147 146.275721 145.397991 147.146120 147.994462 145.037669 146.131407 147.714895 145.248832 146.219142 145.443746 147.051877 147.696555 145.486740 145.715626 148.344303 148.101207 145.032632 145.410567 147.999962 144.900746 147.002192 145.569368 
145.736415 145.104090 147.847546 145.732555 147.203838 145.380869 146.073983 146.275721 146.278848 147.595776 146.237845 145.077385 146.235414 147.714895 145.626467 146.152302 145.983053 147.411550 147.705470 145.787145 145.715626 146.089488 148.347191 147.841905 146.475307 147.877315 147.065632 147.192712 145.877779 146.107076 145.341305 146.112324 146.165444 146.040433 
146.589050 145.104090 147.926807 145.732555 147.203838 145.355467 146.073983 146.477011 146.725781 147.881786 146.431848 145.077385 146.714551 147.714895 147.214231 146.152302 147.956613 144.739180 145.740736 145.787145 145.715626 147.485596 146.466284 147.566768 146.041220 146.217659 
147.127606 146.881644 147.926807 145.732555 147.748653 145.355467 146.086791 146.153405 146.631824 147.881786 147.280801 145.077385 148.273390 147.714895 147.090880 146.152302 147.438403 144.739180 145.520267 145.787145 145.715626 148.344068 146.675270 147.601591 147.997133 146.530157 147.144872 147.091745 146.640950 146.889482 145.318713 146.531776 147.494856 146.133296 146.145697 145.411876 144.909242 146.546969 
147.127606 145.485894 147.926807 145.732555 146.175119 145.355467 145.987934 148.279829 146.591484 147.542193 145.424948 145.049058 146.902336 147.517965 146.654114 146.152302 147.012961 145.967175 145.099586 145.730635 145.715626 147.944608 146.746783 145.661710 147.554581 146.630806 145.301996 147.091745 146.138868 146.939771 144.909242 146.459644 146.781022 146.092350 145.225786 147.994984 147.894307 
146.996569 147.929172 147.926807 145.732555 146.866098 145.355467 145.987934 146.320651 147.943254 147.542193 147.061934 145.049058 146.725287 147.517965 146.654114 146.152302 147.028756 145.967175 146.275329 145.730635 145.715626 148.241521 147.017755 147.756367 147.592556 146.230882 145.250264 147.091745 147.130379 148.100449 145.085395 147.091677 146.088303 146.194032 146.769556 145.404622 148.268132 146.004057 146.748916 147.392528 145.328222 147.703378 146.185064 148.315889 147.149649 147.237940 146.698174 147.139562 146.614056 146.807664 147.841122 145.342990 147.755579 147.253736 147.711191 147.349411 146.250776 146.930836 145.301479 145.339605 
145.334300 147.956049 147.421111 145.732555 148.008741 145.355467 145.977490 145.211341 146.434526 146.856875 147.291620 145.320935 146.007890 147.517965 146.464070 146.462820 146.121152 145.967175 147.987977 145.778323 145.715626 147.784672 145.893717 146.414605 147.452637 147.617872 145.887002 147.091745 146.938754 147.770441 145.085395 145.425119 146.518493 147.888525 146.158060 145.404622 147.000444 147.143197 147.933280 147.098977 145.301479 146.273720 147.142164 147.693003 146.195414 
146.662400 145.085395 147.010073 145.732555 147.545720 146.787899 145.977490 147.104667 146.022476 147.078525 147.291620 145.523926 147.243834 147.503469 146.393676 146.024253 145.368447 145.967175 147.987977 145.778323 145.715626 147.337077 146.745743 145.301479 146.593967 145.404622 146.239922 147.091745 146.820937 148.331326 146.933860 147.442125 145.704661 147.241396 145.042943 145.519907 144.906389 146.548150 146.293716 146.853414 146.255619 148.365739 145.207189 
147.185188 145.085395 145.985364 145.732555 147.168109 146.557829 145.350763 146.512227 146.376304 145.519907 147.291620 144.983909 147.243834 147.503469 146.267834 146.144214 146.969719 145.967175 147.987977 145.778323 145.715626 147.007410 145.703136 145.301479 147.038533 145.404622 147.580129 147.091745 146.192242 148.331326 147.360072 147.503007 147.214735 145.805529 145.305138 146.502361 147.248395 145.965906 145.663056 147.474215 145.546566 
145.414076 145.085395 145.774735 145.732555 146.894231 147.480575 148.199787 147.503007 148.111023 146.794860 145.872154 144.983909 147.243834 147.397447 146.298404 147.296771 146.343860 145.967175 147.862515 145.698912 145.715626 145.924194 146.989000 145.331717 146.113718 145.404622 147.580129 147.091745 146.863448 146.155857 146.344053 147.585665 146.792104 145.799066 146.994247 145.774281 146.041111 
146.596915 145.085395 145.774735 145.732555 147.091745 145.840785 147.860675 147.353656 147.123530 146.384680 147.489639 145.747107 147.243834 147.397447 146.627934 147.296771 146.980211 145.960035 147.927304 145.698912 145.709641 145.863292 144.893364 145.331717 147.890296 145.404622 145.363800 
147.577414 145.085131 147.224135 145.704855 147.091745 146.720956 146.640499 146.526049 146.197397 147.165508 146.914092 145.404622 147.167579 145.557517 147.034572 147.300298 146.421104 145.960257 147.927304 145.698912 145.709641 145.838155 144.893364 145.328497 147.784541 146.945089 148.268207 146.904836 147.209464 146.621657 147.046426 146.810992 147.262021 
146.436425 145.085131 148.078822 145.704855 147.091745 147.383115 146.251730 146.771616 147.262021 148.256704 146.227484 145.404622 147.167579 146.325078 148.127585 147.300298 147.642192 145.960257 147.927304 145.698912 145.709641 145.838155 144.893364 145.328497 147.798880 148.266202 146.569936 146.902046 
147.618200 145.050280 144.892456 145.704855 147.091745 146.048426 146.393922 147.058974 145.714547 146.650623 145.378938 148.199975 147.673316 145.668947 147.955243 147.300298 147.861760 145.960257 147.927304 145.698912 145.712117 145.838155 147.441607 145.328497 147.012077 147.530143 147.808640 146.295499 146.959280 148.251299 146.291851 147.774639 146.102258 
146.782331 144.977275 144.892456 145.704855 147.091745 147.521944 147.409103 146.495060 146.998216 146.650623 145.378938 148.134909 147.237278 145.668947 147.901539 146.260265 145.190899 145.960257 147.989273 145.698912 145.712117 145.838155 145.381415 147.266830 147.047328 146.997068 147.423454 145.305585 146.774121 147.493225 147.146333 147.062352 148.018335 
147.761501 144.977275 144.892456 145.704855 147.091745 147.422064 147.624375 145.634920 147.596201 146.650623 146.769810 146.946701 147.950982 145.664162 147.906379 147.945901 147.236175 145.960257 147.866955 145.698912 145.712117 145.838155 146.804100 147.162667 147.225104 145.542434 145.594899 145.305585 148.279889 146.998300 
147.761501 144.977275 144.892456 145.704855 147.091745 147.339679 146.964818 145.155327 147.638622 146.610423 147.577006 147.683675 146.532784 145.664162 147.072455 147.920841 146.725645 145.960257 147.866955 145.698912 145.712117 145.838155 147.346634 147.211887 145.462951 147.366657 145.989256 145.408608 148.279889 147.776479 146.241279 147.327512 145.541940 147.970195 147.258247 147.100502 146.149395 147.651970 147.635584 146.738760 146.591996 146.614541 146.075608 145.604116 147.765398 147.161169 147.082357 147.476939 
147.745356 147.683712 147.111125 145.704855 147.091745 146.169399 147.671786 145.909009 147.680120 146.594127 147.003688 144.689127 144.796860 145.664162 146.137515 147.304500 145.992042 145.960257 147.866955 145.698912 145.712117 145.838155 146.682248 147.053718 147.119176 146.961983 145.978366 145.581163 147.989790 147.776479 147.805197 146.844159 145.541940 147.989587 147.096701 148.029622 
147.745356 146.454181 147.442644 145.704855 146.997070 147.824649 147.565996 146.090168 147.663471 147.273832 145.640926 144.689127 144.796860 145.664162 147.776479 147.989790 147.146855 146.023386 147.859457 145.698912 145.712117 145.838155 146.022175 147.741331 146.939894 146.398354 146.542953 147.011950 146.839446 
147.839498 147.208941 146.909597 145.704855 146.997070 146.519485 147.637124 144.807487 147.663471 146.495628 147.560380 144.689171 145.984234 145.664162 147.776479 147.989790 147.355382 146.023386 147.999458 145.698912 145.712117 145.838155 146.705379 146.392957 146.966506 147.454058 
147.839498 146.448124 147.400487 145.722744 147.088294 146.529433 146.991045 144.807487 147.663471 146.495628 147.765630 144.689171 146.293225 145.664162 147.776479 147.989790 146.596500 146.023386 147.999458 145.698912 145.712117 145.838155 146.412808 147.081274 146.966506 147.619827 146.947897 147.001548 148.275866 146.809200 146.233347 146.229972 147.721824 147.002521 146.300576 
147.839498 147.962179 146.707291 145.722744 147.088294 146.507324 147.410927 144.807487 147.576030 147.067512 147.827376 144.689171 145.899735 145.664162 147.801145 146.712226 146.656975 146.023386 147.999458 145.698912 145.712117 145.838155 146.252363 146.346295 146.554291 
147.718001 147.343845 147.266001 145.722744 147.116119 147.254532 145.792683 144.807487 147.576030 145.838155 146.234123 144.689171 146.797455 145.664162 147.702532 147.704767 146.338243 146.023386 147.999458 145.698912 145.712117 147.891304 145.874587 146.643782 147.469708 147.205243 146.188396 146.939421 147.825763 147.521582 147.497441 146.161749 145.860454 147.197817 
147.453890 148.264079 147.127179 145.722744 146.563083 147.254532 148.319720 144.807487 146.643782 145.838155 146.281513 144.695612 147.611128 145.664162 147.711764 147.205243 147.354729 146.023386 147.999458 145.698912 145.712117 148.343976 147.486772 146.756145 147.960131 147.197098 146.230305 147.882916 148.348796 146.504114 146.043356 145.899711 147.212315 146.466535 145.822831 146.897660 
146.034516 147.284600 147.317849 145.722744 144.704357 147.254532 146.696674 147.027236 146.643782 145.838155 146.122726 144.695612 148.189789 145.664162 147.711764 147.756656 148.260254 146.023386 147.983415 145.698912 145.712117 146.260065 146.594552 146.938398 145.684428 146.928921 148.308046 147.854210 146.823422 147.550548 146.140820 146.205485 145.931574 146.748783 147.080126 147.716311 146.734985 147.590370 147.163602 146.044323 147.289749 147.669166 146.451988 
147.479869 147.284600 147.718778 145.700866 146.922320 145.844256 147.676047 147.254337 147.853705 145.838155 147.926941 144.695612 147.957692 145.664162 147.639420 147.670589 147.022423 146.023386 147.949158 145.698912 145.712117 146.582437 146.810702 146.560563 144.816642 146.451854 146.554043 147.170583 147.876363 146.352130 147.286103 145.898548 147.370644 146.544256 147.235784 146.627226 146.487868 146.168765 146.624438 146.116329 147.406010 146.123402 147.785689 146.991655 
147.876363 147.230759 147.235784 145.700866 145.672793 147.339111 147.392751 147.477342 147.682158 145.838155 148.218157 144.695612 147.919027 145.664162 146.204076 147.146339 147.619774 146.023386 144.816642 145.698912 145.712117 146.582437 147.182852 147.685934 146.104361 147.313473 
147.876363 147.230759 146.934338 145.700866 148.237544 146.292354 146.603341 147.477342 147.256126 145.838155 147.332826 144.695612 147.908316 145.664162 147.331755 146.549529 147.249530 146.071579 144.816642 145.698912 145.712117 146.592859 146.399788 147.685934 146.950116 146.493458 147.091189 146.915406 147.060652 145.873438 147.753008 
147.876363 147.230759 146.319179 145.700866 146.313384 147.658201 146.791696 147.477342 146.047400 145.838155 147.835950 144.695612 147.840293 145.664162 147.368424 147.107204 145.554694 146.071579 144.816642 145.622257 145.712117 146.657496 147.248253 146.687214 145.796329 146.344874 146.233886 
147.876363 147.230759 146.626370 145.718482 146.019417 148.150662 146.036203 147.477342 147.445967 145.933193 147.835950 144.695612 147.840293 145.664162 147.644920 146.567195 145.467293 145.755990 144.816642 145.622257 145.712117 145.796329 146.948580 147.183013 146.818022 145.850594 145.210797 147.435646 146.886566 147.581830 147.474170 145.910921 145.918375 146.715925 
147.876363 148.296022 146.489219 145.718482 146.019417 145.706125 148.013395 147.477342 147.221937 145.957223 147.818306 144.659299 145.616477 145.588497 147.596914 146.567195 146.048553 147.046799 144.816642 145.622257 145.712117 145.796329 146.135732 146.942676 147.377485 145.500121 146.443879 148.085476 146.580018 147.138528 147.523351 146.938010 146.064539 147.020280 
147.876363 148.296022 146.755352 145.718482 146.019417 147.153775 147.974310 147.477342 147.103880 145.957223 147.818306 144.659299 146.430567 145.643140 147.596914 147.368260 147.772963 146.952831 146.430933 145.622257 145.712117 145.796329 145.309614 147.798457 147.284488 145.500121 147.359842 148.085476 144.802312 146.058701 147.649572 146.506946 146.045167 147.599944 145.639016 145.506049 147.858058 145.078334 145.730194 145.971117 144.842803 147.077095 146.401367 146.097754 
147.876363 147.105378 147.240239 145.718482 146.019417 146.469178 146.635119 147.589845 148.102801 145.957223 147.818306 144.659299 147.604851 145.643140 147.719574 147.522383 146.373993 146.656981 146.430933 145.622257 145.712117 145.796329 147.026531 145.429761 147.284488 145.500121 146.921904 145.908713 144.802312 145.028702 147.593934 146.620364 146.045167 146.190868 146.365862 146.637103 147.317587 145.029307 146.576829 147.628782 145.791231 147.252972 146.824222 145.894391 146.318729 147.073418 147.547336 145.612440 147.858722 146.351433 
146.126547 147.924566 146.903451 145.718482 145.944328 145.984006 146.165557 147.560531 148.102801 146.772245 147.818306 144.659299 146.051757 145.643140 147.719574 147.407651 146.157271 146.348585 146.547452 145.622257 145.712117 145.730756 146.893833 147.077936 147.284488 145.500121 146.826179 146.903626 144.802312 148.015612 146.193507 146.408405 145.598775 146.464793 145.676106 147.164383 147.367536 145.029307 146.256780 146.439172 146.846051 145.837002 147.844931 147.711172 146.172074 146.885163 147.980829 147.629312 147.337117 146.879314 147.062421 146.523300 145.531850 145.921474 145.358322 
147.447321 145.119356 145.963506 145.683586 146.007156 148.089536 145.965829 147.735146 148.102801 146.379906 147.818306 144.659299 146.051757 145.643140 147.719574 148.183791 145.705036 147.972279 146.547452 145.622257 146.295488 145.730756 147.671818 146.369755 147.284488 145.500121 145.531850 145.554287 144.802312 147.655316 145.149138 146.408405 146.398246 147.466393 144.968765 145.359129 146.187219 147.464667 147.095650 146.699827 147.806955 147.159373 147.228517 
146.150429 146.818423 147.678902 145.683586 146.007156 146.030129 147.129661 147.735146 148.268719 146.413125 147.818306 144.659299 146.051757 145.643140 147.719574 146.633623 146.554209 147.972279 145.646322 145.622257 147.382737 147.322203 146.729755 146.699827 147.284488 145.500121 145.531850 147.511728 144.802312 144.901349 146.180737 147.221649 146.320413 146.307230 145.956429 146.905379 146.473389 148.104032 146.911199 146.550626 
146.310358 147.194425 147.340576 145.683586 145.614311 146.976435 146.755972 146.066889 148.268719 146.067762 147.818306 144.659299 146.051757 145.643140 147.719574 148.009554 145.603255 147.296280 145.646322 145.622257 146.424662 147.322203 147.765255 146.605388 147.284488 147.932295 145.531850 146.624742 144.802312 146.346906 147.337597 147.235536 147.260474 146.352851 146.324467 147.188957 147.332384 147.647765 147.465457 147.869480 147.796239 146.243772 
146.166278 147.632394 145.676023 145.683586 146.932983 146.957935 147.333740 146.304657 147.179379 147.505264 147.818306 144.659299 146.013001 145.643140 147.583396 145.843053 145.276060 146.226997 147.026124 145.622257 147.000462 145.817984 147.946585 145.412188 147.284488 147.932295 145.531850 146.821241 144.802312 147.189160 146.964579 147.131458 
146.166278 147.646800 145.732244 145.683586 145.757571 145.839317 147.725823 146.304657 148.238340 147.553927 147.361480 144.659299 146.009393 145.643140 146.980012 145.843053 145.918188 146.215193 146.641081 145.622257 146.570070 145.817984 148.170839 145.812366 147.329261 147.932295 145.531850 145.982823 144.802312 147.087403 146.687143 146.769468 146.518422 
146.166278 147.646800 145.993867 145.683586 145.543550 147.865849 145.974391 146.304657 147.633860 147.667404 145.894786 144.659299 146.009393 145.643140 146.099227 147.141113 145.770254 144.804521 146.104533 145.835520 148.014388 145.817984 147.660763 146.949370 147.329261 146.574805 145.531850 145.753572 144.802312 146.953290 146.169843 147.474427 146.202299 146.041235 146.181438 146.474427 147.631250 145.825085 
146.166278 147.646800 145.942469 145.654216 145.543550 147.865849 147.907520 146.498085 147.663098 144.827214 147.726769 144.659299 146.009393 145.643140 145.799160 147.141113 147.289336 147.142164 145.491154 147.185945 146.806832 145.817984 146.905816 147.164864 147.190078 148.013008 145.531850 145.753572 144.802312 146.061912 147.013853 146.903347 147.805767 146.266807 146.395537 147.120247 147.624942 146.133841 146.377389 146.027704 146.653655 147.208566 146.207522 
146.166278 147.698415 147.696588 145.633271 145.543550 148.020074 148.201269 146.498085 147.371676 146.944665 147.086729 144.659299 146.206276 145.643140 146.773232 146.796433 147.614100 147.857993 147.700744 147.231683 146.549620 145.817984 147.898243 147.242059 147.190078 146.041242 145.600346 147.224693 144.802312 146.992422 146.833858 146.481104 147.249119 146.266807 145.765006 146.705002 147.909918 147.683635 146.756473 148.087510 145.350249 146.046835 145.233393 148.197303 146.303638 146.737066 147.528912 147.657967 148.336987 147.913352 145.083696 144.852413 147.153195 148.069448 144.718002 145.792972 146.667409 148.219423 
146.166278 147.698415 147.765622 145.633271 146.809063 147.995927 146.820910 146.832684 144.681646 147.216743 146.780310 146.875516 145.700714 145.643140 147.273548 147.228585 147.614100 147.888933 146.940534 146.613966 146.292093 146.543768 145.814039 144.718002 147.190078 147.201639 145.524321 146.046835 144.802312 147.962364 147.187862 146.011691 146.279632 146.599432 145.814255 146.586984 146.475538 146.126420 145.299862 145.961542 147.340252 146.853183 146.895526 
146.495614 147.352466 147.765622 145.633271 147.906460 147.895439 147.563088 146.582986 146.108926 147.017876 145.961542 147.292343 145.700714 145.643140 148.286227 147.862164 147.614100 146.986293 146.015139 145.280981 148.229497 146.154039 146.704029 144.675496 147.190078 146.797446 145.524321 146.046835 144.802312 146.410574 147.681752 146.011691 145.814255 147.486893 
146.214584 146.017965 147.765622 145.643777 147.126795 147.895439 146.216629 147.967132 145.722218 148.307339 145.961542 147.633183 145.700714 145.643140 148.074653 146.608409 147.614100 146.907327 146.137537 146.927771 148.229497 145.928046 146.136843 144.675496 147.190078 146.729831 145.524321 145.837021 144.802312 146.242059 147.681752 146.031212 145.887711 146.693970 146.267815 
146.208551 146.269936 147.765622 145.643777 147.143490 147.895439 147.415451 146.817930 145.722218 146.071120 145.961542 147.681752 145.700714 145.643140 146.031212 146.608409 147.614100 147.336938 145.600504 144.802312 148.210798 146.181745 146.833212 144.776380 147.190078 147.835793 145.524321 145.837021 147.177907 146.198841 146.960275 145.965240 148.031883 146.342959 
147.201718 148.204424 147.765622 145.643777 147.143490 147.942939 146.623129 145.806899 145.810784 147.816267 146.505995 147.681752 145.713620 145.643140 146.074588 146.608409 147.697631 146.254044 146.154497 144.802312 147.326277 147.592762 147.848223 144.776380 147.190078 146.622770 145.524321 145.837021 147.248832 
147.189107 146.373261 147.765622 145.643777 147.060432 147.781937 145.837021 147.644532 145.810784 147.488439 148.299721 147.030722 145.713620 145.643140 147.169707 146.608409 147.465566 147.650673 147.691738 144.802312 147.483321 145.524321 146.427931 144.776380 147.190078 146.083390 146.324417 147.894630 146.656705 146.777658 146.594461 147.982037 
147.504526 147.868998 147.765622 145.643777 147.060432 146.910462 145.837021 147.644532 145.810784 148.023367 146.415924 147.399932 145.713620 145.643140 147.050109 146.482320 148.190291 147.639018 147.691017 144.802312 147.486259 145.418779 145.736519 144.776380 147.190078 146.083390 147.630645 147.195121 148.042545 146.754183 145.595988 147.894050 146.815774 146.662932 147.171354 147.614329 147.190924 147.074637 147.285889 147.745738 
145.846345 148.187275 147.765622 145.643777 146.968994 146.087503 145.837021 147.644532 145.810784 147.103709 147.257979 147.647026 145.713620 145.643140 147.050109 146.482320 147.261120 144.953601 146.161053 144.802312 145.839342 145.418779 146.547091 144.776380 147.190078 146.083390 147.543794 146.131369 148.042545 146.975901 145.501696 147.870306 146.902972 147.229532 145.564274 146.162687 146.437805 147.222989 147.913909 146.455468 147.751148 147.160194 147.400611 144.919402 147.142865 146.465586 
147.187324 147.514530 148.315542 145.643777 147.354805 146.607218 145.837021 147.633931 145.810784 148.188134 146.048610 146.680466 145.713620 145.643140 148.193388 146.107332 147.775545 144.971192 146.235031 144.850543 147.205131 145.469041 147.895943 144.776380 147.190078 146.083390 146.854061 147.980964 147.991244 147.698353 145.501696 147.276195 147.649257 148.228890 146.134277 147.207032 147.614905 147.807401 147.007586 147.755753 147.163292 145.734332 146.280779 146.295168 146.813899 
146.501641 146.048954 145.957627 145.643777 146.905820 145.534984 145.837021 145.789365 145.810784 147.254733 147.099124 147.431875 145.713620 145.643140 147.224215 146.460395 147.775545 146.542866 147.730697 144.850543 147.131450 145.469041 146.589510 144.776380 146.994174 146.083390 147.624223 146.818663 147.848813 147.706839 145.566978 146.564679 146.385108 148.114799 146.094553 145.847863 146.981028 148.313420 145.732408 147.522369 146.755252 147.785148 146.727441 147.091218 147.903149 
146.564679 145.852064 147.283802 145.643777 146.860732 147.219427 145.837021 147.639902 145.810784 146.863904 148.284687 146.260790 145.713620 145.699587 147.224215 147.657197 147.775545 147.359802 147.111939 144.850543 147.100086 145.469041 147.336891 144.776380 146.245272 146.083390 146.981028 146.490567 147.898800 147.258605 145.548069 146.235886 146.681069 146.708028 147.537221 147.458970 147.727210 147.844039 
147.077533 147.883374 145.487102 145.643777 147.072656 147.220609 145.837021 147.576753 145.810784 147.652032 148.315831 146.737378 145.713620 147.672172 147.224215 147.657197 147.775545 145.308157 147.309395 144.850543 147.569273 147.347660 147.224394 144.694203 147.196279 146.042180 146.995637 147.899253 147.988613 145.588822 145.548069 146.982407 146.015924 146.074929 146.142458 145.571939 147.012324 
146.242516 146.042353 147.648100 145.643777 146.596115 145.567717 145.837021 147.576753 145.810784 147.283742 148.315831 146.851287 145.713620 147.290084 147.560885 147.657197 147.775545 145.265926 147.953606 144.850543 146.950943 146.653445 146.711862 144.706394 146.140924 146.104158 147.988889 146.340808 147.988613 145.554511 147.312189 144.798497 146.884306 145.779629 146.509314 
146.090659 147.988613 147.188750 145.643777 145.522508 145.567717 145.837021 147.576753 145.810784 147.981036 148.315831 147.641012 145.713620 147.290084 146.684180 147.657197 147.685561 147.020028 147.946776 147.224418 147.640904 145.974170 147.723866 144.706394 146.986547 146.104158 144.797839 145.488831 147.024008 146.351837 147.332287 146.768980 147.696658 147.613800 147.910492 144.887566 147.163926 146.786489 145.525612 147.127809 
145.460972 147.988613 147.585448 145.643777 147.075296 145.538277 145.837021 147.576753 145.711529 146.907246 148.315831 147.016423 145.713620 147.290084 144.887566 147.492443 147.685561 147.562385 147.946776 146.765442 146.590173 148.323615 146.524974 144.706394 147.401768 146.022189 147.937777 147.035136 
145.460972 147.988613 147.545969 145.715467 146.947222 145.636610 145.837021 147.778345 145.711529 146.659276 148.315831 146.522890 145.713620 147.239743 144.887566 147.317057 147.245827 147.879517 147.946776 147.410417 147.875002 147.657620 146.947505 144.706394 147.070807 146.022189 147.933701 146.902341 146.520088 147.244715 146.891302 
147.276498 147.988613 147.257605 145.715467 145.694960 145.636610 145.837021 147.558253 145.711529 144.706394 146.550549 147.978590 145.713620 147.239743 144.887566 146.499000 146.596003 147.879517 147.224442 146.248949 146.022189 146.802976 147.381172 147.840819 147.640956 147.645352 146.273738 146.682077 146.711801 
147.137418 147.939576 147.289748 145.715467 145.694960 145.636610 145.875049 147.558253 145.711529 144.706394 147.493731 147.978590 145.713620 147.239743 144.887566 147.159105 146.596003 147.879517 147.585799 146.290723 146.022189 147.800650 146.877752 147.784784 147.640956 145.727032 147.602687 146.407339 146.218942 146.933763 145.955580 147.416803 146.170015 146.833348 146.290612 145.884158 147.277593 147.097303 146.443265 147.313968 147.433995 147.341553 147.290722 146.477393 
146.234747 147.939576 147.341070 145.715467 145.694960 145.636610 145.875049 147.558253 145.711529 144.704947 147.277593 147.855103 145.713620 147.239743 144.887566 147.296666 146.465900 147.879517 146.300038 147.146160 146.022189 148.325182 146.000942 146.349071 147.640956 145.757300 147.809149 147.568380 145.597322 146.840602 147.206522 147.375801 146.725830 147.382123 146.460599 
147.180220 147.939576 147.319259 145.715467 145.694960 145.636610 145.875049 147.652044 145.701775 144.704947 147.277593 148.116453 145.713620 147.239743 144.887566 146.778675 146.625287 147.879517 145.779958 146.786000 146.022189 146.720680 147.032372 146.116776 147.640956 146.539289 146.727753 145.711450 147.302241 147.651008 146.085701 146.395535 147.295321 147.344335 146.398154 147.527372 146.976071 147.860530 148.220617 
146.954112 147.939576 147.848741 145.710060 145.979858 145.636610 145.920729 147.959351 145.701775 144.704947 147.418543 147.187688 145.713620 147.239743 144.887566 147.685271 145.618670 147.879517 146.048211 148.065712 145.580387 147.726524 146.418703 146.040993 147.640956 146.372056 147.448982 146.600933 146.001305 146.553584 145.874710 145.629328 147.524991 
146.356322 147.939576 147.848741 145.710060 147.652348 145.636610 145.920729 146.571318 145.701775 144.778031 146.759270 148.075033 145.713620 147.239743 144.887566 146.748578 145.618670 147.879517 146.048211 145.975270 145.580387 146.789749 145.935839 147.014154 147.640956 146.153645 147.339606 145.999365 144.682231 145.855284 145.170195 146.682199 146.679468 147.830114 145.049108 146.467892 147.356668 144.683838 147.607050 146.290520 145.757862 147.697184 145.883680 
146.311748 148.015278 147.356668 145.710060 146.105821 145.636610 145.920729 145.916164 145.701775 144.778031 147.658229 147.618068 145.713620 147.239743 144.891097 147.933683 146.495657 147.879517 146.048211 148.201888 145.580387 146.971950 147.607050 147.068064 147.640956 144.933749 146.572695 148.195261 147.201948 146.328493 146.653520 146.945488 147.868998 146.558143 
146.311748 145.943670 147.356668 145.710060 147.544186 145.636610 145.920729 145.474609 145.701775 144.778031 147.239902 145.640982 145.713620 147.529725 144.762496 145.524283 147.358517 147.879517 146.048211 148.201888 145.580387 145.575571 147.417053 145.003492 147.640956 146.373237 145.259502 147.452268 146.611640 145.473490 147.273845 148.012946 146.210267 146.068872 147.280571 
147.477024 146.249268 147.356668 145.710060 147.509864 145.892641 145.920729 145.588323 145.693352 144.778031 148.012946 147.331457 145.713620 145.721630 146.087815 145.940462 147.137181 147.879517 146.048211 148.201888 145.580387 147.397929 146.550779 145.003492 147.602699 146.863549 146.498070 147.232406 146.470299 145.473490 147.429508 145.336962 146.221069 147.676207 146.971288 147.184942 145.292102 147.316482 146.337678 
147.057982 147.681548 146.762707 145.710060 147.535095 145.740175 145.920729 145.937314 145.693352 144.778031 148.012946 146.791762 145.713620 147.330965 146.125852 146.132254 146.782963 147.879517 146.149339 148.201888 146.444619 147.676207 146.228110 145.003492 147.219787 146.444726 146.498070 147.305951 147.562792 145.432680 147.429508 146.446041 145.393626 147.438192 147.552137 147.325158 146.996331 146.250756 144.859219 147.052304 146.650927 147.228014 146.819422 146.773032 
147.058236 147.374601 145.384886 145.710060 147.535095 146.725542 145.773061 147.602087 145.693352 144.778031 148.012946 145.570243 145.713620 147.330965 146.125852 145.367444 145.973917 147.879517 147.616115 147.942626 148.289445 146.041492 147.353644 145.003492 147.429508 147.618014 146.429365 147.345234 147.686242 145.601881 146.201048 146.481130 146.021246 146.915649 147.419211 146.690989 
145.794233 146.906422 145.384886 145.710060 145.987643 146.494142 145.773061 144.668532 145.693352 147.742525 148.012946 145.679933 145.713620 147.330965 146.517447 145.367444 146.165824 147.879517 146.285092 147.891450 146.797527 147.667485 147.728095 145.003492 147.020093 147.211824 146.429365 
145.994081 146.246178 147.088433 145.710060 145.277219 146.252111 146.084266 144.805293 145.693352 146.808828 148.012946 145.527374 145.713620 147.093576 147.322580 145.367444 146.165824 147.728855 147.377026 147.964738 146.863997 147.667485 147.739094 145.003492 146.541167 147.211824 147.946091 148.289368 147.626077 147.745388 146.701803 147.376757 147.264683 147.414195 147.435221 146.659469 145.398400 145.249024 147.368600 146.004166 146.146150 
146.906168 145.518279 147.735006 145.710060 146.145067 146.343067 146.084266 145.072692 145.693352 147.269817 148.012946 145.570589 145.713620 145.470324 146.974829 145.367444 146.165824 147.728855 146.901784 146.779811 146.501498 147.685391 147.986658 145.044813 145.309718 147.259825 146.848252 145.367401 147.207756 146.441815 146.137360 146.931719 147.935977 145.937564 
146.491122 148.037129 146.180490 145.710060 146.466614 146.343067 146.084266 145.072692 145.693352 146.854877 148.012946 146.703176 145.713620 146.284890 145.919780 146.369779 146.165824 147.728855 146.137720 145.166626 146.601389 147.685391 145.897695 145.044813 145.393790 147.259825 146.868352 147.064054 147.677297 147.935977 145.341626 146.167126 146.849044 146.328553 147.915483 147.970901 145.406679 145.766146 145.869681 145.185868 147.053608 145.153178 146.513143 
145.443321 148.010957 147.208938 145.710060 146.322725 146.343067 146.084266 145.041600 145.693352 147.092240 148.012946 144.963306 145.713620 145.245624 146.094740 147.347649 146.165824 147.728855 145.640944 146.490249 146.711243 147.685391 146.171720 148.026723 147.413327 147.259825 146.087166 147.064054 147.677297 147.979700 145.341626 145.581291 147.293853 145.196670 145.565424 
145.234464 145.828875 147.259825 145.710060 147.374933 146.343067 146.084266 144.701806 145.693352 146.974245 148.012946 144.963306 145.713620 147.952092 147.079105 147.531075 146.165824 147.728855 147.837536 145.718511 147.677297 147.685391 147.737550 145.341626 145.268594 
146.590351 147.451439 147.259825 145.708244 145.242114 146.406339 146.010805 144.701806 145.693352 146.345829 148.012946 148.086805 145.713620 145.875603 147.409846 147.530085 146.165824 147.728855 147.710044 145.820296 147.677297 147.685391 145.338923 145.341626 146.474366 147.466915 146.233897 146.682616 145.164164 148.251619 146.809265 148.366594 146.209114 146.416527 147.789386 147.204375 
145.765893 147.899028 147.259825 145.708244 145.519842 146.281862 146.010805 145.159360 145.693352 145.103327 148.012946 146.777662 145.713620 147.650934 145.790243 146.171236 146.165824 147.834576 147.867276 146.015253 147.677297 147.685391 145.369925 145.341626 145.918194 146.882428 146.122949 148.040052 146.787532 145.871418 147.037120 145.297459 
146.455007 146.683743 147.259825 145.762861 147.633668 146.281862 146.041742 145.159360 145.693352 145.103327 148.012946 146.996167 145.713620 147.745107 147.702410 145.640144 146.165824 146.165483 148.228067 148.129048 147.677297 148.117584 147.284995 145.341626 147.946895 146.024298 146.102187 147.684040 146.415271 147.714152 146.768653 146.331300 146.185817 
147.424255 148.170656 147.259825 145.762861 146.401468 146.281862 146.041742 145.159360 145.693352 145.103327 148.012946 147.332729 145.713620 147.745107 147.681106 146.542639 146.165824 146.697500 147.954349 145.650987 147.677297 146.851191 147.245863 145.341626 146.606792 146.665823 145.616107 147.306415 147.927607 145.417038 147.760890 146.836745 146.580540 147.447046 147.124959 146.240699 
147.320758 146.909721 147.259825 145.762861 147.833874 146.796184 146.041742 145.159360 145.693352 145.103327 147.900028 147.912339 145.713620 145.417038 147.681106 146.402448 146.165824 147.761309 148.073779 146.527810 147.677297 147.630700 146.206838 145.299542 147.734494 147.255427 145.443728 146.249071 146.216439 145.986157 147.909577 147.933973 147.223616 146.307185 147.967890 147.173724 
146.298569 147.000644 147.259825 145.762861 147.257253 148.229460 146.041742 146.893446 145.693352 145.093119 147.919492 145.598172 145.713620 145.094180 147.681106 147.642866 146.165824 147.761309 145.863408 147.368677 147.677297 146.558417 146.164621 145.183280 147.962194 147.945917 147.796354 145.695983 147.972021 145.376897 146.295075 147.846660 146.584971 
146.298569 146.844208 147.259825 145.762861 148.339766 148.304021 146.030921 147.929045 145.693352 145.093119 147.919492 147.108866 145.713620 145.094175 147.681106 148.284387 146.165824 147.761309 145.851134 146.870695 147.677297 146.558417 145.960817 145.183280 145.581099 145.278483 146.189084 147.422141 146.940575 146.497903 146.529870 146.974834 
145.819776 147.308344 147.259825 145.762861 146.963276 144.902906 146.030921 147.995806 145.693352 146.164698 147.852361 148.117770 145.713620 145.094175 147.681106 146.318485 146.165824 147.761309 145.790315 147.522428 147.760430 147.030540 146.192145 145.183280 146.797056 147.017329 146.327564 146.969341 146.819560 146.629387 148.112035 146.394191 148.017655 146.086537 146.183735 147.917314 146.459272 146.571721 
147.070757 145.966750 147.259825 145.762861 146.616744 144.902906 146.030921 147.995806 145.693352 146.224765 147.852361 146.920414 145.713620 145.102713 147.681106 146.723082 146.165824 147.761309 146.949255 147.878710 147.760430 147.096487 146.648911 145.652000 145.558107 145.835549 147.753156 148.028877 146.197298 147.068083 146.165941 147.062205 145.940292 146.662787 
147.021857 147.601836 147.259825 145.762861 147.615385 144.902906 145.710997 148.027820 145.693352 147.064915 147.852361 147.981983 145.713620 145.102713 146.686913 146.624919 146.008460 147.821713 147.684027 147.153478 147.760430 146.489962 148.128347 146.276535 145.859271 148.118204 145.858363 145.653122 147.099422 147.062695 
146.781150 148.047375 147.259825 145.762861 146.946666 144.902906 145.541021 145.318071 145.693352 146.476432 147.852361 146.327767 147.692300 145.102713 148.253892 146.451823 146.008460 147.821713 147.607658 146.018105 147.760430 145.929938 148.284233 148.086008 147.902246 146.964267 145.726375 147.546971 146.002834 148.242476 146.353977 147.169226 
147.813479 145.878146 147.259825 145.762861 147.389033 145.125500 145.377135 146.369177 145.693352 146.143555 147.852361 146.453912 146.751246 145.045494 146.657963 145.924580 146.059664 147.821713 147.643333 145.592105 147.760430 146.798654 148.075287 147.261764 145.740006 148.173644 145.956816 145.338620 146.081844 146.850612 147.121659 147.891212 147.113384 147.859212 
145.430110 148.002914 147.259825 145.762861 147.175599 144.994330 145.533770 147.458768 145.693352 146.041961 147.852361 146.975305 145.180018 144.760901 146.657963 145.335116 146.059664 147.821713 147.643333 145.911367 147.610575 147.716510 147.802296 146.812011 145.740006 147.797950 145.956816 146.850612 146.161128 145.023180 146.041910 146.815445 145.708132 146.347243 146.568555 148.238228 147.095290 
