0.000000 0.010870
0.000000 0.015168
0.000000 0.017061
0.000000 0.016334
0.000000 0.024196
0.000000 0.009225
0.000000 0.031198
0.000000 0.015825
0.000000 0.020339
0.000000 0.016657
0.000000 0.019232
0.000000 0.020803
0.000000 0.011505
0.000000 0.017079
0.000000 0.021286
0.000000 0.017462
0.000000 0.017723
0.000000 0.015203
0.000000 0.020020
0.000000 0.014843
0.000000 0.012860
0.000000 0.013925
0.000000 0.013067
0.000000 0.012103
0.000000 0.016918
0.000000 0.009435
0.000000 0.013873
0.000000 0.016427
0.000000 0.012410
0.000000 0.012380
0.000000 0.011474
0.000000 0.014531
0.000000 0.009462
0.000000 0.010777
0.000000 0.012570
0.000000 0.017742
0.000000 0.013658
0.000000 0.022063
0.000000 0.029614
0.000000 0.013229
0.000000 0.016466
0.000000 0.011142
0.000000 0.009992
0.000000 0.016656
0.000000 0.015920
0.000000 0.015897
0.000000 0.016985
0.000000 0.012014
0.000000 0.013340
0.000000 0.025953
0.000000 0.015061
0.000000 0.021747
0.000000 0.033900
0.000000 0.014368
0.000000 0.013287
0.000000 0.019211
0.000000 0.020090
0.000000 0.019659
0.000000 0.014361
0.000000 0.014781
0.000000 0.020304
0.000000 0.009749
0.000000 0.022492
0.000000 0.015868
0.000000 0.024891
0.000000 0.012916
0.000000 0.024037
0.000000 0.010630
0.000000 0.016858
0.000000 0.013042
0.000000 0.012309
0.000000 0.019209
0.000000 0.021254
0.000000 0.025380
0.000000 0.015060
0.000000 0.021460
0.000000 0.013226
0.000000 0.027563
0.000000 0.012040
0.000000 0.017782
0.000000 0.015637
0.000000 0.015415
0.000000 0.016092
0.000000 0.025157
0.000000 0.015773
0.000000 0.021066
0.000000 0.011568
0.000000 0.010478
0.000000 0.022753
0.000000 0.020556
0.000000 0.027393
0.000000 0.023683
0.000000 0.015029
0.000000 0.018607
0.000000 0.015508
0.000000 0.012243
0.000000 0.011203
0.000000 0.015422
0.000000 0.014597
0.000000 0.023559
0.000000 0.025287
0.000000 0.014196
0.000000 0.013432
0.000000 0.009723
0.000000 0.014484
0.000000 0.025515
0.000000 0.022121
0.000000 0.022375
0.000000 0.042102
0.000000 0.014287
0.000000 0.015888
0.000000 0.012815
0.000000 0.011426
0.000000 0.013010
0.000000 0.016075
0.000000 0.014444
0.000000 0.023510
0.000000 0.014619
0.000000 0.019881
0.000000 0.019834
0.000000 0.017363
0.000000 0.023717
0.000000 0.017252
0.000000 0.017202
0.000000 0.020680
0.000000 0.013747
0.000000 0.018696
0.000000 0.018566
0.000000 0.013525
0.000000 0.011772
0.000000 0.012960
0.000000 0.024454
0.000000 0.011818
0.000000 0.011496
0.000000 0.010456
0.000000 0.018935
0.000000 0.022577
0.000000 0.015238
0.000000 0.030096
0.000000 0.018801
0.000000 0.025340
0.000000 0.021687
0.000000 0.029496
0.000000 0.016272
0.000000 0.015087
0.000000 0.020093
0.000000 0.015501
0.000000 0.017699
0.000000 0.030366
0.000000 0.015994
