144.687837 -40.987063  52.000000
145.732097 -41.526037  10.000000
145.666831 -42.199754   5.000000
144.687837 -40.717576  49.000000
147.167954 -41.795524  14.000000
147.494286 -41.930267   6.000000
146.580558 -41.121807  18.000000
145.601565 -41.256550  28.000000
147.559552 -41.795524   3.000000
144.818370 -40.717576  10.000000
144.948902 -40.987063   7.000000
146.188961 -41.391294   5.000000
147.755351 -42.469241   2.000000
145.536299 -41.121807  20.000000
145.601565 -42.065011   2.000000
146.058428 -41.391294  13.000000
145.536299 -41.391294   5.000000
145.797364 -41.121807   1.000000
145.144701 -41.121807   1.000000
148.342747 -42.065011   6.000000
145.536299 -42.199754   2.000000
147.820617 -42.873471   3.000000
147.037422 -40.987063   1.000000
144.687837 -41.256550   1.000000
144.753104 -40.852320   3.000000
148.277481 -41.930267   5.000000
145.927896 -41.121807   1.000000
146.384760 -41.526037   2.000000
144.883636 -40.852320   1.000000
145.862630 -41.526037   3.000000
145.862630 -41.256550   6.000000
147.885883 -43.008215   1.000000
148.146948 -41.930267   4.000000
145.666831 -41.121807   6.000000
144.622571 -41.121807   4.000000
144.818370 -40.987063   4.000000
145.471032 -40.987063   1.000000
145.797364 -41.391294   1.000000
145.275234 -41.391294   1.000000
145.144701 -41.660780   1.000000
145.601565 -41.526037   3.000000
148.212214 -40.987063   1.000000
147.429019 -41.795524   3.000000
145.732097 -40.987063   3.000000
145.471032 -41.795524   1.000000
148.212214 -42.065011   3.000000
147.690084 -42.873471   2.000000
148.146948 -40.852320   1.000000
146.841623 -43.547189   1.000000
144.753104 -41.121807   1.000000
146.319493 -41.391294   1.000000
145.601565 -42.334498   1.000000
147.429019 -42.334498   2.000000
147.102688 -42.469241   2.000000
146.123695 -41.526037   1.000000
145.079435 -40.987063   1.000000
145.014169 -40.852320   1.000000
147.951149 -42.873471   1.000000
145.732097 -42.065011   1.000000
146.711091 -41.121807   1.000000
145.340500 -40.987063   1.000000
147.233221 -41.660780   1.000000
146.254227 -41.256550   1.000000
148.277481 -42.199754   1.000000
145.209967 -40.987063   1.000000
145.666831 -41.391294   1.000000
