id	longitude	latitude	radius	dapc.1	dapc.2	dapc.3
982000190609113	144.668242157983	-40.9662869958846	0.075	0.9999788564611	2.1143538899831e-05	1.27193461216392e-21
982000356429314	144.623495758005	-41.0078506110996	0.075	0.999999768748978	2.31251022222933e-07	1.24812529875561e-25
982000365112734	145.782773800614	-41.5198396419581	0.075	2.98145493761712e-06	0.999994345338935	2.67320612755436e-06
982000363022734	144.626358170801	-41.008269908638	0.075	0.999992938231863	7.06176813693708e-06	1.35220362414989e-22
982009104825424	145.615041072546	-42.1729569485696	0.075	7.26308381737708e-09	0.998575392924523	0.00142459981239328
982009106506857	144.693300908658	-40.7225733364743	0.075	0.999997243424087	2.75657591258725e-06	1.97713065313385e-23
982000365594432	147.185747332527	-41.8509566183197	0.075	6.41864982973496e-22	5.3100830230496e-06	0.999994689916977
982000402221736	147.471231629334	-41.8628848400907	0.075	2.48053927849531e-13	0.121155659268476	0.878844340731276
982009105184694	146.602787608274	-41.150705070928	0.075	6.27988327410535e-19	0.000178815016510954	0.999821184983489
982000123171145	145.592240354351	-41.20485856931	0.075	0.000553304965961954	0.999446683591639	1.14423986003679e-08
982000402218427	147.504556517641	-41.8503408338895	0.075	6.82746022454153e-27	1.53162395326419e-08	0.99999998468376
982009106166828	144.755891588496	-40.7649725148312	0.075	0.999984638165522	1.53618344776063e-05	6.62076827300806e-22
982000402819756	147.502079179329	-41.8524232685708	0.075	3.40262766539009e-24	3.65487199165585e-07	0.999999634512801
982000123209300	144.711448199404	-40.700532824292	0.075	0.999999954822466	4.51775339678614e-08	4.43438750192591e-27
982000123131214	145.556611481577	-41.2874213193202	0.075	0.0038831859485771	0.996116812564742	1.48668082331936e-09
982000167806929	144.738628537741	-40.7188948220048	0.075	0.999999986819137	1.31808629748564e-08	3.57613033227334e-28
982009104880056	144.721631616721	-40.6673970330195	0.075	0.999999845061433	1.54938566798161e-07	5.50531261267014e-26
982009104838070	144.709609665668	-40.6826882586663	0.075	0.999997714378296	2.2856217037822e-06	1.34814137040819e-23
900006000211100	144.970087550633	-41.0270258688964	0.075	0.524703704733168	0.475296295264877	1.95550023785912e-12
982000190610099	146.193421463579	-41.3312791044622	0.075	9.96836995853412e-12	0.565883221773818	0.434116778216213
982000167812952	145.591459634987	-41.1906531017007	0.075	0.00593095809129477	0.994069040957252	9.51453113072397e-10
982000123208107	144.709414794434	-40.7004654529544	0.075	0.999999785004883	2.14995117119861e-07	1.07537449258382e-25
982000167811343	145.595524347165	-41.1923961747313	0.075	0.00109355894311511	0.99890643544404	5.61284425016272e-09
982000362816117	144.67817505339	-40.9686943401536	0.075	0.999925633600775	7.43663992246866e-05	1.66280798771915e-20
982009105846618	145.603448023243	-41.2582835367649	0.075	5.9490628450402e-05	0.999940391895769	1.17475781025445e-07
982000123207633	147.813936348405	-42.4194334069729	0.075	8.40765292573662e-25	1.78973319137663e-07	0.999999821026681
982000167789265	145.560943336818	-41.1580646592056	0.075	4.48471926363564e-05	0.999954995025703	1.57781660467853e-07
982000167783107	145.611896129652	-41.1941259871756	0.075	0.000209529995198748	0.999790438452119	3.15526821742358e-08
982009104925541	145.649091193525	-42.1203796456626	0.075	2.12889101723068e-08	0.999535430800228	0.000464547910861679
982009106651557	146.606513911626	-41.1533481877143	0.075	4.41050595757085e-22	4.38405003079226e-06	0.999995615949969
982009105185249	146.577030343003	-41.1530995721876	0.075	1.78832507569327e-20	2.90470015641464e-05	0.999970952998436
982000363000707	146.123431723949	-41.413897724795	0.075	7.4545909394548e-09	0.998613465801048	0.00138652674436057
982000123208366	145.569924492563	-41.3645644256656	0.075	2.41498061348014e-05	0.999975549110834	3.01083031216337e-07
982000123128299	144.738628537741	-40.7188948220048	0.075	0.999996206481956	3.79351804363854e-06	3.79718781192478e-23
982009106158828	145.826774723011	-41.1051592328559	0.075	6.91339140551212e-05	0.999930765662338	1.00423607194305e-07
982000362826180	144.677968564897	-40.9684830128374	0.075	0.999999850548994	1.49451006223589e-07	5.11415349290621e-26
982009104815653	145.618208156023	-42.2104335209235	0.075	3.13659280478482e-07	0.999971640147219	2.80461935007258e-05
982009101579989	146.608911190815	-41.1490415325091	0.075	3.84330672787178e-23	1.26070625889853e-06	0.999998739293741
982009105169711	145.100305966591	-41.154701781169	0.075	0.0048475494121111	0.995152449410828	1.17706090404276e-09
982009105085351	145.51829782802	-41.3466712114961	0.075	2.73598144744964e-05	0.999972375879601	2.64305924418431e-07
982000167812712	144.714229308956	-40.6853110055327	0.075	0.999902068917932	9.79310820682818e-05	2.91865862415075e-20
982009104353938	144.720118404988	-40.7128287202609	0.075	0.999999535958356	4.64041644592863e-07	5.18168094711988e-25
982009105851410	148.302263615179	-42.0623472522971	0.075	1.54622985479259e-24	2.44301899043022e-07	0.999999755698101
982000402218673	147.48255917526	-41.8679086576331	0.075	4.8647061745275e-28	3.97413268973806e-09	0.999999996025867
982009104852731	145.546786988123	-42.1658082481643	0.075	2.61833364206349e-06	0.999994320341575	3.06132478277764e-06
982009104275372	147.814011182052	-42.8593646248475	0.075	1.5534339471586e-13	0.0966877229874089	0.903312277012436
982009105197247	144.715095872487	-40.6859226719104	0.075	0.999996223437171	3.77656282944316e-06	3.76258108949595e-23
2010_27	147.066287057662	-41.0100065441481	0.075	5.68631622377664e-29	1.32778443667625e-09	0.999999998672215
982009105369379	144.692135096751	-41.2298828163191	0.075	0.999996619656943	3.38034305731961e-06	2.999871714259e-23
982009104959567	147.772977919546	-42.8787941421613	0.075	5.70723210369484e-27	1.39765582677681e-08	0.999999986023442
982000362834024	146.123431723949	-41.413897724795	0.075	3.32914159042155e-11	0.769145410134777	0.230854589831931
982009106038848	144.762229448836	-40.8020356375155	0.075	0.99999712505909	2.87494090955953e-06	2.15453796509493e-23
982009104960813	144.653884705404	-40.9365148768743	0.075	0.99999947479682	5.25203179573843e-07	6.67374672672553e-25
982009105158734	148.218918396705	-41.9795841983122	0.075	1.49197033414878e-27	7.04394675333826e-09	0.999999992956053
982009106392365	145.906629414484	-41.1837810982139	0.075	0.00101854447507184	0.998981449478966	6.04596169402369e-09
982009104272151	144.726860839268	-40.6496198856044	0.075	0.999999917570743	8.24292569870008e-08	1.51567195563363e-26
982009104332787	144.740282262961	-40.7270520946181	0.075	0.999999954530575	4.54694253881511e-08	4.49314256648802e-27
982009104898137	146.37030679505	-41.5643610968661	0.075	8.4034980151705e-17	0.00217795340546702	0.997822046594533
982009104801128	144.924906129695	-40.8899740704535	0.075	0.999999355667514	6.44332486083451e-07	1.01351211114434e-24
982000402220935	148.297192234381	-42.1219182199998	0.075	8.21922083968031e-24	5.73442233088319e-07	0.999999426557767
982000123130481	145.821190984874	-41.5393080723238	0.075	1.49288082660358e-05	0.999984573747766	4.97443968598698e-07
982000190610318	144.621405144618	-41.0196878662781	0.075	0.999999948739024	5.12609760458883e-08	5.74074913424758e-27
982009104985315	145.86790854241	-41.2533064176158	0.075	7.88160615601513e-06	0.99999114938665	9.69007194003188e-07
982000123216936	144.695787756429	-40.7201549545448	0.075	0.999714810267742	0.000285189732258297	2.59450317133652e-19
982000365119263	147.148266367864	-41.8284217699707	0.075	6.80732996129012e-16	0.00632658353134285	0.993673416468656
982000362816076	144.677928010764	-40.9682840363793	0.075	0.997748946152268	0.00225105384773157	1.77338061275705e-17
982009105167006	144.714229308956	-40.6853110055327	0.075	0.99999987007053	1.29929470184919e-07	3.84171582386676e-26
982000123130249	147.907362838552	-43.0157299076922	0.075	1.86189444131353e-16	0.00326791455050572	0.996732085449494
982000191009430	146.142032981756	-41.426089914758	0.075	4.38384908592729e-08	0.999781286569998	0.000218669591511596
982000167788005	145.588095805656	-41.1901525189805	0.075	0.00601664540690382	0.993983353655948	9.37147819959817e-10
982000363002562	148.190408653194	-41.9433349497874	0.075	6.6282008725441e-18	0.000595686970993504	0.999404313029006
982000167813000	145.630908297753	-41.1985241197885	0.075	0.000700187264427075	0.999299803789086	8.94648712499226e-09
982000365112615	147.169746994926	-41.8454961761219	0.075	4.83789488036388e-15	0.0171326062770238	0.982867393722971
982000190524444	145.782773800614	-41.5198396419581	0.075	0.000601671105644922	0.999398318411409	1.04829459442968e-08
982000356582778	144.623518873998	-41.0078691022212	0.075	0.995350012863171	0.00464998713682945	7.83146587348672e-17
982000167783022	145.591333231742	-41.1681776178758	0.075	0.0009600580887013	0.999039935479592	6.43170650471888e-09
982000356574385	144.626291082256	-41.0081514335383	0.075	0.999892134260021	0.000107865739979402	3.55593778102054e-20
982000402221898	148.313510903838	-42.1265598873043	0.075	9.31334975529586e-26	5.81770166543319e-08	0.999999941822983
900006000170473	145.561397194508	-41.1629254271328	0.075	2.34496170712679e-05	0.999976239908958	3.10473970460671e-07
982009106145188	145.607738995537	-41.1629455323545	0.075	0.000243503820047824	0.999756469209737	2.69702152630178e-08
982009104903522	144.748044257519	-40.7514253096542	0.075	0.942916780313487	0.0570832196864988	1.39396937380848e-14
982009104963657	144.686690682484	-41.117897866929	0.075	0.999913596569451	8.64034305489876e-05	2.25950620871808e-20
982000365112567	147.168421249082	-41.8452189136288	0.075	1.86949215397903e-20	2.97130055869633e-05	0.999970286994413
982009105156729	144.722781478536	-40.6704553139086	0.075	0.992875881029667	0.00712411897033328	1.87782917905228e-16
982009104928327	144.779874696452	-41.0476207495793	0.075	0.999998994055634	1.00594436601967e-06	2.51907941847773e-24
9820009105013190	145.430903316656	-40.9818338322278	0.075	0.680593072120139	0.3194069278792	6.61483186185535e-13
982009105169750	146.609678224779	-41.1663934715286	0.075	6.76294056970593e-22	5.45369302941154e-06	0.999994546306971
982009104357124	144.738028006132	-40.7069119107992	0.075	0.99999980565975	1.94340249620469e-07	8.74790757621827e-26
982009104253951	144.737784724228	-40.7071053092421	0.075	0.99999853685502	1.46314498044513e-06	5.41757710850826e-24
982009106036729	145.761408048981	-41.374927671562	0.075	3.81842471502315e-06	0.999994116844231	2.06473105379014e-06
982000167782021	145.782773800614	-41.5198396419581	0.075	9.56658884785726e-06	0.999989641834472	7.91576680383426e-07
982009104350960	144.800350010612	-41.0401412265154	0.075	0.999991788521966	8.2114780336627e-06	1.84048128218844e-22
982009106209323	145.847416087663	-41.3136158336145	0.075	3.63951791225273e-05	0.99996340860556	1.9621531790016e-07
982009104824968	144.722719254049	-40.6740211227481	0.075	0.999999939171279	6.08287206874367e-08	8.14463789220684e-27
982009104920144	144.962704875613	-41.0164920030955	0.075	0.999934769265081	6.52307349190194e-05	1.27201554463768e-20
982009104979740	145.226394314217	-41.3866047782827	0.075	0.00131389926662378	0.99868609610135	4.63202580320407e-09
982009104798639	146.332548313006	-41.5577529427987	0.075	9.29957297738918e-11	0.89284403751247	0.107155962394534
982009104817286	145.143347385615	-41.6150686069228	0.075	0.359649312744484	0.640350687250182	5.33422580376859e-12
982000123208556	144.712629103127	-40.700610286015	0.075	0.999999704535463	2.95464536830754e-07	2.05953429760183e-25
982009101486420	146.617387061936	-41.1485745581445	0.075	2.95254101514354e-21	1.15767558694128e-05	0.999988423244131
982009104913314	144.969425573862	-40.9955332511134	0.075	0.999998504500751	1.49549924901792e-06	5.66525402931797e-24
982000123128950	144.714760207716	-40.682240905696	0.075	0.999999003616955	9.96383045366877e-07	2.47038523015858e-24
982009104905427	145.61757280635	-42.2278976276476	0.075	1.03195707469609e-07	0.99991040352482	8.94932794724064e-05
985120016069138	148.302606232565	-42.0743758041636	0.075	1.24668388185102e-12	0.254911528804588	0.745088471194165
982009106160691	145.572238481574	-41.4904329603391	0.075	1.58354104578449e-05	0.999983696836882	4.67752659880549e-07
982009106188448	148.207432829742	-40.9087208018573	0.075	8.17600182573979e-27	1.67931801523953e-08	0.99999998320682
982009104988051	145.615056560096	-42.2371254805551	0.075	1.03146552194261e-06	0.999990873473184	8.09506129395835e-06
982000123207960	145.592719273408	-41.1780488784198	0.075	6.02817668766937e-05	0.999939602366435	1.15866688244931e-07
982000123209763	146.141202528415	-41.4500524737555	0.075	7.41808402535906e-09	0.998606362495585	0.00139363008633055
982000362189732	144.672399740193	-40.9700460034581	0.075	0.999997352007781	2.64799221932667e-06	1.82122396368713e-23
982000402223519	147.491425139	-41.8691320203724	0.075	1.15147026001929e-16	0.00255759458665064	0.997442405413349
982000167808109	145.625761586363	-41.2062543617883	0.075	0.00070970545778611	0.999290285721109	8.82110456088006e-09
982000402221850	147.46324588813	-41.8532349553512	0.075	5.43369828595912e-23	1.50460553695421e-06	0.999998495394463
982000402222190	147.138500196869	-41.8061777813867	0.075	4.90695087216182e-24	4.4063267686209e-07	0.999999559367323
982000190602241	144.667550020184	-40.9967173612779	0.075	0.999991975908652	8.0240913479219e-06	1.75566108642613e-22
982000167810705	145.593484852748	-41.2141335364597	0.075	7.2847803519027e-07	0.999987633485575	1.16380363898887e-05
982000362826612	144.666324095695	-40.9826052766082	0.075	0.99989228185327	0.00010771814672971	3.54599972601923e-20
982000356707998	146.123431723949	-41.413897724795	0.075	9.95671603160787e-09	0.998974234225549	0.00102575581773476
982000356434640	144.727176591061	-40.6507700820501	0.075	0.99997900478238	2.09952176198522e-05	1.25376469176673e-21
982000167813531	145.603395647716	-41.1923477913088	0.075	0.00325991416059945	0.996740084052554	1.78684705617009e-09
982000167808626	145.561397194508	-41.1629254271328	0.075	0.0545345755767597	0.945465424338501	8.47392721872524e-11
982000123170373	145.625761586363	-41.2062543617883	0.075	0.000351911943599826	0.999648069697534	1.83588659939372e-08
982009104921669	144.727228191126	-40.6569143475259	0.075	0.999722208074787	0.000277791925213303	2.45879154985193e-19
982009106581448	145.701882129858	-41.0145520576736	0.075	1.95998001929903e-06	0.999993898130517	4.14188946357209e-06
982009106463890	148.182101143391	-41.9690353616998	0.075	6.86500111216194e-24	5.23065112414776e-07	0.999999476934887
2009_53	145.416386162188	-41.8058194875002	0.075	4.62832729007598e-06	0.99999368255697	1.68911574042123e-06
982000123131447	145.519397535891	-41.3540533394878	0.075	7.12033707060896e-05	0.99992869925086	9.7378433447026e-08
982000191015333	146.097346039564	-41.4252165346613	0.075	1.03888218868376e-08	0.999018639260473	0.000981350350704953
982009104996424	145.558372151717	-41.1296314600492	0.075	0.0014855046640581	0.998514491262436	4.07350585259349e-09
982000362004834	144.673018520148	-41.0207059743897	0.075	0.999994769617083	5.23038291684515e-06	7.32087784931316e-23
982000191010337	144.67815487407	-40.9709637569965	0.075	0.996156862066864	0.00384313793313643	5.30046834411685e-17
982000363022204	144.667922379731	-40.9972833448282	0.075	0.999998010025452	1.98997454801571e-06	1.01574174715095e-23
980009105183052	146.6442009805	-41.1396975501535	0.075	3.51888861697723e-19	0.000133027618860901	0.999866972381139
982000365601037	148.260671045724	-42.1091671928689	0.075	6.64000516994857e-25	1.58648259466988e-07	0.99999984135174
982009104866220	146.123431723949	-41.413897724795	0.075	7.93855443634053e-09	0.998701346414433	0.00129864564701243
982009101656873	146.569332906866	-41.1583226914908	0.075	1.54970862050953e-15	0.00961467953809848	0.9903853204619
982000167808918	145.570698826471	-41.1753276052451	0.075	1.9246555092698e-06	0.999993854070729	4.22127376184849e-06
982000123217224	144.754813930968	-40.6980609568749	0.075	0.999998594783928	1.40521607193877e-06	4.98823743872874e-24
982009105384781	144.634802928403	-40.9383586334268	0.075	0.999965640742646	3.43592573535893e-05	3.43123970119898e-21
982009105186387	146.602787608274	-41.150705070928	0.075	1.30743673140235e-14	0.0283079338957322	0.971692066104255
982009104969331	148.216551776049	-41.9770064311534	0.075	5.30188967540893e-24	4.58402405892384e-07	0.999999541597594
982009104792052	147.74966854698	-42.863973443046	0.075	3.98066858250611e-23	1.28352112675701e-06	0.999998716478873
982009104350604	148.159207604754	-40.8927218131433	0.075	8.70524637106116e-22	6.20425558706608e-06	0.999993795744413
982009104934216	145.619485423809	-41.2528743226113	0.075	4.9396476550109e-05	0.999950460880114	1.42643336011601e-07
982009104842428	148.215039984374	-41.9787516887909	0.075	1.60012505391501e-28	2.25221519733000e-09	0.999999997747785
982009104239947	144.729699375985	-40.6900571772334	0.075	0.999999514069292	4.85930708127454e-07	5.69355303534183e-25
982000167812764	145.595524347165	-41.1923961747313	0.075	0.00241709595345146	0.997582901600599	2.44594987765088e-09
982009106189878	144.759083113021	-40.7630709086163	0.075	0.999999907511551	9.24884488596926e-08	1.91783214773293e-26
982009104718271	145.008878637057	-41.001229892215	0.075	0.820533847552537	0.179466152447295	1.67511389620438e-13
982009104874981	144.670248346492	-41.0142729111401	0.075	0.999999684936448	3.15063551726125e-07	2.34843182287769e-25
982000363000672	144.775396116644	-41.0491826656326	0.075	0.996672437342498	0.00332756265750241	3.94653979343336e-17
982009104848590	145.891897225205	-41.3070988699333	0.075	7.8312659030896e-07	0.999988425242265	1.07916311448163e-05
982009105183938	146.9019085964	-43.5773729384302	0.075	1.44383905512166e-10	0.92691572828684	0.0730842715687757
982009105163196	144.878014716109	-40.7507275634674	0.075	0.999905839624325	9.4160375675063e-05	2.69357438126404e-20
982009105155082	144.691256183522	-41.1605747108281	0.075	0.999997589239322	2.41076067750086e-06	1.50331601073469e-23
982000190529626	146.129727013558	-41.4066134413757	0.075	4.72687743309306e-09	0.997773059838063	0.00222693543505981
982000365112533	145.571276441481	-41.1789197910907	0.075	0.000370881588026132	0.999629101032856	1.73791179230702e-08
2010_23	146.298346077861	-41.3612413185091	0.075	6.70757307900159e-06	0.999992145727999	1.14669892223955e-06
982009104902045	145.615525682531	-42.2866010994112	0.075	1.76500036105976e-07	0.999948711982992	5.11115169717383e-05
982009106657099	145.687596154931	-41.0518359163234	0.075	0.000252607896796589	0.999747366147306	2.59558971364516e-08
982000167806091	144.704257737245	-40.6896889308576	0.075	0.999999132701184	8.67298816170328e-07	1.86040164151603e-24
982000362816257	144.677968564897	-40.9684830128374	0.075	0.999999488654931	5.11345068834636e-07	6.31878871843807e-25
982000363017810	144.666324095695	-40.9826052766082	0.075	0.99999978400058	2.15999419789447e-07	1.08566659461041e-25
900006000169837	145.639769882302	-41.1933056570238	0.075	0.00750213089301263	0.992497868364913	7.42074385994504e-10
982000167789688	145.636633436045	-41.5876982631111	0.075	8.73699682117148e-06	0.999990392808625	8.70194554045955e-07
982009104352086	144.718947450406	-40.6874851336633	0.075	0.999998780006241	1.21999375892403e-06	3.7366619338828e-24
982000190531157	144.690344799212	-41.0033915503698	0.075	0.999997467830509	2.53216949071473e-06	1.6621244910561e-23
982000190700189	148.270415727743	-41.9135754669194	0.075	1.04151937038183e-14	0.0252430103169528	0.974756989683037
982009106499966	146.572138933363	-41.161206686053	0.075	1.3425759412984e-15	0.00893831668773283	0.991061683312266
982009104249916	144.744686020647	-40.7358396167962	0.075	0.961852098025184	0.0381479019748103	5.99083322770147e-15
982000365594379	147.17425355536	-41.8460478558035	0.075	3.8515161549833e-23	1.26208088735925e-06	0.999998737919113
982009104986261	145.612065367691	-41.0815592709935	0.075	0.0207102794118557	0.979289720337987	2.5015711491831e-10
982009105850902	145.814714641464	-41.5302613520809	0.075	6.12204019315651e-06	0.999992616542282	1.26141752491218e-06
982000190699729	145.782773800614	-41.5198396419581	0.075	1.16218392732308e-05	0.999987732109752	6.46050974469966e-07
982000190602715	144.667381156282	-40.9411393498044	0.075	0.987934213283347	0.0120657867166518	5.54118606187702e-16
900006000205397	144.985772050435	-40.9482786053474	0.075	0.999523436935461	0.000476563064539042	7.41128750409049e-19
982000167783924	144.748347185741	-40.861647173581	0.075	0.999989723339853	1.02766601467173e-05	2.91116448500554e-22
982000190522625	144.690025711701	-41.0026555696517	0.075	0.999999182709432	8.17290568034473e-07	1.64774866508669e-24
982009106489243	146.575645858701	-41.1534097589301	0.075	1.68809098719735e-18	0.00029628436322605	0.999703715636774
982000365601223	148.299211222225	-42.0798000654807	0.075	3.24871375639963e-26	3.39740065364189e-08	0.999999966025994
982000356433548	147.408674037549	-42.3318852875693	0.075	1.73209167801919e-25	7.98684125807935e-08	0.999999920131587
982009104725457	144.720033909019	-40.7132233855212	0.075	0.999993798211021	6.20178897932376e-06	1.03699186121558e-22
982000167810497	145.59187733321	-41.2106639992289	0.075	0.000137363374120823	0.999862587589544	4.90363354038919e-08
982009105198959	144.636896791065	-40.9339339955827	0.075	0.999999755049475	2.44950525282222e-07	1.40392475228262e-25
982009106312047	145.59590360011	-41.1986430450776	0.075	0.000106566261326632	0.999893369819387	6.39192866578903e-08
982000123216080	144.673620835147	-41.1682269001661	0.075	0.999994231165099	5.76883490053451e-06	8.94414854325965e-23
982000123130823	145.497818287941	-41.0893591160956	0.075	2.57742485710977e-05	0.999973944449616	2.81301812530786e-07
982000167804179	144.724980219387	-40.6618062699391	0.075	0.999997458654735	2.54134526538094e-06	1.67445796408912e-23
982000363017369	144.672897141491	-41.0207755798545	0.075	0.999998725256089	1.27474391128578e-06	4.0874332094765e-24
2009_58	144.667227081443	-40.9778947756132	0.075	0.999999943653663	5.6346337558028e-08	6.96510771442396e-27
982000402221377	147.16444439494	-41.8351009034519	0.075	6.55155226682591e-27	1.49969330650007e-08	0.999999985003067
982000167784110	145.550658044484	-41.1710327159745	0.075	3.42827542825364e-05	0.999965508392182	2.08853535350125e-07
982000362847671	144.666324095695	-40.9826052766082	0.075	0.999999111979992	8.88020008242804e-07	1.95238038264989e-24
982000191010948	145.782773800614	-41.5198396419581	0.075	4.15184376349403e-06	0.999993956195791	1.89196044566946e-06
900006000170097	145.602947636944	-41.1758404530028	0.075	0.000233092395080847	0.999766879375389	2.82295299683827e-08
982009104924902	147.064901418752	-42.5082212787464	0.075	3.50993817868438e-17	0.00139497642143257	0.998605023578567
982000362195242	144.626273324653	-41.0099705094485	0.075	0.999998392752638	1.60724736175135e-06	6.564249461287e-24
982000123210441	146.110878822985	-41.4578386671538	0.075	2.47904818672396e-09	0.99565089225142	0.00434910526953152
982000356582995	146.123431723949	-41.413897724795	0.075	1.2034640786887e-09	0.990843688300376	0.00915631049616022
982000123164727	145.570698826471	-41.1753276052451	0.075	0.0137335586502136	0.986266440960076	3.89709872653445e-10
900006000209855	145.019299206752	-40.9712703965078	0.075	0.999588715124235	0.000411284875765193	5.48406838020689e-19
982000167814074	144.848544787662	-40.759189406907	0.075	0.999982099066556	1.79009334443934e-05	9.05082803160862e-22
982009105193868	144.724980219387	-40.6618062699391	0.075	0.999999862226249	1.37773750922339e-07	4.3307133111182e-26
982009106212772	144.816443010735	-40.7815826955425	0.075	0.999985216358537	1.47836414626891e-05	6.12144657644868e-22
982009104885431	145.567640428976	-41.2734714805466	0.075	8.58638206890335e-05	0.999914056090089	8.00892217934281e-08
982009104844268	144.949126784689	-40.8359294464031	0.075	0.999663084349367	0.000336915650633179	3.64776627490476e-19
982000123129761	144.717049772679	-40.6851866867365	0.075	0.999996065919433	3.93408056714573e-06	4.09032044504727e-23
982009106544857	146.608911190815	-41.1490415325091	0.075	3.4121433511119e-17	0.00137500205614799	0.998624997943852
982000167762943	147.908520033896	-42.9093258574332	0.075	9.93551388708933e-26	6.0130522703173e-08	0.999999939869477
982009105191683	144.686754934606	-41.1177640519876	0.075	0.999997962405566	2.03759443366175e-06	1.0660417166688e-23
982009106037202	144.704809912618	-40.6901502966175	0.075	0.999801233901737	0.000198766098262895	1.24038170745708e-19
982000363000337	146.123431723949	-41.413897724795	0.075	4.33331250193778e-08	0.99977862555504	0.000221331111834757
982000167809187	145.591459634987	-41.1906531017007	0.075	0.000352028285097087	0.999647953362375	1.83525281677701e-08
982009106088360	145.681667826721	-41.0078369175642	0.075	0.00393444842772321	0.996065550105964	1.46631267950306e-09
982000363022030	148.193601901635	-41.9916217127854	0.075	1.07292856697576e-25	6.25379094907656e-08	0.999999937462091
982009104996675	145.612052897635	-41.0815861439997	0.075	0.000697975450930755	0.999302015572946	8.97612368466342e-09
982000123131721	145.522983289518	-41.1166444553252	0.075	0.0101351466399105	0.989864852820934	5.39155797537592e-10
982000365609817	147.146857881783	-41.8286307388451	0.075	1.33548737935763e-19	8.11064750787856e-05	0.999918893524921
982009106657899	144.723508320925	-40.6449148421664	0.075	0.999926802721622	7.31972783778117e-05	1.60981552193268e-20
982009104796742	148.175579746397	-42.0638771108748	0.075	4.92525181451757e-28	3.9993177550804e-09	0.999999996000682
982009104717413	147.823810749547	-42.8479209002604	0.075	2.05469064404672e-26	2.68862071522225e-08	0.999999973113793
982009104858923	145.689344167308	-42.0878206044456	0.075	1.84308072947644e-07	0.999950962077224	4.88536147027095e-05
982000362833527	148.196891098583	-41.9828872043441	0.075	1.33751657895408e-26	2.15926271889448e-08	0.999999978407373
982000167811172	145.610086932764	-41.2052375196958	0.075	7.65451064696464e-05	0.999923364598615	9.02949158671813e-08
900006000156760	145.591333231742	-41.1681776178758	0.075	0.000101122301726472	0.999898810182026	6.75162471730815e-08
982009105192235	146.659474350221	-41.1539763304112	0.075	2.69875649773069e-21	1.10573761455938e-05	0.999988942623855
982000365112005	147.178776551364	-41.8481485203349	0.075	3.11598308881871e-18	0.000405173746733134	0.999594826253267
982009106031794	144.816443010735	-40.7815826955425	0.075	0.999999113858547	8.86141452945321e-07	1.94394826297991e-24
982009104967681	144.668438600038	-40.9856745063132	0.075	0.999978350211875	2.16497881254283e-05	1.33495811119016e-21
982009104869136	145.860962933674	-41.2669834987867	0.075	3.44330084829655e-06	0.999994256621524	2.30007762783621e-06
982009104823272	147.752677851702	-42.8779028082863	0.075	1.55423764686681e-20	2.70385561796659e-05	0.99997296144382
982000190524599	144.621528927598	-41.0076569000386	0.075	0.999717481503155	0.000282518496845471	2.54507011304988e-19
982009106189687	144.815218138089	-40.7603825807564	0.075	0.999998023714162	1.97628583773876e-06	1.00151231641557e-23
982009104358496	144.791319324261	-41.0433821767451	0.075	0.999195169215592	0.000804830784407546	2.16367633046736e-18
982009104836488	144.82551967885	-40.7808714218353	0.075	0.999956092520583	4.39074794172691e-05	5.6638987088995e-21
982009106161243	144.748559419603	-40.7477422532201	0.075	0.9977825857556	0.00221741424439975	1.71957761274885e-17
2010_03	145.374147095564	-40.994829022898	0.075	0.030879445582039	0.969120554256579	1.61382012686872e-10
982009105185506	146.6442009805	-41.1396975501535	0.075	7.71445467922672e-21	1.89066764101909e-05	0.99998109332359
982000123129659	144.738687657796	-40.6923144367248	0.075	0.999998953824355	1.04617564498561e-06	2.72929254124164e-24
2009_52	147.238627340125	-41.648308323689	0.075	7.75004681428967e-28	5.04122596777659e-09	0.999999994958774
982000123217465	144.737784724228	-40.7071053092421	0.075	0.999999960978541	3.90214590469104e-08	3.28704326546412e-27
982009106386565	145.518628634738	-41.3563312955133	0.075	5.09088244305264e-05	0.999948952953101	1.3822246802942e-07
982009104332416	148.27074490889	-42.0090946546865	0.075	2.32752154780565e-14	0.0378217257265431	0.962178274273434
982000123208382	145.630908485443	-41.1985151144378	0.075	1.16425311970282e-05	0.999987712616372	6.44852430638659e-07
982000402728093	147.146857881783	-41.8286307388451	0.075	1.65846190095724e-26	2.40996546320167e-08	0.999999975900345
982000123133126	146.218702669759	-41.297728909906	0.075	4.86046954902865e-09	0.997836631904469	0.00216336323506171
982009106591600	144.734061195614	-40.6978804834586	0.075	0.999999617774066	3.8222593387101e-07	3.48580095612611e-25
982009105825511	148.280704185906	-42.1465823867011	0.075	1.04093851463534e-26	1.89976688216886e-08	0.999999981002331
982009105195191	144.686754934606	-41.1177640519876	0.075	0.999995840449848	4.1595501520833e-06	4.5837947075094e-23
982009104333462	144.724980219387	-40.6618062699391	0.075	0.999995776797394	4.22320260578704e-06	4.72830580986417e-23
982000190532435	144.67815487407	-40.9709637569965	0.075	0.999997673331385	2.32666861542835e-06	1.39808907890814e-23
982000356425033	144.621632074796	-41.0074338511528	0.075	0.999999822888312	1.77111688144411e-07	7.23610673200171e-26
982009104821267	145.782773800614	-41.5198396419581	0.075	0.000107431180280848	0.999892505437628	6.33820916649685e-08
982000191016262	146.192884633268	-41.3331399146474	0.075	3.07296595498409e-12	0.37174999344737	0.628250006549557
982000402224853	147.154504046679	-41.8483278460189	0.075	2.1175695218519e-25	8.85003015705723e-08	0.999999911499699
982009106455266	146.591647648429	-41.152152433801	0.075	1.97405677919329e-23	8.97091730521644e-07	0.999999102908269
982000362196705	144.677968564897	-40.9684830128374	0.075	0.999999835503127	1.64496873205022e-07	6.22183418059814e-26
982000190531960	144.667381156282	-40.9411393498044	0.075	0.999999285100579	7.14899421004855e-07	1.25336719292685e-24
982000362816886	144.626273324653	-41.0099705094485	0.075	0.999999929832443	7.01675569414207e-08	1.0905548715951e-26
982000167814842	144.771404803389	-40.8395494622817	0.075	0.999996590745009	3.40925499101838e-06	3.052546780906e-23
982000363007563	145.571276441481	-41.1789197910907	0.075	0.000220258395859742	0.999779711654654	2.99494864918663e-08
982000356424645	144.626398016923	-41.0081536368068	0.075	0.99999116550288	8.83449711944405e-06	2.13720226634424e-22
982009106093789	145.798186389585	-41.5301888686103	0.075	1.45676030418623e-07	0.999937405930825	6.24483931448568e-05
982009106144495	145.610086932764	-41.2052375196958	0.075	0.000669005921424541	0.999330984695782	9.38279385121069e-09
900006000168556	145.639668221772	-41.1999430495345	0.075	0.000497637955497947	0.99950234926137	1.27831320302444e-08
982000190559566	144.66796063837	-40.982710469144	0.075	0.999999563137569	4.36862431435726e-07	4.58032747381994e-25
982000365600594	147.159354497309	-41.8320907574515	0.075	5.36334035426667e-27	1.35399035080279e-08	0.999999986460097
982000167812478	145.782773800614	-41.5198396419581	0.075	2.05384275022797e-06	0.999994001656364	3.94450088548226e-06
982009106541019	146.624014725345	-41.137840843471	0.075	7.8359755852116e-21	1.905820121696e-05	0.999980941798783
982000123217456	144.754372351789	-40.6978181647213	0.075	0.999999750154069	2.49845930840907e-07	1.46186932516598e-25
982000191007988	144.667673122813	-40.9891808301848	0.075	0.999998162878726	1.83712127400875e-06	8.62663761446573e-24
982000365118964	147.154136346535	-41.8507151688046	0.075	6.04723628201359e-28	4.44126240115056e-09	0.999999995558738
982000365600636	145.229113306952	-40.9478514460085	0.075	0.999766862887493	0.000233137112506959	1.71849044974529e-19
982009106498101	146.578712582155	-41.1528174820386	0.075	2.84871996432945e-21	1.1367030681257e-05	0.999988632969319
982000402727767	147.569739687013	-41.8435150219691	0.075	1.25256864782199e-25	6.76830702705925e-08	0.99999993231693
982009105177608	146.569476237042	-41.1600977944013	0.075	1.94031852934558e-24	2.7433688804622e-07	0.999999725663112
982009104977399	145.61959604392	-42.1878629501803	0.075	5.27645593022356e-07	0.999983175896055	1.6296458351441e-05
900006000168307	145.561397194508	-41.1629254271328	0.075	0.000363756541242407	0.999636225723888	1.77348694614723e-08
982000123216022	144.736877603808	-40.7118705734424	0.075	0.999534124947689	0.000465875052310897	7.07546397163441e-19
982000356487133	146.123431723949	-41.413897724795	0.075	2.87043902098464e-11	0.746485621961594	0.253514378009701
982009106034374	145.555865278751	-41.1700442473137	0.075	2.89861342013095e-05	0.999970765021044	2.48844754969642e-07
982000356424795	147.395186878209	-42.3218907255601	0.075	5.83782578075115e-27	1.41389922761002e-08	0.999999985861008
982000123170704	145.618608355602	-41.1737774758314	0.075	6.24159186000953e-05	0.99993747234758	1.11733819875306e-07
982000167786487	145.782773800614	-41.5198396419581	0.075	1.03902166608398e-08	0.999018776496456	0.000981213113326977
982000190531185	144.664981316863	-40.9825960865868	0.075	0.940421268912208	0.0595787310877771	1.5255807721169e-14
982000123133532	145.584740000244	-41.1787617728684	0.075	0.000442214117633176	0.999557771420763	1.44616034490918e-08
982009106035984	144.70111282138	-40.6737728807233	0.075	0.99999975435007	2.45649930032189e-07	1.41212999629067e-25
982009105959891	145.591459634987	-41.1906531017007	0.075	8.67888125966002e-06	0.999990444840643	8.76278097831598e-07
982000365120743	148.187868077754	-41.9344988166433	0.075	1.6015873922748e-26	2.36739535584226e-08	0.999999976326046
982000123133610	144.708034928426	-40.6892776050973	0.075	0.999999901924655	9.80753450232253e-08	2.16208345300311e-26
982009106396102	145.588102973128	-41.3687431396379	0.075	2.3811166015699e-06	0.99999423852663	3.38035676870275e-06
982000402222594	147.508708813218	-41.8544296462411	0.075	2.1100400201164e-28	2.59398364402349e-09	0.999999997406016
982009106033828	144.968985971334	-40.9916523002737	0.075	0.999898894172685	0.000101105827314636	3.11532733124838e-20
982000167813195	145.782773800614	-41.5198396419581	0.075	5.83285713284718e-10	0.980896551316956	0.0191034480997586
982000365112959	145.571276441481	-41.1789197910907	0.075	0.000276436355131106	0.999723540021072	2.36237970491615e-08
982000402226562	147.480155577694	-41.8429877433092	0.075	8.07136551413937e-22	5.96925900209588e-06	0.999994030740998
982009104958773	145.883407161053	-41.3104036507535	0.075	6.56418792925473e-10	0.983037211410798	0.016962787932783
982000123170845	145.615111535715	-41.1603771749833	0.075	0.000136987788892256	0.999862963034385	4.91767230244031e-08
982000356574467	146.123431723949	-41.413897724795	0.075	3.67581725064505e-12	0.398714660459979	0.601285339536345
982000356577177	144.672154513479	-41.0172117525133	0.075	0.999996165094012	3.83490598776443e-06	3.88234311229923e-23
982000362005481	144.622342011094	-41.0197612495451	0.075	0.999999965687597	3.43124033655943e-08	2.52726702654006e-27
982009104916952	145.531264919693	-42.1533532198355	0.075	4.6634578952095e-06	0.999993660706692	1.67583541225601e-06
2009_59	144.670796825521	-41.015581034204	0.075	0.999936565348931	6.34346510687619e-05	1.20145737011881e-20
982000356575075	144.673018520148	-41.0207059743897	0.075	0.999999177840726	8.22159273810335e-07	1.66787326155915e-24
982000190701002	144.666110894534	-40.9414559077453	0.075	0.999997392861052	2.60713894825314e-06	1.76425815353876e-23
982000123210532	147.044163857885	-42.4268535560978	0.075	3.36922034643133e-26	3.46119017960065e-08	0.999999965388098
982000167812459	144.712607582876	-40.6856752066965	0.075	0.999998693503678	1.30649632179714e-06	4.29823151490068e-24
982000190531024	144.670497838487	-41.0156290318194	0.075	0.999999658039566	3.41960433665366e-07	2.77647466070844e-25
982000190533426	144.662153392589	-40.9431951592238	0.075	0.999999716796711	2.83203289519255e-07	1.88863308890214e-25
982000363017083	144.672897141491	-41.0207755798545	0.075	0.999999712470101	2.87529899414343e-07	1.94807568010309e-25
982009104904628	144.711897450699	-40.7119543800168	0.075	0.999998883610308	1.11638969211552e-06	3.11680637985725e-24
982009105176769	144.739034589901	-40.7257845998072	0.075	0.999999795051479	2.04948520996366e-07	9.75170557401929e-26
982000123124145	145.600827868885	-41.209890374504	0.075	1.5846921249376e-05	0.99998368568076	4.67397990262688e-07
982000363000115	146.123431723949	-41.413897724795	0.075	5.88350914896848e-11	0.845429338888395	0.15457066105277
982009106524884	145.593706788755	-41.4981103615058	0.075	2.7833414906466e-05	0.999971906972205	2.59612888740421e-07
982000402222013	147.50492406711	-41.8495916488836	0.075	8.08408180983241e-29	1.58915709218783e-09	0.999999998410843
900006000157449	145.561397194508	-41.1629254271328	0.075	2.64140463296584e-07	0.999966180253357	3.35556061795468e-05
982000167810946	145.556169591597	-41.1703002754931	0.075	0.00760098782232751	0.992399011445819	7.31853706448326e-10
982000362833164	146.123431723949	-41.413897724795	0.075	2.66392064463402e-10	0.958688439401983	0.0413115603316249
982000190692388	144.671758834805	-41.0186539103983	0.075	0.999332804761907	0.000667195238093261	1.47453228865846e-18
982009104240949	144.738310702023	-40.7202397350695	0.075	0.999999912667404	8.73325957032893e-08	1.70567306820592e-26
982000190700971	145.744961324918	-41.032495552653	0.075	0.999999191584002	8.08415998255306e-07	1.61138692089665e-24
982000123211387	144.744408825558	-40.7377348018703	0.075	0.999975533755036	2.44662449641489e-05	1.71405872601723e-21
982009106485744	145.640349155006	-41.4332610785358	0.075	1.16584789716593e-05	0.999987697589378	6.43931650096228e-07
982000356577118	144.666795899857	-40.9776518576503	0.075	0.999999216530585	7.83469415457775e-07	1.51139190048812e-24
982009106487845	144.705332089049	-40.6790722823778	0.075	0.999999904401278	9.55987224470086e-08	2.05196419772227e-26
982000365595177	147.153575220732	-41.852832541353	0.075	2.74218080209562e-24	3.27346340030595e-07	0.99999967265366
982009104869179	144.726860839268	-40.6496198856044	0.075	0.99988149100567	0.000118508994330201	4.31009574140449e-20
985720016021422	146.572238323372	-41.1532530279185	0.075	1.29167804878687e-20	2.46002893088844e-05	0.999975399710691
982000402223349	147.477119853116	-41.8623921735268	0.075	2.366611977966e-27	8.9155730972731e-09	0.999999991084427
982000363000469	146.123431723949	-41.413897724795	0.075	5.3623706298859e-13	0.174223522415972	0.825776477583492
982009104971972	145.556140584108	-42.1122046348355	0.075	2.93181028956413e-08	0.999667257746093	0.000332712935803708
982000363017367	144.673018520148	-41.0207059743897	0.075	0.99999750739972	2.49260027952894e-06	1.60947143605849e-23
982000190531831	144.670727257842	-41.0158678570541	0.075	0.9999992292387	7.70761299936942e-07	1.46171029934578e-24
982000190604619	145.782773800614	-41.5198396419581	0.075	2.04162326395439e-13	0.110344111053123	0.889655888946672
982000365491464	147.462066588623	-41.8366760553245	0.075	7.69492854649309e-23	1.79720823916057e-06	0.999998202791761
982000363000083	146.123431723949	-41.413897724795	0.075	2.20992159278398e-10	0.950648601436279	0.0493513983427289
982009106472513	144.720110417714	-40.713062760352	0.075	0.99999998351187	1.64881296430201e-08	5.65109506966727e-28
982000167809367	145.639769882302	-41.1933056570238	0.075	0.000129975488127578	0.999869972561692	5.1950180060012e-08
982009104718328	144.938098768568	-40.971899888354	0.075	0.998705841993224	0.00129415800677625	5.71514027638783e-18
982000123212607	147.770294426714	-42.4298396285708	0.075	9.21779920672077e-23	1.97083877594046e-06	0.999998029161224
982000356574828	144.626370052452	-41.0082701534442	0.075	0.999999803582976	1.96417023785269e-07	8.94003851979642e-26
982000356661579	145.571276441481	-41.1789197910907	0.075	0.000222104551756393	0.999777865758683	2.96895606551258e-08
982009104983636	145.889431698284	-41.3151188312466	0.075	2.09837818637981e-06	0.999994044468346	3.85715346728534e-06
2008_37	148.303419508128	-42.1253150411287	0.075	5.19079758804368e-27	1.33156560957704e-08	0.999999986684344
