id	longitude	latitude	radius	fs.V1	fs.V2	fs.V3	integer	cluster
982000190610318	144.621405144618	-41.0196878662781	0.075	6.3e-05	6.4e-05	0.999873	1	WT
982000190524599	144.621528927598	-41.0076569000386	0.075	9.7e-05	9.6e-05	0.999807	2	WT
982000356425033	144.621632074796	-41.0074338511528	0.075	6.3e-05	6.3e-05	0.999874	3	WT
982000362005481	144.622342011094	-41.0197612495451	0.075	6.3e-05	6.3e-05	0.999875	4	WT
982000356429314	144.623495758005	-41.0078506110996	0.075	6.4e-05	6.4e-05	0.999873	5	WT
982000356582778	144.623518873998	-41.0078691022212	0.075	0.022169	0.000113	0.977718	6	WT
982000362195242	144.626273324653	-41.0099705094485	0.075	6.6e-05	6.6e-05	0.999868	7	WT
982000362816886	144.626273324653	-41.0099705094485	0.075	6.3e-05	6.4e-05	0.999873	8	WT
982000356574385	144.626291082256	-41.0081514335383	0.075	9e-05	9.1e-05	0.99982	9	WT
982000363022734	144.626358170801	-41.008269908638	0.075	6.7e-05	6.7e-05	0.999866	10	WT
982000356574828	144.626370052452	-41.0082701534442	0.075	6.3e-05	6.4e-05	0.999873	11	WT
982000356424645	144.626398016923	-41.0081536368068	0.075	7.7e-05	7.6e-05	0.999847	12	WT
982009105384781	144.634802928403	-40.9383586334268	0.075	0.004136	0.096528	0.899335	13	WT
982009105198959	144.636896791065	-40.9339339955827	0.075	6.4e-05	6.4e-05	0.999872	14	WT
982009104960813	144.653884705404	-40.9365148768743	0.075	6.7e-05	6.7e-05	0.999866	15	WT
982000190533426	144.662153392589	-40.9431951592238	0.075	6.3e-05	6.4e-05	0.999873	16	WT
982000190531185	144.664981316863	-40.9825960865868	0.075	0.000124	0.000124	0.999752	17	WT
982000190701002	144.666110894534	-40.9414559077453	0.075	6.4e-05	6.5e-05	0.999871	18	WT
982000362826612	144.666324095695	-40.9826052766082	0.075	8.2e-05	8.2e-05	0.999836	19	WT
982000363017810	144.666324095695	-40.9826052766082	0.075	7e-05	7.1e-05	0.999859	20	WT
982000362847671	144.666324095695	-40.9826052766082	0.075	6.8e-05	6.9e-05	0.999863	21	WT
982000356577118	144.666795899857	-40.9776518576503	0.075	6.3e-05	6.3e-05	0.999874	22	WT
2009_58	144.667227081443	-40.9778947756132	0.075	6.3e-05	6.4e-05	0.999873	23	WT
982000190602715	144.667381156282	-40.9411393498044	0.075	9.6e-05	9.6e-05	0.999808	24	WT
982000190531960	144.667381156282	-40.9411393498044	0.075	6.4e-05	6.4e-05	0.999872	25	WT
982000190602241	144.667550020184	-40.9967173612779	0.075	8e-05	8.1e-05	0.999838	26	WT
982000191007988	144.667673122813	-40.9891808301848	0.075	6.8e-05	6.8e-05	0.999864	27	WT
982000363022204	144.667922379731	-40.9972833448282	0.075	6.8e-05	6.8e-05	0.999864	28	WT
982000190559566	144.66796063837	-40.982710469144	0.075	6.4e-05	6.4e-05	0.999872	29	WT
982000190609113	144.668242157983	-40.9662869958846	0.075	6.3e-05	0.071693	0.928244	30	WT
982009104967681	144.668438600038	-40.9856745063132	0.075	6.7e-05	0.051424	0.948509	31	WT
982009104874981	144.670248346492	-41.0142729111401	0.075	6.9e-05	7e-05	0.999861	32	WT
982000190531024	144.670497838487	-41.0156290318194	0.075	6.3e-05	6.4e-05	0.999873	33	WT
982000190531831	144.670727257842	-41.0158678570541	0.075	6.5e-05	6.5e-05	0.99987	34	WT
2009_59	144.670796825521	-41.015581034204	0.075	8.3e-05	8.3e-05	0.999834	35	WT
982000190692388	144.671758834805	-41.0186539103983	0.075	0.025689	0.065794	0.908517	36	WT
982000356577177	144.672154513479	-41.0172117525133	0.075	5.1e-05	0.030738	0.969211	37	WT
982000362189732	144.672399740193	-40.9700460034581	0.075	6.8e-05	6.8e-05	0.999865	38	WT
982000363017369	144.672897141491	-41.0207755798545	0.075	6.5e-05	6.5e-05	0.999869	39	WT
982000363017083	144.672897141491	-41.0207755798545	0.075	6.4e-05	6.4e-05	0.999872	40	WT
982000362004834	144.673018520148	-41.0207059743897	0.075	6.6e-05	0.068023	0.931911	41	WT
982000356575075	144.673018520148	-41.0207059743897	0.075	6.3e-05	6.4e-05	0.999873	42	WT
982000363017367	144.673018520148	-41.0207059743897	0.075	6.4e-05	6.4e-05	0.999873	43	WT
982000123216080	144.673620835147	-41.1682269001661	0.075	7e-05	7e-05	0.99986	44	WT
982000362816076	144.677928010764	-40.9682840363793	0.075	9.4e-05	9.3e-05	0.999813	45	WT
982000362826180	144.677968564897	-40.9684830128374	0.075	6.4e-05	6.4e-05	0.999872	46	WT
982000362816257	144.677968564897	-40.9684830128374	0.075	6.4e-05	0.030213	0.969723	47	WT
982000362196705	144.677968564897	-40.9684830128374	0.075	6.3e-05	6.3e-05	0.999874	48	WT
982000191010337	144.67815487407	-40.9709637569965	0.075	0.000111	0.000112	0.999777	49	WT
982000190532435	144.67815487407	-40.9709637569965	0.075	6.3e-05	0.06361	0.936327	50	WT
982000362816117	144.67817505339	-40.9686943401536	0.075	7.3e-05	7.3e-05	0.999853	51	WT
982009104963657	144.686690682484	-41.117897866929	0.075	9.2e-05	9.3e-05	0.999815	52	WT
982009105191683	144.686754934606	-41.1177640519876	0.075	6.9e-05	7e-05	0.999861	53	WT
982009105195191	144.686754934606	-41.1177640519876	0.075	6.4e-05	0.04161	0.958326	54	WT
982000190522625	144.690025711701	-41.0026555696517	0.075	6.5e-05	6.5e-05	0.99987	55	WT
982000190531157	144.690344799212	-41.0033915503698	0.075	6.4e-05	6.5e-05	0.999871	56	WT
982009105155082	144.691256183522	-41.1605747108281	0.075	6.6e-05	6.6e-05	0.999868	57	WT
982009105369379	144.692135096751	-41.2298828163191	0.075	6.4e-05	0.036578	0.963357	58	WT
982009106506857	144.693300908658	-40.7225733364743	0.075	6.4e-05	0.005497	0.994439	59	WT
982000123216936	144.695787756429	-40.7201549545448	0.075	8.9e-05	9e-05	0.999821	60	WT
982009106035984	144.70111282138	-40.6737728807233	0.075	6.5e-05	6.6e-05	0.999869	61	WT
982000167806091	144.704257737245	-40.6896889308576	0.075	7.1e-05	7.1e-05	0.999858	62	WT
982009106037202	144.704809912618	-40.6901502966175	0.075	0.021387	0.091612	0.887001	63	WT
982009106487845	144.705332089049	-40.6790722823778	0.075	6.4e-05	6.4e-05	0.999871	64	WT
982000123133610	144.708034928426	-40.6892776050973	0.075	6.3e-05	6.4e-05	0.999873	65	WT
982000123208107	144.709414794434	-40.7004654529544	0.075	6.5e-05	6.5e-05	0.99987	66	WT
982009104838070	144.709609665668	-40.6826882586663	0.075	6.5e-05	6.4e-05	0.999871	67	WT
982000123209300	144.711448199404	-40.700532824292	0.075	6.3e-05	6.3e-05	0.999874	68	WT
982009104904628	144.711897450699	-40.7119543800168	0.075	6.4e-05	6.4e-05	0.999872	69	WT
982000167812459	144.712607582876	-40.6856752066965	0.075	6.6e-05	6.7e-05	0.999867	70	WT
982000123208556	144.712629103127	-40.700610286015	0.075	6.5e-05	6.5e-05	0.99987	71	WT
982000167812712	144.714229308956	-40.6853110055327	0.075	9.4e-05	9.4e-05	0.999812	72	WT
982009105167006	144.714229308956	-40.6853110055327	0.075	6.4e-05	6.4e-05	0.999872	73	WT
982000123128950	144.714760207716	-40.682240905696	0.075	7.5e-05	7.5e-05	0.99985	74	WT
982009105197247	144.715095872487	-40.6859226719104	0.075	7e-05	7e-05	0.99986	75	WT
982000123129761	144.717049772679	-40.6851866867365	0.075	6.4e-05	0.081862	0.918074	76	WT
982009104352086	144.718947450406	-40.6874851336633	0.075	6.7e-05	6.7e-05	0.999866	77	WT
982009104725457	144.720033909019	-40.7132233855212	0.075	7.8e-05	7.8e-05	0.999844	78	WT
982009106472513	144.720110417714	-40.713062760352	0.075	6.3e-05	6.3e-05	0.999874	79	WT
982009104353938	144.720118404988	-40.7128287202609	0.075	6.8e-05	6.9e-05	0.999862	80	WT
982009104880056	144.721631616721	-40.6673970330195	0.075	6.3e-05	6.3e-05	0.999874	81	WT
982009104824968	144.722719254049	-40.6740211227481	0.075	6.3e-05	6.3e-05	0.999874	82	WT
982009105156729	144.722781478536	-40.6704553139086	0.075	0.00012	0.000121	0.999759	83	WT
982009106657899	144.723508320925	-40.6449148421664	0.075	8.1e-05	8.2e-05	0.999838	84	WT
982000167804179	144.724980219387	-40.6618062699391	0.075	7.6e-05	7.6e-05	0.999848	85	WT
982009105193868	144.724980219387	-40.6618062699391	0.075	6.4e-05	6.4e-05	0.999871	86	WT
982009104333462	144.724980219387	-40.6618062699391	0.075	6.4e-05	0.065275	0.934661	87	WT
982009104272151	144.726860839268	-40.6496198856044	0.075	6.4e-05	6.4e-05	0.999872	88	WT
982009104869179	144.726860839268	-40.6496198856044	0.075	7.7e-05	7.8e-05	0.999845	89	WT
982000356434640	144.727176591061	-40.6507700820501	0.075	8.2e-05	8.2e-05	0.999836	90	WT
982009104921669	144.727228191126	-40.6569143475259	0.075	9.1e-05	9e-05	0.999819	91	WT
982009104239947	144.729699375985	-40.6900571772334	0.075	6.4e-05	6.5e-05	0.999871	92	WT
982009106591600	144.734061195614	-40.6978804834586	0.075	6.4e-05	6.4e-05	0.999872	93	WT
982000123216022	144.736877603808	-40.7118705734424	0.075	0.028181	0.095391	0.876429	94	WT
982009104253951	144.737784724228	-40.7071053092421	0.075	6.4e-05	6.5e-05	0.999871	95	WT
982000123217465	144.737784724228	-40.7071053092421	0.075	6.5e-05	6.6e-05	0.999869	96	WT
982009104357124	144.738028006132	-40.7069119107992	0.075	6.4e-05	6.4e-05	0.999872	97	WT
982009104240949	144.738310702023	-40.7202397350695	0.075	6.3e-05	6.4e-05	0.999872	98	WT
982000167806929	144.738628537741	-40.7188948220048	0.075	6.4e-05	6.5e-05	0.999871	99	WT
982000123128299	144.738628537741	-40.7188948220048	0.075	6.9e-05	6.9e-05	0.999862	100	WT
982000123129659	144.738687657796	-40.6923144367248	0.075	7.5e-05	7.6e-05	0.999849	101	WT
982009105176769	144.739034589901	-40.7257845998072	0.075	6.4e-05	6.5e-05	0.999871	102	WT
982009104332787	144.740282262961	-40.7270520946181	0.075	6.3e-05	6.4e-05	0.999873	103	WT
982000123211387	144.744408825558	-40.7377348018703	0.075	6.5e-05	0.083821	0.916114	104	WT
982009104249916	144.744686020647	-40.7358396167962	0.075	0.00012	0.000121	0.99976	105	WT
982009104903522	144.748044257519	-40.7514253096542	0.075	9.2e-05	0.108076	0.891832	106	WT
982000167783924	144.748347185741	-40.861647173581	0.075	7.6e-05	7.7e-05	0.999847	107	WT
982009106161243	144.748559419603	-40.7477422532201	0.075	0.000108	0.000108	0.999783	108	WT
982000123217456	144.754372351789	-40.6978181647213	0.075	6.4e-05	6.4e-05	0.999872	109	WT
982000123217224	144.754813930968	-40.6980609568749	0.075	7.6e-05	7.7e-05	0.999847	110	WT
982009106166828	144.755891588496	-40.7649725148312	0.075	6.7e-05	6.6e-05	0.999867	111	WT
982009106189878	144.759083113021	-40.7630709086163	0.075	6.4e-05	6.5e-05	0.999871	112	WT
982009106038848	144.762229448836	-40.8020356375155	0.075	6.5e-05	6.6e-05	0.99987	113	WT
982000167814842	144.771404803389	-40.8395494622817	0.075	6.3e-05	0.052525	0.947411	114	WT
982000363000672	144.775396116644	-41.0491826656326	0.075	9.7e-05	9.8e-05	0.999805	115	WT
982009104928327	144.779874696452	-41.0476207495793	0.075	6.4e-05	0.048185	0.951751	116	WT
982009104358496	144.791319324261	-41.0433821767451	0.075	8.8e-05	8.8e-05	0.999823	117	WT
982009104350960	144.800350010612	-41.0401412265154	0.075	6.5e-05	6.5e-05	0.999869	118	WT
982009106189687	144.815218138089	-40.7603825807564	0.075	0.020282	6.6e-05	0.979652	119	WT
982009106212772	144.816443010735	-40.7815826955425	0.075	6.8e-05	0.009248	0.990684	120	WT
982009106031794	144.816443010735	-40.7815826955425	0.075	6.4e-05	6.5e-05	0.999871	121	WT
982009104836488	144.82551967885	-40.7808714218353	0.075	0.034594	6.4e-05	0.965342	122	WT
982000167814074	144.848544787662	-40.759189406907	0.075	7.8e-05	7.8e-05	0.999844	123	WT
982009105163196	144.878014716109	-40.7507275634674	0.075	7.3e-05	0.02879	0.971138	124	WT
982009104801128	144.924906129695	-40.8899740704535	0.075	6.7e-05	6.7e-05	0.999866	125	WT
982009104718328	144.938098768568	-40.971899888354	0.075	6.4e-05	0.227663	0.772273	126	WT
982009104844268	144.949126784689	-40.8359294464031	0.075	6.5e-05	0.200117	0.799818	127	WT
982009104920144	144.962704875613	-41.0164920030955	0.075	6.4e-05	0.179601	0.820335	128	WT
982009106033828	144.968985971334	-40.9916523002737	0.075	6.5e-05	0.162856	0.83708	129	WT
982009104913314	144.969425573862	-40.9955332511134	0.075	6.7e-05	5.4e-05	0.99988	130	WT
900006000211100	144.970087550633	-41.0270258688964	0.075	0.039529	0.128183	0.832289	131	WT
900006000205397	144.985772050435	-40.9482786053474	0.075	6.7e-05	0.245204	0.754729	132	WT
982009104718271	145.008878637057	-41.001229892215	0.075	0.000101	0.247114	0.752785	133	WT
900006000209855	145.019299206752	-40.9712703965078	0.075	8.1e-05	0.114521	0.885398	134	WT
982009105169711	145.100305966591	-41.154701781169	0.075	0.155593	0.445222	0.399185	135	CT
982009104817286	145.143347385615	-41.6150686069228	0.075	0.009674	0.477709	0.512617	136	WT
982009104979740	145.226394314217	-41.3866047782827	0.075	6.4e-05	0.94677	0.053166	137	CT
982000365600636	145.229113306952	-40.9478514460085	0.075	6.4e-05	0.262109	0.737827	138	WT
2010_03	145.374147095564	-40.994829022898	0.075	9.6e-05	0.632313	0.367591	139	CT
2009_53	145.416386162188	-41.8058194875002	0.075	0.049056	0.913818	0.037126	140	CT
9820009105013190	145.430903316656	-40.9818338322278	0.075	6.5e-05	0.591135	0.4088	141	CT
982000123130823	145.497818287941	-41.0893591160956	0.075	0.005729	0.994167	0.000104	142	CT
982009105085351	145.51829782802	-41.3466712114961	0.075	0.028054	0.930017	0.041929	143	CT
982009106386565	145.518628634738	-41.3563312955133	0.075	0.03732	0.952917	0.009763	144	CT
982000123131447	145.519397535891	-41.3540533394878	0.075	0.076722	0.784191	0.139088	145	CT
982000123131721	145.522983289518	-41.1166444553252	0.075	7.8e-05	0.999842	8e-05	146	CT
982009104916952	145.531264919693	-42.1533532198355	0.075	0.160357	0.732037	0.107606	147	CT
982009104852731	145.546786988123	-42.1658082481643	0.075	0.183743	0.682991	0.133265	148	CT
982000167784110	145.550658044484	-41.1710327159745	0.075	0.027894	0.972042	6.5e-05	149	CT
982009106034374	145.555865278751	-41.1700442473137	0.075	0.068129	0.870866	0.061004	150	CT
982009104971972	145.556140584108	-42.1122046348355	0.075	0.233425	0.719515	0.04706	151	CT
982000167810946	145.556169591597	-41.1703002754931	0.075	6.4e-05	0.999872	6.4e-05	152	CT
982000123131214	145.556611481577	-41.2874213193202	0.075	6.5e-05	0.919496	0.080439	153	CT
982009104996424	145.558372151717	-41.1296314600492	0.075	7.5e-05	0.945986	0.053939	154	CT
982000167789265	145.560943336818	-41.1580646592056	0.075	0.043051	0.925909	0.031041	155	CT
900006000170473	145.561397194508	-41.1629254271328	0.075	0.004483	0.986441	0.009076	156	CT
982000167808626	145.561397194508	-41.1629254271328	0.075	8.4e-05	0.825083	0.174834	157	CT
900006000168307	145.561397194508	-41.1629254271328	0.075	6.5e-05	0.99987	6.5e-05	158	CT
900006000157449	145.561397194508	-41.1629254271328	0.075	0.183918	0.816017	6.5e-05	159	CT
982009104885431	145.567640428976	-41.2734714805466	0.075	0.054296	0.830658	0.115046	160	CT
982000123208366	145.569924492563	-41.3645644256656	0.075	0.07024	0.889597	0.040163	161	CT
982000167808918	145.570698826471	-41.1753276052451	0.075	0.046708	0.953228	6.4e-05	162	CT
982000123164727	145.570698826471	-41.1753276052451	0.075	9e-05	0.953179	0.046731	163	CT
982000365112533	145.571276441481	-41.1789197910907	0.075	0.000111	0.966362	0.033527	164	CT
982000363007563	145.571276441481	-41.1789197910907	0.075	6.3e-05	0.999873	6.4e-05	165	CT
982000365112959	145.571276441481	-41.1789197910907	0.075	7.7e-05	0.999845	7.8e-05	166	CT
982000356661579	145.571276441481	-41.1789197910907	0.075	6.5e-05	0.920545	0.07939	167	CT
982009106160691	145.572238481574	-41.4904329603391	0.075	7.8e-05	0.999843	7.9e-05	168	CT
982000123133532	145.584740000244	-41.1787617728684	0.075	6.7e-05	0.999865	6.8e-05	169	CT
982000167788005	145.588095805656	-41.1901525189805	0.075	0.084503	0.541133	0.374364	170	CT
982009106396102	145.588102973128	-41.3687431396379	0.075	0.126419	0.85791	0.015671	171	CT
982000167783022	145.591333231742	-41.1681776178758	0.075	6.4e-05	0.999872	6.4e-05	172	CT
900006000156760	145.591333231742	-41.1681776178758	0.075	6.4e-05	0.999873	6.4e-05	173	CT
982000167812952	145.591459634987	-41.1906531017007	0.075	6.7e-05	0.999865	6.8e-05	174	CT
982000167809187	145.591459634987	-41.1906531017007	0.075	7e-05	0.999859	7.1e-05	175	CT
982009105959891	145.591459634987	-41.1906531017007	0.075	0.108624	0.891255	0.000122	176	CT
982000167810497	145.59187733321	-41.2106639992289	0.075	7.6e-05	0.999847	7.7e-05	177	CT
982000123171145	145.592240354351	-41.20485856931	0.075	6.4e-05	0.993546	0.00639	178	CT
982000123207960	145.592719273408	-41.1780488784198	0.075	7.5e-05	0.999851	7.4e-05	179	CT
982000167810705	145.593484852748	-41.2141335364597	0.075	0.214374	0.71123	0.074396	180	CT
982009106524884	145.593706788755	-41.4981103615058	0.075	6.5e-05	0.999872	6.4e-05	181	CT
982000167811343	145.595524347165	-41.1923961747313	0.075	6.6e-05	0.926293	0.07364	182	CT
982000167812764	145.595524347165	-41.1923961747313	0.075	9.1e-05	0.999816	9.3e-05	183	CT
982009106312047	145.59590360011	-41.1986430450776	0.075	6.4e-05	0.999872	6.4e-05	184	CT
982000123124145	145.600827868885	-41.209890374504	0.075	6.5e-05	0.999871	6.4e-05	185	CT
900006000170097	145.602947636944	-41.1758404530028	0.075	8.1e-05	0.999839	8.1e-05	186	CT
982000167813531	145.603395647716	-41.1923477913088	0.075	7.3e-05	0.999854	7.3e-05	187	CT
982009105846618	145.603448023243	-41.2582835367649	0.075	6.6e-05	0.975756	0.024177	188	CT
982009106145188	145.607738995537	-41.1629455323545	0.075	0.00012	0.999759	0.000121	189	CT
982000167811172	145.610086932764	-41.2052375196958	0.075	7.7e-05	0.999861	6.2e-05	190	CT
982009106144495	145.610086932764	-41.2052375196958	0.075	6.7e-05	0.999865	6.8e-05	191	CT
982000167783107	145.611896129652	-41.1941259871756	0.075	6.4e-05	0.999873	6.4e-05	192	CT
982009104996675	145.612052897635	-41.0815861439997	0.075	0.033758	0.886439	0.079803	193	CT
982009104986261	145.612065367691	-41.0815592709935	0.075	7.5e-05	0.910083	0.089842	194	CT
982009104825424	145.615041072546	-42.1729569485696	0.075	0.245422	0.723242	0.031336	195	CT
982009104988051	145.615056560096	-42.2371254805551	0.075	0.196066	0.71281	0.091124	196	CT
982000123170845	145.615111535715	-41.1603771749833	0.075	6.8e-05	0.999864	6.8e-05	197	CT
982009104902045	145.615525682531	-42.2866010994112	0.075	0.265897	0.641407	0.092696	198	CT
982009104905427	145.61757280635	-42.2278976276476	0.075	0.228854	0.695827	0.075319	199	CT
982009104815653	145.618208156023	-42.2104335209235	0.075	0.213185	0.675355	0.111461	200	CT
982000123170704	145.618608355602	-41.1737774758314	0.075	6.4e-05	0.999873	6.4e-05	201	CT
982009104934216	145.619485423809	-41.2528743226113	0.075	6.8e-05	0.999848	8.5e-05	202	CT
982009104977399	145.61959604392	-42.1878629501803	0.075	0.19457	0.750803	0.054627	203	CT
982000167808109	145.625761586363	-41.2062543617883	0.075	9.7e-05	0.999806	9.7e-05	204	CT
982000123170373	145.625761586363	-41.2062543617883	0.075	7.8e-05	0.999845	7.8e-05	205	CT
982000167813000	145.630908297753	-41.1985241197885	0.075	6.4e-05	0.999871	6.4e-05	206	CT
982000123208382	145.630908485443	-41.1985151144378	0.075	0.067813	0.932122	6.5e-05	207	CT
982000167789688	145.636633436045	-41.5876982631111	0.075	0.075911	0.895678	0.028411	208	CT
900006000168556	145.639668221772	-41.1999430495345	0.075	6.5e-05	0.971346	0.02859	209	CT
900006000169837	145.639769882302	-41.1933056570238	0.075	7e-05	0.900888	0.099042	210	CT
982000167809367	145.639769882302	-41.1933056570238	0.075	8e-05	0.99984	8e-05	211	CT
982009106485744	145.640349155006	-41.4332610785358	0.075	0.122399	0.806123	0.071478	212	CT
982009104925541	145.649091193525	-42.1203796456626	0.075	0.218468	0.770804	0.010728	213	CT
982009106088360	145.681667826721	-41.0078369175642	0.075	6.3e-05	0.938669	0.061268	214	CT
982009106657099	145.687596154931	-41.0518359163234	0.075	0.000104	0.999793	0.000104	215	CT
982009104858923	145.689344167308	-42.0878206044456	0.075	0.19362	0.739104	0.067276	216	CT
982009106581448	145.701882129858	-41.0145520576736	0.075	6.9e-05	0.999863	6.8e-05	217	CT
982000190700971	145.744961324918	-41.032495552653	0.075	6.5e-05	6.6e-05	0.999869	218	WT
982009106036729	145.761408048981	-41.374927671562	0.075	0.097529	0.902402	6.9e-05	219	CT
982000365112734	145.782773800614	-41.5198396419581	0.075	0.188911	0.73851	0.072579	220	CT
982000190524444	145.782773800614	-41.5198396419581	0.075	0.000117	0.999765	0.000119	221	CT
982000167782021	145.782773800614	-41.5198396419581	0.075	0.167098	0.795477	0.037425	222	CT
982000190699729	145.782773800614	-41.5198396419581	0.075	0.043128	0.956806	6.6e-05	223	CT
982000191010948	145.782773800614	-41.5198396419581	0.075	0.065737	0.934192	7.1e-05	224	CT
982009104821267	145.782773800614	-41.5198396419581	0.075	0.048608	0.870677	0.080716	225	CT
982000167812478	145.782773800614	-41.5198396419581	0.075	0.056617	0.943319	6.4e-05	226	CT
982000167786487	145.782773800614	-41.5198396419581	0.075	0.319391	0.633876	0.046734	227	CT
982000167813195	145.782773800614	-41.5198396419581	0.075	0.408768	0.591161	7.1e-05	228	CT
982000190604619	145.782773800614	-41.5198396419581	0.075	0.549016	0.45092	6.4e-05	229	ET
982009106093789	145.798186389585	-41.5301888686103	0.075	0.192976	0.790432	0.016593	230	CT
982009105850902	145.814714641464	-41.5302613520809	0.075	0.042926	0.956988	8.6e-05	231	CT
982000123130481	145.821190984874	-41.5393080723238	0.075	0.114303	0.814977	0.070721	232	CT
982009106158828	145.826774723011	-41.1051592328559	0.075	0.004333	0.977186	0.018481	233	CT
982009106209323	145.847416087663	-41.3136158336145	0.075	0.046217	0.945548	0.008236	234	CT
982009104869136	145.860962933674	-41.2669834987867	0.075	0.120411	0.879508	8e-05	235	CT
982009104985315	145.86790854241	-41.2533064176158	0.075	0.05956	0.940374	6.6e-05	236	CT
982009104958773	145.883407161053	-41.3104036507535	0.075	0.299387	0.700549	6.4e-05	237	CT
982009104983636	145.889431698284	-41.3151188312466	0.075	0.184433	0.722076	0.093491	238	CT
982009104848590	145.891897225205	-41.3070988699333	0.075	0.159579	0.84034	8.1e-05	239	CT
982009106392365	145.906629414484	-41.1837810982139	0.075	0.000103	0.895186	0.104711	240	CT
982000191015333	146.097346039564	-41.4252165346613	0.075	0.410397	0.589526	7.6e-05	241	CT
982000123210441	146.110878822985	-41.4578386671538	0.075	0.337875	0.662068	5.7e-05	242	CT
982000363000707	146.123431723949	-41.413897724795	0.075	0.474802	0.497087	0.028111	243	CT
982000362834024	146.123431723949	-41.413897724795	0.075	0.469495	0.530441	6.4e-05	244	CT
982000356707998	146.123431723949	-41.413897724795	0.075	0.370296	0.629625	8e-05	245	CT
982009104866220	146.123431723949	-41.413897724795	0.075	0.463751	0.536154	9.6e-05	246	CT
982000356582995	146.123431723949	-41.413897724795	0.075	0.48589	0.514031	7.9e-05	247	CT
982000363000337	146.123431723949	-41.413897724795	0.075	0.45076	0.549126	0.000114	248	CT
982000356487133	146.123431723949	-41.413897724795	0.075	0.442003	0.557933	6.3e-05	249	CT
982000356574467	146.123431723949	-41.413897724795	0.075	0.449121	0.550816	6.3e-05	250	CT
982000363000115	146.123431723949	-41.413897724795	0.075	0.415343	0.584593	6.4e-05	251	CT
982000362833164	146.123431723949	-41.413897724795	0.075	0.428189	0.571743	6.8e-05	252	CT
982000363000469	146.123431723949	-41.413897724795	0.075	0.489902	0.510034	6.4e-05	253	CT
982000363000083	146.123431723949	-41.413897724795	0.075	0.425034	0.568163	0.006803	254	CT
982000190529626	146.129727013558	-41.4066134413757	0.075	0.471894	0.527996	0.00011	255	CT
982000123209763	146.141202528415	-41.4500524737555	0.075	0.303147	0.696781	7.1e-05	256	CT
982000191009430	146.142032981756	-41.426089914758	0.075	0.399638	0.600243	0.000119	257	CT
982000191016262	146.192884633268	-41.3331399146474	0.075	0.443978	0.555958	6.4e-05	258	CT
982000190610099	146.193421463579	-41.3312791044622	0.075	0.495871	0.504061	6.7e-05	259	CT
982000123133126	146.218702669759	-41.297728909906	0.075	0.315536	0.6844	6.4e-05	260	CT
2010_23	146.298346077861	-41.3612413185091	0.075	0.176139	0.82374	0.000121	261	CT
982009104798639	146.332548313006	-41.5577529427987	0.075	0.755903	0.243983	0.000113	262	ET
982009104898137	146.37030679505	-41.5643610968661	0.075	0.701357	0.298579	6.4e-05	263	ET
982009101656873	146.569332906866	-41.1583226914908	0.075	0.801515	0.185421	0.013064	264	ET
982009105177608	146.569476237042	-41.1600977944013	0.075	0.895239	0.104698	6.3e-05	265	ET
982009106499966	146.572138933363	-41.161206686053	0.075	0.908164	0.091739	9.6e-05	266	ET
985720016021422	146.572238323372	-41.1532530279185	0.075	0.83515	0.164787	6.3e-05	267	ET
982009106489243	146.575645858701	-41.1534097589301	0.075	0.777666	0.222262	7.2e-05	268	ET
982009105185249	146.577030343003	-41.1530995721876	0.075	0.829368	0.170569	6.3e-05	269	ET
982009106498101	146.578712582155	-41.1528174820386	0.075	0.897319	0.102617	6.4e-05	270	ET
982009106455266	146.591647648429	-41.152152433801	0.075	0.922875	0.077061	6.3e-05	271	ET
982009105184694	146.602787608274	-41.150705070928	0.075	0.810537	0.1894	6.4e-05	272	ET
982009105186387	146.602787608274	-41.150705070928	0.075	0.816378	0.183533	9e-05	273	ET
982009106651557	146.606513911626	-41.1533481877143	0.075	0.854629	0.145306	6.5e-05	274	ET
982009101579989	146.608911190815	-41.1490415325091	0.075	0.889767	0.110169	6.4e-05	275	ET
982009106544857	146.608911190815	-41.1490415325091	0.075	0.740813	0.259135	5.2e-05	276	ET
982009105169750	146.609678224779	-41.1663934715286	0.075	0.853756	0.146176	6.8e-05	277	ET
982009101486420	146.617387061936	-41.1485745581445	0.075	0.888822	0.111107	7.1e-05	278	ET
982009106541019	146.624014725345	-41.137840843471	0.075	0.851191	0.148746	6.3e-05	279	ET
980009105183052	146.6442009805	-41.1396975501535	0.075	0.910658	0.089274	6.9e-05	280	ET
982009105185506	146.6442009805	-41.1396975501535	0.075	0.842333	0.157604	6.3e-05	281	ET
982009105192235	146.659474350221	-41.1539763304112	0.075	0.827785	0.172151	6.4e-05	282	ET
982009105183938	146.9019085964	-43.5773729384302	0.075	0.496382	0.43768	0.065938	283	ET
982000123210532	147.044163857885	-42.4268535560978	0.075	0.999875	6.3e-05	6.3e-05	284	ET
982009104924902	147.064901418752	-42.5082212787464	0.075	0.999809	9.5e-05	9.5e-05	285	ET
2010_27	147.066287057662	-41.0100065441481	0.075	0.999875	6.3e-05	6.2e-05	286	ET
982000402222190	147.138500196869	-41.8061777813867	0.075	0.999855	7.2e-05	7.2e-05	287	ET
982000365609817	147.146857881783	-41.8286307388451	0.075	0.999841	8e-05	7.9e-05	288	ET
982000402728093	147.146857881783	-41.8286307388451	0.075	0.999874	6.3e-05	6.3e-05	289	ET
982000365119263	147.148266367864	-41.8284217699707	0.075	0.999814	9.3e-05	9.3e-05	290	ET
982000365595177	147.153575220732	-41.852832541353	0.075	0.999872	6.4e-05	6.4e-05	291	ET
982000365118964	147.154136346535	-41.8507151688046	0.075	0.999873	6.4e-05	6.3e-05	292	ET
982000402224853	147.154504046679	-41.8483278460189	0.075	0.999874	6.3e-05	6.3e-05	293	ET
982000365600594	147.159354497309	-41.8320907574515	0.075	0.999875	6.3e-05	6.3e-05	294	ET
982000402221377	147.16444439494	-41.8351009034519	0.075	0.999871	6.5e-05	6.5e-05	295	ET
982000365112567	147.168421249082	-41.8452189136288	0.075	0.999838	8.1e-05	8.1e-05	296	ET
982000365112615	147.169746994926	-41.8454961761219	0.075	0.906727	8.4e-05	0.093189	297	ET
982000365594379	147.17425355536	-41.8460478558035	0.075	0.999857	7.1e-05	7.1e-05	298	ET
982000365112005	147.178776551364	-41.8481485203349	0.075	0.999805	9.8e-05	9.7e-05	299	ET
982000365594432	147.185747332527	-41.8509566183197	0.075	0.999858	7.1e-05	7.1e-05	300	ET
2009_52	147.238627340125	-41.648308323689	0.075	0.999874	6.3e-05	6.3e-05	301	ET
982000356424795	147.395186878209	-42.3218907255601	0.075	0.999868	6.6e-05	6.6e-05	302	ET
982000356433548	147.408674037549	-42.3318852875693	0.075	0.99986	7e-05	7e-05	303	ET
982000365491464	147.462066588623	-41.8366760553245	0.075	0.999833	8.4e-05	8.4e-05	304	ET
982000402221850	147.46324588813	-41.8532349553512	0.075	0.999862	6.9e-05	6.9e-05	305	ET
982000402221736	147.471231629334	-41.8628848400907	0.075	0.99978	0.00011	0.00011	306	ET
982000402223349	147.477119853116	-41.8623921735268	0.075	0.999874	6.3e-05	6.3e-05	307	ET
982000402226562	147.480155577694	-41.8429877433092	0.075	0.999864	6.8e-05	6.8e-05	308	ET
982000402218673	147.48255917526	-41.8679086576331	0.075	0.999873	6.4e-05	6.4e-05	309	ET
982000402223519	147.491425139	-41.8691320203724	0.075	0.999798	0.000101	0.000101	310	ET
982000402819756	147.502079179329	-41.8524232685708	0.075	0.999866	6.7e-05	6.7e-05	311	ET
982000402218427	147.504556517641	-41.8503408338895	0.075	0.999869	6.5e-05	6.5e-05	312	ET
982000402222013	147.50492406711	-41.8495916488836	0.075	0.999875	6.2e-05	6.2e-05	313	ET
982000402222594	147.508708813218	-41.8544296462411	0.075	0.99987	6.5e-05	6.5e-05	314	ET
982000402727767	147.569739687013	-41.8435150219691	0.075	0.99987	6.5e-05	6.5e-05	315	ET
982009104792052	147.74966854698	-42.863973443046	0.075	0.999863	6.9e-05	6.8e-05	316	ET
982009104823272	147.752677851702	-42.8779028082863	0.075	0.99986	7e-05	7e-05	317	ET
982000123212607	147.770294426714	-42.4298396285708	0.075	0.946339	0.053597	6.3e-05	318	ET
982009104959567	147.772977919546	-42.8787941421613	0.075	0.999874	6.3e-05	6.3e-05	319	ET
982000123207633	147.813936348405	-42.4194334069729	0.075	0.999873	6.4e-05	6.4e-05	320	ET
982009104275372	147.814011182052	-42.8593646248475	0.075	0.999768	0.000116	0.000116	321	ET
982009104717413	147.823810749547	-42.8479209002604	0.075	0.999875	6.2e-05	6.2e-05	322	ET
982000123130249	147.907362838552	-43.0157299076922	0.075	0.999812	9.4e-05	9.4e-05	323	ET
982000167762943	147.908520033896	-42.9093258574332	0.075	0.999867	6.7e-05	6.7e-05	324	ET
982009104350604	148.159207604754	-40.8927218131433	0.075	0.999842	7.9e-05	7.9e-05	325	ET
982009104796742	148.175579746397	-42.0638771108748	0.075	0.999874	6.3e-05	6.3e-05	326	ET
982009106463890	148.182101143391	-41.9690353616998	0.075	0.999853	7.4e-05	7.3e-05	327	ET
982000365120743	148.187868077754	-41.9344988166433	0.075	0.999874	6.3e-05	6.3e-05	328	ET
982000363002562	148.190408653194	-41.9433349497874	0.075	0.999824	8.8e-05	8.8e-05	329	ET
982000363022030	148.193601901635	-41.9916217127854	0.075	0.999874	6.3e-05	6.3e-05	330	ET
982000362833527	148.196891098583	-41.9828872043441	0.075	0.999873	6.3e-05	6.3e-05	331	ET
982009106188448	148.207432829742	-40.9087208018573	0.075	0.999875	6.3e-05	6.3e-05	332	ET
982009104842428	148.215039984374	-41.9787516887909	0.075	0.999875	6.3e-05	6.3e-05	333	ET
982009104969331	148.216551776049	-41.9770064311534	0.075	0.999865	6.8e-05	6.7e-05	334	ET
982009105158734	148.218918396705	-41.9795841983122	0.075	0.999874	6.3e-05	6.3e-05	335	ET
982000365601037	148.260671045724	-42.1091671928689	0.075	0.999871	6.4e-05	6.4e-05	336	ET
982000190700189	148.270415727743	-41.9135754669194	0.075	0.999782	0.000109	0.000109	337	ET
982009104332416	148.27074490889	-42.0090946546865	0.075	0.999782	0.000109	0.000109	338	ET
982009105825511	148.280704185906	-42.1465823867011	0.075	0.999874	6.3e-05	6.3e-05	339	ET
982000402220935	148.297192234381	-42.1219182199998	0.075	0.955645	0.044291	6.4e-05	340	ET
982000365601223	148.299211222225	-42.0798000654807	0.075	0.999874	6.3e-05	6.3e-05	341	ET
982009105851410	148.302263615179	-42.0623472522971	0.075	0.999861	6.9e-05	7e-05	342	ET
985120016069138	148.302606232565	-42.0743758041636	0.075	0.999783	0.000109	0.000109	343	ET
2008_37	148.303419508128	-42.1253150411287	0.075	0.999869	6.6e-05	6.5e-05	344	ET
982000402221898	148.313510903838	-42.1265598873043	0.075	0.999871	6.4e-05	6.4e-05	345	ET
