146.822427 -43.681932
146.052286 -43.588020
146.595915 -43.588020
146.686520 -43.588020
146.777125 -43.588020
146.867730 -43.588020
146.958335 -43.588020
146.006983 -43.494108
146.097588 -43.494108
146.188193 -43.494108
146.278798 -43.494108
146.369403 -43.494108
146.460008 -43.494108
146.550613 -43.494108
146.641218 -43.494108
146.731822 -43.494108
146.822427 -43.494108
146.913032 -43.494108
147.003637 -43.494108
147.094242 -43.494108
147.184847 -43.494108
147.275452 -43.494108
147.366057 -43.494108
145.871076 -43.400196
145.961681 -43.400196
146.052286 -43.400196
146.142891 -43.400196
146.233496 -43.400196
146.324100 -43.400196
146.414705 -43.400196
146.505310 -43.400196
146.595915 -43.400196
146.686520 -43.400196
146.777125 -43.400196
146.867730 -43.400196
146.958335 -43.400196
147.048940 -43.400196
147.139544 -43.400196
147.230149 -43.400196
147.320754 -43.400196
145.825774 -43.306284
145.916378 -43.306284
146.006983 -43.306284
146.097588 -43.306284
146.188193 -43.306284
146.278798 -43.306284
146.369403 -43.306284
146.460008 -43.306284
146.550613 -43.306284
146.641218 -43.306284
146.731822 -43.306284
146.822427 -43.306284
146.913032 -43.306284
147.003637 -43.306284
147.094242 -43.306284
147.184847 -43.306284
147.275452 -43.306284
147.366057 -43.306284
145.780471 -43.212372
145.871076 -43.212372
145.961681 -43.212372
146.052286 -43.212372
146.142891 -43.212372
146.233496 -43.212372
146.324100 -43.212372
146.414705 -43.212372
146.505310 -43.212372
146.595915 -43.212372
146.686520 -43.212372
146.777125 -43.212372
146.867730 -43.212372
146.958335 -43.212372
147.048940 -43.212372
147.139544 -43.212372
147.230149 -43.212372
147.320754 -43.212372
147.411359 -43.212372
147.683174 -43.212372
147.773779 -43.212372
147.864384 -43.212372
147.954989 -43.212372
145.644564 -43.118459
145.735169 -43.118459
145.825774 -43.118459
145.916378 -43.118459
146.006983 -43.118459
146.097588 -43.118459
146.188193 -43.118459
146.278798 -43.118459
146.369403 -43.118459
146.460008 -43.118459
146.550613 -43.118459
146.641218 -43.118459
146.731822 -43.118459
146.822427 -43.118459
146.913032 -43.118459
147.003637 -43.118459
147.094242 -43.118459
147.184847 -43.118459
147.275452 -43.118459
147.366057 -43.118459
147.728476 -43.118459
147.819081 -43.118459
147.909686 -43.118459
148.000291 -43.118459
145.599261 -43.024547
145.689866 -43.024547
145.780471 -43.024547
145.871076 -43.024547
145.961681 -43.024547
146.052286 -43.024547
146.142891 -43.024547
146.233496 -43.024547
146.324100 -43.024547
146.414705 -43.024547
146.505310 -43.024547
146.595915 -43.024547
146.686520 -43.024547
146.777125 -43.024547
146.867730 -43.024547
146.958335 -43.024547
147.048940 -43.024547
147.139544 -43.024547
147.230149 -43.024547
147.320754 -43.024547
147.411359 -43.024547
147.501964 -43.024547
147.592569 -43.024547
147.683174 -43.024547
147.773779 -43.024547
147.864384 -43.024547
147.954989 -43.024547
145.463354 -42.930635
145.553959 -42.930635
145.644564 -42.930635
145.735169 -42.930635
145.825774 -42.930635
145.916378 -42.930635
146.006983 -42.930635
146.097588 -42.930635
146.188193 -42.930635
146.278798 -42.930635
146.369403 -42.930635
146.460008 -42.930635
146.550613 -42.930635
146.641218 -42.930635
146.731822 -42.930635
146.822427 -42.930635
146.913032 -42.930635
147.003637 -42.930635
147.094242 -42.930635
147.184847 -42.930635
147.275452 -42.930635
147.366057 -42.930635
147.456662 -42.930635
147.547267 -42.930635
147.637871 -42.930635
147.728476 -42.930635
147.819081 -42.930635
147.909686 -42.930635
148.000291 -42.930635
145.418051 -42.836723
145.508656 -42.836723
145.599261 -42.836723
145.689866 -42.836723
145.780471 -42.836723
145.871076 -42.836723
145.961681 -42.836723
146.052286 -42.836723
146.142891 -42.836723
146.233496 -42.836723
146.324100 -42.836723
146.414705 -42.836723
146.505310 -42.836723
146.595915 -42.836723
146.686520 -42.836723
146.777125 -42.836723
146.867730 -42.836723
146.958335 -42.836723
147.048940 -42.836723
147.139544 -42.836723
147.230149 -42.836723
147.320754 -42.836723
147.411359 -42.836723
147.501964 -42.836723
147.592569 -42.836723
147.683174 -42.836723
147.773779 -42.836723
147.864384 -42.836723
147.954989 -42.836723
145.372749 -42.742811
145.463354 -42.742811
145.553959 -42.742811
145.644564 -42.742811
145.735169 -42.742811
145.825774 -42.742811
145.916378 -42.742811
146.006983 -42.742811
146.097588 -42.742811
146.188193 -42.742811
146.278798 -42.742811
146.369403 -42.742811
146.460008 -42.742811
146.550613 -42.742811
146.641218 -42.742811
146.731822 -42.742811
146.822427 -42.742811
146.913032 -42.742811
147.003637 -42.742811
147.094242 -42.742811
147.184847 -42.742811
147.275452 -42.742811
147.366057 -42.742811
147.456662 -42.742811
147.547267 -42.742811
147.637871 -42.742811
147.728476 -42.742811
147.819081 -42.742811
147.909686 -42.742811
145.236842 -42.648899
145.327447 -42.648899
145.418051 -42.648899
145.508656 -42.648899
145.599261 -42.648899
145.689866 -42.648899
145.780471 -42.648899
145.871076 -42.648899
145.961681 -42.648899
146.052286 -42.648899
146.142891 -42.648899
146.233496 -42.648899
146.324100 -42.648899
146.414705 -42.648899
146.505310 -42.648899
146.595915 -42.648899
146.686520 -42.648899
146.777125 -42.648899
146.867730 -42.648899
146.958335 -42.648899
147.048940 -42.648899
147.139544 -42.648899
147.230149 -42.648899
147.320754 -42.648899
147.411359 -42.648899
147.501964 -42.648899
147.592569 -42.648899
147.683174 -42.648899
147.773779 -42.648899
147.864384 -42.648899
147.954989 -42.648899
145.282144 -42.554987
145.372749 -42.554987
145.463354 -42.554987
145.553959 -42.554987
145.644564 -42.554987
145.735169 -42.554987
145.825774 -42.554987
145.916378 -42.554987
146.006983 -42.554987
146.097588 -42.554987
146.188193 -42.554987
146.278798 -42.554987
146.369403 -42.554987
146.460008 -42.554987
146.550613 -42.554987
146.641218 -42.554987
146.731822 -42.554987
146.822427 -42.554987
146.913032 -42.554987
147.003637 -42.554987
147.094242 -42.554987
147.184847 -42.554987
147.275452 -42.554987
147.366057 -42.554987
147.456662 -42.554987
147.547267 -42.554987
147.637871 -42.554987
147.728476 -42.554987
147.819081 -42.554987
147.909686 -42.554987
145.236842 -42.461075
145.327447 -42.461075
145.418051 -42.461075
145.508656 -42.461075
145.599261 -42.461075
145.689866 -42.461075
145.780471 -42.461075
145.871076 -42.461075
145.961681 -42.461075
146.052286 -42.461075
146.142891 -42.461075
146.233496 -42.461075
146.324100 -42.461075
146.414705 -42.461075
146.505310 -42.461075
146.595915 -42.461075
146.686520 -42.461075
146.777125 -42.461075
146.867730 -42.461075
146.958335 -42.461075
147.048940 -42.461075
147.139544 -42.461075
147.230149 -42.461075
147.320754 -42.461075
147.411359 -42.461075
147.501964 -42.461075
147.592569 -42.461075
147.683174 -42.461075
147.773779 -42.461075
147.864384 -42.461075
147.954989 -42.461075
145.191539 -42.367163
145.282144 -42.367163
145.372749 -42.367163
145.463354 -42.367163
145.553959 -42.367163
145.644564 -42.367163
145.735169 -42.367163
145.825774 -42.367163
145.916378 -42.367163
146.006983 -42.367163
146.097588 -42.367163
146.188193 -42.367163
146.278798 -42.367163
146.369403 -42.367163
146.460008 -42.367163
146.550613 -42.367163
146.641218 -42.367163
146.731822 -42.367163
146.822427 -42.367163
146.913032 -42.367163
147.003637 -42.367163
147.094242 -42.367163
147.184847 -42.367163
147.275452 -42.367163
147.366057 -42.367163
147.456662 -42.367163
147.547267 -42.367163
147.637871 -42.367163
147.728476 -42.367163
147.819081 -42.367163
147.909686 -42.367163
148.000291 -42.367163
148.272106 -42.367163
145.146237 -42.273251
145.236842 -42.273251
145.327447 -42.273251
145.418051 -42.273251
145.508656 -42.273251
145.599261 -42.273251
145.689866 -42.273251
145.780471 -42.273251
145.871076 -42.273251
145.961681 -42.273251
146.052286 -42.273251
146.142891 -42.273251
146.233496 -42.273251
146.324100 -42.273251
146.414705 -42.273251
146.505310 -42.273251
146.595915 -42.273251
146.686520 -42.273251
146.777125 -42.273251
146.867730 -42.273251
146.958335 -42.273251
147.048940 -42.273251
147.139544 -42.273251
147.230149 -42.273251
147.320754 -42.273251
147.411359 -42.273251
147.501964 -42.273251
147.592569 -42.273251
147.683174 -42.273251
147.773779 -42.273251
147.864384 -42.273251
147.954989 -42.273251
148.226803 -42.273251
148.317408 -42.273251
145.191539 -42.179339
145.282144 -42.179339
145.372749 -42.179339
145.463354 -42.179339
145.553959 -42.179339
145.644564 -42.179339
145.735169 -42.179339
145.825774 -42.179339
145.916378 -42.179339
146.006983 -42.179339
146.097588 -42.179339
146.188193 -42.179339
146.278798 -42.179339
146.369403 -42.179339
146.460008 -42.179339
146.550613 -42.179339
146.641218 -42.179339
146.731822 -42.179339
146.822427 -42.179339
146.913032 -42.179339
147.003637 -42.179339
147.094242 -42.179339
147.184847 -42.179339
147.275452 -42.179339
147.366057 -42.179339
147.456662 -42.179339
147.547267 -42.179339
147.637871 -42.179339
147.728476 -42.179339
147.819081 -42.179339
147.909686 -42.179339
148.000291 -42.179339
148.090896 -42.179339
148.272106 -42.179339
148.362711 -42.179339
145.236842 -42.085426
145.327447 -42.085426
145.418051 -42.085426
145.508656 -42.085426
145.599261 -42.085426
145.689866 -42.085426
145.780471 -42.085426
145.871076 -42.085426
145.961681 -42.085426
146.052286 -42.085426
146.142891 -42.085426
146.233496 -42.085426
146.324100 -42.085426
146.414705 -42.085426
146.505310 -42.085426
146.595915 -42.085426
146.686520 -42.085426
146.777125 -42.085426
146.867730 -42.085426
146.958335 -42.085426
147.048940 -42.085426
147.139544 -42.085426
147.230149 -42.085426
147.320754 -42.085426
147.411359 -42.085426
147.501964 -42.085426
147.592569 -42.085426
147.683174 -42.085426
147.773779 -42.085426
147.864384 -42.085426
147.954989 -42.085426
148.045593 -42.085426
148.136198 -42.085426
148.226803 -42.085426
148.317408 -42.085426
145.191539 -41.991514
145.282144 -41.991514
145.372749 -41.991514
145.463354 -41.991514
145.553959 -41.991514
145.644564 -41.991514
145.735169 -41.991514
145.825774 -41.991514
145.916378 -41.991514
146.006983 -41.991514
146.097588 -41.991514
146.188193 -41.991514
146.278798 -41.991514
146.369403 -41.991514
146.460008 -41.991514
146.550613 -41.991514
146.641218 -41.991514
146.731822 -41.991514
146.822427 -41.991514
146.913032 -41.991514
147.003637 -41.991514
147.094242 -41.991514
147.184847 -41.991514
147.275452 -41.991514
147.366057 -41.991514
147.456662 -41.991514
147.547267 -41.991514
147.637871 -41.991514
147.728476 -41.991514
147.819081 -41.991514
147.909686 -41.991514
148.000291 -41.991514
148.090896 -41.991514
148.181501 -41.991514
148.272106 -41.991514
145.055632 -41.897602
145.146237 -41.897602
145.236842 -41.897602
145.327447 -41.897602
145.418051 -41.897602
145.508656 -41.897602
145.599261 -41.897602
145.689866 -41.897602
145.780471 -41.897602
145.871076 -41.897602
145.961681 -41.897602
146.052286 -41.897602
146.142891 -41.897602
146.233496 -41.897602
146.324100 -41.897602
146.414705 -41.897602
146.505310 -41.897602
146.595915 -41.897602
146.686520 -41.897602
146.777125 -41.897602
146.867730 -41.897602
146.958335 -41.897602
147.048940 -41.897602
147.139544 -41.897602
147.230149 -41.897602
147.320754 -41.897602
147.411359 -41.897602
147.501964 -41.897602
147.592569 -41.897602
147.683174 -41.897602
147.773779 -41.897602
147.864384 -41.897602
147.954989 -41.897602
148.045593 -41.897602
148.136198 -41.897602
148.226803 -41.897602
148.317408 -41.897602
145.010329 -41.803690
145.100934 -41.803690
145.191539 -41.803690
145.282144 -41.803690
145.372749 -41.803690
145.463354 -41.803690
145.553959 -41.803690
145.644564 -41.803690
145.735169 -41.803690
145.825774 -41.803690
145.916378 -41.803690
146.006983 -41.803690
146.097588 -41.803690
146.188193 -41.803690
146.278798 -41.803690
146.369403 -41.803690
146.460008 -41.803690
146.550613 -41.803690
146.641218 -41.803690
146.731822 -41.803690
146.822427 -41.803690
146.913032 -41.803690
147.003637 -41.803690
147.094242 -41.803690
147.184847 -41.803690
147.275452 -41.803690
147.366057 -41.803690
147.456662 -41.803690
147.547267 -41.803690
147.637871 -41.803690
147.728476 -41.803690
147.819081 -41.803690
147.909686 -41.803690
148.000291 -41.803690
148.090896 -41.803690
148.181501 -41.803690
148.272106 -41.803690
144.874422 -41.709778
144.965027 -41.709778
145.055632 -41.709778
145.146237 -41.709778
145.236842 -41.709778
145.327447 -41.709778
145.418051 -41.709778
145.508656 -41.709778
145.599261 -41.709778
145.689866 -41.709778
145.780471 -41.709778
145.871076 -41.709778
145.961681 -41.709778
146.052286 -41.709778
146.142891 -41.709778
146.233496 -41.709778
146.324100 -41.709778
146.414705 -41.709778
146.505310 -41.709778
146.595915 -41.709778
146.686520 -41.709778
146.777125 -41.709778
146.867730 -41.709778
146.958335 -41.709778
147.048940 -41.709778
147.139544 -41.709778
147.230149 -41.709778
147.320754 -41.709778
147.411359 -41.709778
147.501964 -41.709778
147.592569 -41.709778
147.683174 -41.709778
147.773779 -41.709778
147.864384 -41.709778
147.954989 -41.709778
148.045593 -41.709778
148.136198 -41.709778
148.226803 -41.709778
148.317408 -41.709778
144.919725 -41.615866
145.010329 -41.615866
145.100934 -41.615866
145.191539 -41.615866
145.282144 -41.615866
145.372749 -41.615866
145.463354 -41.615866
145.553959 -41.615866
145.644564 -41.615866
145.735169 -41.615866
145.825774 -41.615866
145.916378 -41.615866
146.006983 -41.615866
146.097588 -41.615866
146.188193 -41.615866
146.278798 -41.615866
146.369403 -41.615866
146.460008 -41.615866
146.550613 -41.615866
146.641218 -41.615866
146.731822 -41.615866
146.822427 -41.615866
146.913032 -41.615866
147.003637 -41.615866
147.094242 -41.615866
147.184847 -41.615866
147.275452 -41.615866
147.366057 -41.615866
147.456662 -41.615866
147.547267 -41.615866
147.637871 -41.615866
147.728476 -41.615866
147.819081 -41.615866
147.909686 -41.615866
148.000291 -41.615866
148.090896 -41.615866
148.181501 -41.615866
148.272106 -41.615866
144.874422 -41.521954
144.965027 -41.521954
145.055632 -41.521954
145.146237 -41.521954
145.236842 -41.521954
145.327447 -41.521954
145.418051 -41.521954
145.508656 -41.521954
145.599261 -41.521954
145.689866 -41.521954
145.780471 -41.521954
145.871076 -41.521954
145.961681 -41.521954
146.052286 -41.521954
146.142891 -41.521954
146.233496 -41.521954
146.324100 -41.521954
146.414705 -41.521954
146.505310 -41.521954
146.595915 -41.521954
146.686520 -41.521954
146.777125 -41.521954
146.867730 -41.521954
146.958335 -41.521954
147.048940 -41.521954
147.139544 -41.521954
147.230149 -41.521954
147.320754 -41.521954
147.411359 -41.521954
147.501964 -41.521954
147.592569 -41.521954
147.683174 -41.521954
147.773779 -41.521954
147.864384 -41.521954
147.954989 -41.521954
148.045593 -41.521954
148.136198 -41.521954
148.226803 -41.521954
144.738515 -41.428042
144.829120 -41.428042
144.919725 -41.428042
145.010329 -41.428042
145.100934 -41.428042
145.191539 -41.428042
145.282144 -41.428042
145.372749 -41.428042
145.463354 -41.428042
145.553959 -41.428042
145.644564 -41.428042
145.735169 -41.428042
145.825774 -41.428042
145.916378 -41.428042
146.006983 -41.428042
146.097588 -41.428042
146.188193 -41.428042
146.278798 -41.428042
146.369403 -41.428042
146.460008 -41.428042
146.550613 -41.428042
146.641218 -41.428042
146.731822 -41.428042
146.822427 -41.428042
146.913032 -41.428042
147.003637 -41.428042
147.094242 -41.428042
147.184847 -41.428042
147.275452 -41.428042
147.366057 -41.428042
147.456662 -41.428042
147.547267 -41.428042
147.637871 -41.428042
147.728476 -41.428042
147.819081 -41.428042
147.909686 -41.428042
148.000291 -41.428042
148.090896 -41.428042
148.181501 -41.428042
148.272106 -41.428042
144.783817 -41.334130
144.874422 -41.334130
144.965027 -41.334130
145.055632 -41.334130
145.146237 -41.334130
145.236842 -41.334130
145.327447 -41.334130
145.418051 -41.334130
145.508656 -41.334130
145.599261 -41.334130
145.689866 -41.334130
145.780471 -41.334130
145.871076 -41.334130
145.961681 -41.334130
146.052286 -41.334130
146.142891 -41.334130
146.233496 -41.334130
146.324100 -41.334130
146.414705 -41.334130
146.505310 -41.334130
146.595915 -41.334130
146.686520 -41.334130
146.777125 -41.334130
146.867730 -41.334130
146.958335 -41.334130
147.048940 -41.334130
147.139544 -41.334130
147.230149 -41.334130
147.320754 -41.334130
147.411359 -41.334130
147.501964 -41.334130
147.592569 -41.334130
147.683174 -41.334130
147.773779 -41.334130
147.864384 -41.334130
147.954989 -41.334130
148.045593 -41.334130
148.136198 -41.334130
148.226803 -41.334130
148.317408 -41.334130
144.647910 -41.240218
144.738515 -41.240218
144.829120 -41.240218
144.919725 -41.240218
145.010329 -41.240218
145.100934 -41.240218
145.191539 -41.240218
145.282144 -41.240218
145.372749 -41.240218
145.463354 -41.240218
145.553959 -41.240218
145.644564 -41.240218
145.735169 -41.240218
145.825774 -41.240218
145.916378 -41.240218
146.006983 -41.240218
146.097588 -41.240218
146.188193 -41.240218
146.278798 -41.240218
146.369403 -41.240218
146.460008 -41.240218
146.550613 -41.240218
146.641218 -41.240218
146.731822 -41.240218
146.822427 -41.240218
146.913032 -41.240218
147.003637 -41.240218
147.094242 -41.240218
147.184847 -41.240218
147.275452 -41.240218
147.366057 -41.240218
147.456662 -41.240218
147.547267 -41.240218
147.637871 -41.240218
147.728476 -41.240218
147.819081 -41.240218
147.909686 -41.240218
148.000291 -41.240218
148.090896 -41.240218
148.181501 -41.240218
148.272106 -41.240218
148.362711 -41.240218
144.693212 -41.146306
144.783817 -41.146306
144.874422 -41.146306
144.965027 -41.146306
145.055632 -41.146306
145.146237 -41.146306
145.236842 -41.146306
145.327447 -41.146306
145.418051 -41.146306
145.508656 -41.146306
145.599261 -41.146306
145.689866 -41.146306
145.780471 -41.146306
145.871076 -41.146306
145.961681 -41.146306
146.052286 -41.146306
146.142891 -41.146306
146.233496 -41.146306
146.324100 -41.146306
146.414705 -41.146306
146.505310 -41.146306
146.595915 -41.146306
146.686520 -41.146306
146.777125 -41.146306
146.867730 -41.146306
146.958335 -41.146306
147.048940 -41.146306
147.139544 -41.146306
147.230149 -41.146306
147.320754 -41.146306
147.411359 -41.146306
147.501964 -41.146306
147.592569 -41.146306
147.683174 -41.146306
147.773779 -41.146306
147.864384 -41.146306
147.954989 -41.146306
148.045593 -41.146306
148.136198 -41.146306
148.226803 -41.146306
148.317408 -41.146306
144.647910 -41.052393
144.738515 -41.052393
144.829120 -41.052393
144.919725 -41.052393
145.010329 -41.052393
145.100934 -41.052393
145.191539 -41.052393
145.282144 -41.052393
145.372749 -41.052393
145.463354 -41.052393
145.553959 -41.052393
145.644564 -41.052393
145.735169 -41.052393
145.825774 -41.052393
145.916378 -41.052393
146.006983 -41.052393
146.641218 -41.052393
146.731822 -41.052393
146.822427 -41.052393
146.913032 -41.052393
147.003637 -41.052393
147.094242 -41.052393
147.184847 -41.052393
147.275452 -41.052393
147.366057 -41.052393
147.456662 -41.052393
147.547267 -41.052393
147.637871 -41.052393
147.728476 -41.052393
147.819081 -41.052393
147.909686 -41.052393
148.000291 -41.052393
148.090896 -41.052393
148.181501 -41.052393
148.272106 -41.052393
144.602607 -40.958481
144.693212 -40.958481
144.783817 -40.958481
144.874422 -40.958481
144.965027 -40.958481
145.055632 -40.958481
145.146237 -40.958481
145.236842 -40.958481
145.327447 -40.958481
145.418051 -40.958481
145.508656 -40.958481
145.599261 -40.958481
145.689866 -40.958481
146.958335 -40.958481
147.048940 -40.958481
147.230149 -40.958481
147.320754 -40.958481
147.411359 -40.958481
147.501964 -40.958481
147.592569 -40.958481
147.683174 -40.958481
147.773779 -40.958481
147.864384 -40.958481
147.954989 -40.958481
148.045593 -40.958481
148.136198 -40.958481
148.226803 -40.958481
148.317408 -40.958481
144.647910 -40.864569
144.738515 -40.864569
144.829120 -40.864569
144.919725 -40.864569
145.010329 -40.864569
145.100934 -40.864569
145.191539 -40.864569
145.282144 -40.864569
145.372749 -40.864569
145.463354 -40.864569
145.553959 -40.864569
147.547267 -40.864569
147.637871 -40.864569
147.728476 -40.864569
147.819081 -40.864569
147.909686 -40.864569
148.000291 -40.864569
148.090896 -40.864569
148.181501 -40.864569
148.272106 -40.864569
144.693212 -40.770657
144.783817 -40.770657
144.874422 -40.770657
144.965027 -40.770657
145.055632 -40.770657
145.146237 -40.770657
145.236842 -40.770657
145.327447 -40.770657
147.592569 -40.770657
147.954989 -40.770657
148.045593 -40.770657
148.136198 -40.770657
144.647910 -40.676745
144.738515 -40.676745
144.919725 -40.676745
145.010329 -40.676745
145.282144 -40.676745
