  1   5
  1   6
  2   8
  2   9
  3  14
  3  15
  3   4
  4  15
  4  16
  4   5
  5  16
  5  17
  5   6
  6  17
  6  18
  6   7
  7  18
  7  19
  8  25
  8  26
  8   9
  9  26
  9  27
  9  10
 10  27
 10  28
 10  11
 11  28
 11  29
 11  12
 12  29
 12  30
 12  13
 13  30
 13  31
 13  14
 14  31
 14  32
 14  15
 15  32
 15  33
 15  16
 16  33
 16  34
 16  17
 17  34
 17  35
 17  18
 18  35
 18  36
 18  19
 19  36
 19  37
 19  20
 20  37
 20  38
 20  21
 21  38
 21  39
 21  22
 22  39
 22  40
 22  23
 23  40
 24  41
 24  42
 24  25
 25  42
 25  43
 25  26
 26  43
 26  44
 26  27
 27  44
 27  45
 27  28
 28  45
 28  46
 28  29
 29  46
 29  47
 29  30
 30  47
 30  48
 30  31
 31  48
 31  49
 31  32
 32  49
 32  50
 32  33
 33  50
 33  51
 33  34
 34  51
 34  52
 34  35
 35  52
 35  53
 35  36
 36  53
 36  54
 36  37
 37  54
 37  55
 37  38
 38  55
 38  56
 38  39
 39  56
 39  57
 39  40
 40  57
 40  58
 41  59
 41  60
 41  42
 42  60
 42  61
 42  43
 43  61
 43  62
 43  44
 44  62
 44  63
 44  45
 45  63
 45  64
 45  46
 46  64
 46  65
 46  47
 47  65
 47  66
 47  48
 48  66
 48  67
 48  49
 49  67
 49  68
 49  50
 50  68
 50  69
 50  51
 51  69
 51  70
 51  52
 52  70
 52  71
 52  53
 53  71
 53  72
 53  54
 54  72
 54  73
 54  55
 55  73
 55  74
 55  56
 56  74
 56  75
 56  57
 57  75
 57  76
 57  58
 58  76
 58  77
 59  83
 59  84
 59  60
 60  84
 60  85
 60  61
 61  85
 61  86
 61  62
 62  86
 62  87
 62  63
 63  87
 63  88
 63  64
 64  88
 64  89
 64  65
 65  89
 65  90
 65  66
 66  90
 66  91
 66  67
 67  91
 67  92
 67  68
 68  92
 68  93
 68  69
 69  93
 69  94
 69  70
 70  94
 70  95
 70  71
 71  95
 71  96
 71  72
 72  96
 72  97
 72  73
 73  97
 73  98
 73  74
 74  98
 74  99
 74  75
 75  99
 75 100
 75  76
 76 100
 76 101
 76  77
 77 101
 78 102
 78  79
 79 102
 79 103
 79  80
 80 103
 80 104
 80  81
 81 104
 81 105
 82 106
 82 107
 82  83
 83 107
 83 108
 83  84
 84 108
 84 109
 84  85
 85 109
 85 110
 85  86
 86 110
 86 111
 86  87
 87 111
 87 112
 87  88
 88 112
 88 113
 88  89
 89 113
 89 114
 89  90
 90 114
 90 115
 90  91
 91 115
 91 116
 91  92
 92 116
 92 117
 92  93
 93 117
 93 118
 93  94
 94 118
 94 119
 94  95
 95 119
 95 120
 95  96
 96 120
 96 121
 96  97
 97 121
 97 122
 97  98
 98 122
 98 123
 98  99
 99 123
 99 124
 99 100
100 124
100 125
100 101
101 125
101 126
102 129
102 130
102 103
103 130
103 131
103 104
104 131
104 132
104 105
105 132
106 134
106 135
106 107
107 135
107 136
107 108
108 136
108 137
108 109
109 137
109 138
109 110
110 138
110 139
110 111
111 139
111 140
111 112
112 140
112 141
112 113
113 141
113 142
113 114
114 142
114 143
114 115
115 143
115 144
115 116
116 144
116 145
116 117
117 145
117 146
117 118
118 146
118 147
118 119
119 147
119 148
119 120
120 148
120 149
120 121
121 149
121 150
121 122
122 150
122 151
122 123
123 151
123 152
123 124
124 152
124 153
124 125
125 153
125 154
125 126
126 154
126 155
126 127
127 155
127 156
127 128
128 156
128 157
128 129
129 157
129 158
129 130
130 158
130 159
130 131
131 159
131 160
131 132
132 160
132 161
133 162
133 163
133 134
134 163
134 164
134 135
135 164
135 165
135 136
136 165
136 166
136 137
137 166
137 167
137 138
138 167
138 168
138 139
139 168
139 169
139 140
140 169
140 170
140 141
141 170
141 171
141 142
142 171
142 172
142 143
143 172
143 173
143 144
144 173
144 174
144 145
145 174
145 175
145 146
146 175
146 176
146 147
147 176
147 177
147 148
148 177
148 178
148 149
149 178
149 179
149 150
150 179
150 180
150 151
151 180
151 181
151 152
152 181
152 182
152 153
153 182
153 183
153 154
154 183
154 184
154 155
155 184
155 185
155 156
156 185
156 186
156 157
157 186
157 187
157 158
158 187
158 188
158 159
159 188
159 189
159 160
160 189
160 190
160 161
161 190
162 191
162 192
162 163
163 192
163 193
163 164
164 193
164 194
164 165
165 194
165 195
165 166
166 195
166 196
166 167
167 196
167 197
167 168
168 197
168 198
168 169
169 198
169 199
169 170
170 199
170 200
170 171
171 200
171 201
171 172
172 201
172 202
172 173
173 202
173 203
173 174
174 203
174 204
174 175
175 204
175 205
175 176
176 205
176 206
176 177
177 206
177 207
177 178
178 207
178 208
178 179
179 208
179 209
179 180
180 209
180 210
180 181
181 210
181 211
181 182
182 211
182 212
182 183
183 212
183 213
183 184
184 213
184 214
184 185
185 214
185 215
185 186
186 215
186 216
186 187
187 216
187 217
187 188
188 217
188 218
188 189
189 218
189 219
189 190
190 219
191 221
191 222
191 192
192 222
192 223
192 193
193 223
193 224
193 194
194 224
194 225
194 195
195 225
195 226
195 196
196 226
196 227
196 197
197 227
197 228
197 198
198 228
198 229
198 199
199 229
199 230
199 200
200 230
200 231
200 201
201 231
201 232
201 202
202 232
202 233
202 203
203 233
203 234
203 204
204 234
204 235
204 205
205 235
205 236
205 206
206 236
206 237
206 207
207 237
207 238
207 208
208 238
208 239
208 209
209 239
209 240
209 210
210 240
210 241
210 211
211 241
211 242
211 212
212 242
212 243
212 213
213 243
213 244
213 214
214 244
214 245
214 215
215 245
215 246
215 216
216 246
216 247
216 217
217 247
217 248
217 218
218 248
218 249
218 219
219 249
219 250
220 251
220 221
221 251
221 252
221 222
222 252
222 253
222 223
223 253
223 254
223 224
224 254
224 255
224 225
225 255
225 256
225 226
226 256
226 257
226 227
227 257
227 258
227 228
228 258
228 259
228 229
229 259
229 260
229 230
230 260
230 261
230 231
231 261
231 262
231 232
232 262
232 263
232 233
233 263
233 264
233 234
234 264
234 265
234 235
235 265
235 266
235 236
236 266
236 267
236 237
237 267
237 268
237 238
238 268
238 269
238 239
239 269
239 270
239 240
240 270
240 271
240 241
241 271
241 272
241 242
242 272
242 273
242 243
243 273
243 274
243 244
244 274
244 275
244 245
245 275
245 276
245 246
246 276
246 277
246 247
247 277
247 278
247 248
248 278
248 279
248 249
249 279
249 280
249 250
250 280
251 281
251 282
251 252
252 282
252 283
252 253
253 283
253 284
253 254
254 284
254 285
254 255
255 285
255 286
255 256
256 286
256 287
256 257
257 287
257 288
257 258
258 288
258 289
258 259
259 289
259 290
259 260
260 290
260 291
260 261
261 291
261 292
261 262
262 292
262 293
262 263
263 293
263 294
263 264
264 294
264 295
264 265
265 295
265 296
265 266
266 296
266 297
266 267
267 297
267 298
267 268
268 298
268 299
268 269
269 299
269 300
269 270
270 300
270 301
270 271
271 301
271 302
271 272
272 302
272 303
272 273
273 303
273 304
273 274
274 304
274 305
274 275
275 305
275 306
275 276
276 306
276 307
276 277
277 307
277 308
277 278
278 308
278 309
278 279
279 309
279 310
279 280
280 310
280 311
281 312
281 313
281 282
282 313
282 314
282 283
283 314
283 315
283 284
284 315
284 316
284 285
285 316
285 317
285 286
286 317
286 318
286 287
287 318
287 319
287 288
288 319
288 320
288 289
289 320
289 321
289 290
290 321
290 322
290 291
291 322
291 323
291 292
292 323
292 324
292 293
293 324
293 325
293 294
294 325
294 326
294 295
295 326
295 327
295 296
296 327
296 328
296 297
297 328
297 329
297 298
298 329
298 330
298 299
299 330
299 331
299 300
300 331
300 332
300 301
301 332
301 333
301 302
302 333
302 334
302 303
303 334
303 335
303 304
304 335
304 336
304 305
305 336
305 337
305 306
306 337
306 338
306 307
307 338
307 339
307 308
308 339
308 340
308 309
309 340
309 341
309 310
310 341
310 342
310 311
311 342
311 343
312 345
312 346
312 313
313 346
313 347
313 314
314 347
314 348
314 315
315 348
315 349
315 316
316 349
316 350
316 317
317 350
317 351
317 318
318 351
318 352
318 319
319 352
319 353
319 320
320 353
320 354
320 321
321 354
321 355
321 322
322 355
322 356
322 323
323 356
323 357
323 324
324 357
324 358
324 325
325 358
325 359
325 326
326 359
326 360
326 327
327 360
327 361
327 328
328 361
328 362
328 329
329 362
329 363
329 330
330 363
330 364
330 331
331 364
331 365
331 332
332 365
332 366
332 333
333 366
333 367
333 334
334 367
334 368
334 335
335 368
335 369
335 336
336 369
336 370
336 337
337 370
337 371
337 338
338 371
338 372
338 339
339 372
339 373
339 340
340 373
340 374
340 341
341 374
341 375
341 342
342 375
342 376
342 343
343 376
344 377
344 378
345 379
345 346
346 379
346 380
346 347
347 380
347 381
347 348
348 381
348 382
348 349
349 382
349 383
349 350
350 383
350 384
350 351
351 384
351 385
351 352
352 385
352 386
352 353
353 386
353 387
353 354
354 387
354 388
354 355
355 388
355 389
355 356
356 389
356 390
356 357
357 390
357 391
357 358
358 391
358 392
358 359
359 392
359 393
359 360
360 393
360 394
360 361
361 394
361 395
361 362
362 395
362 396
362 363
363 396
363 397
363 364
364 397
364 398
364 365
365 398
365 399
365 366
366 399
366 400
366 367
367 400
367 401
367 368
368 401
368 402
368 369
369 402
369 403
369 370
370 403
370 404
370 371
371 404
371 405
371 372
372 405
372 406
372 373
373 406
373 407
373 374
374 407
374 408
374 375
375 408
375 409
375 376
376 409
376 410
377 412
377 378
378 412
378 413
379 414
379 380
380 414
380 415
380 381
381 415
381 416
381 382
382 416
382 417
382 383
383 417
383 418
383 384
384 418
384 419
384 385
385 419
385 420
385 386
386 420
386 421
386 387
387 421
387 422
387 388
388 422
388 423
388 389
389 423
389 424
389 390
390 424
390 425
390 391
391 425
391 426
391 392
392 426
392 427
392 393
393 427
393 428
393 394
394 428
394 429
394 395
395 429
395 430
395 396
396 430
396 431
396 397
397 431
397 432
397 398
398 432
398 433
398 399
399 433
399 434
399 400
400 434
400 435
400 401
401 435
401 436
401 402
402 436
402 437
402 403
403 437
403 438
403 404
404 438
404 439
404 405
405 439
405 440
405 406
406 440
406 441
406 407
407 441
407 442
407 408
408 442
408 443
408 409
409 443
409 444
409 410
410 444
410 445
410 411
411 445
411 446
412 447
412 448
412 413
413 448
414 449
414 450
414 415
415 450
415 451
415 416
416 451
416 452
416 417
417 452
417 453
417 418
418 453
418 454
418 419
419 454
419 455
419 420
420 455
420 456
420 421
421 456
421 457
421 422
422 457
422 458
422 423
423 458
423 459
423 424
424 459
424 460
424 425
425 460
425 461
425 426
426 461
426 462
426 427
427 462
427 463
427 428
428 463
428 464
428 429
429 464
429 465
429 430
430 465
430 466
430 431
431 466
431 467
431 432
432 467
432 468
432 433
433 468
433 469
433 434
434 469
434 470
434 435
435 470
435 471
435 436
436 471
436 472
436 437
437 472
437 473
437 438
438 473
438 474
438 439
439 474
439 475
439 440
440 475
440 476
440 441
441 476
441 477
441 442
442 477
442 478
442 443
443 478
443 479
443 444
444 479
444 480
444 445
445 480
445 481
445 446
446 481
446 482
446 447
447 482
447 483
447 448
448 483
449 485
449 486
449 450
450 486
450 487
450 451
451 487
451 488
451 452
452 488
452 489
452 453
453 489
453 490
453 454
454 490
454 491
454 455
455 491
455 492
455 456
456 492
456 493
456 457
457 493
457 494
457 458
458 494
458 495
458 459
459 495
459 496
459 460
460 496
460 497
460 461
461 497
461 498
461 462
462 498
462 499
462 463
463 499
463 500
463 464
464 500
464 501
464 465
465 501
465 502
465 466
466 502
466 503
466 467
467 503
467 504
467 468
468 504
468 505
468 469
469 505
469 506
469 470
470 506
470 507
470 471
471 507
471 508
471 472
472 508
472 509
472 473
473 509
473 510
473 474
474 510
474 511
474 475
475 511
475 512
475 476
476 512
476 513
476 477
477 513
477 514
477 478
478 514
478 515
478 479
479 515
479 516
479 480
480 516
480 517
480 481
481 517
481 518
481 482
482 518
482 519
482 483
483 519
483 520
484 521
484 522
484 485
485 522
485 523
485 486
486 523
486 524
486 487
487 524
487 525
487 488
488 525
488 526
488 489
489 526
489 527
489 490
490 527
490 528
490 491
491 528
491 529
491 492
492 529
492 530
492 493
493 530
493 531
493 494
494 531
494 532
494 495
495 532
495 533
495 496
496 533
496 534
496 497
497 534
497 535
497 498
498 535
498 536
498 499
499 536
499 537
499 500
500 537
500 538
500 501
501 538
501 539
501 502
502 539
502 540
502 503
503 540
503 541
503 504
504 541
504 542
504 505
505 542
505 543
505 506
506 543
506 544
506 507
507 544
507 545
507 508
508 545
508 546
508 509
509 546
509 547
509 510
510 547
510 548
510 511
511 548
511 549
511 512
512 549
512 550
512 513
513 550
513 551
513 514
514 551
514 552
514 515
515 552
515 553
515 516
516 553
516 554
516 517
517 554
517 555
517 518
518 555
518 556
518 519
519 556
519 557
519 520
520 557
521 559
521 560
521 522
522 560
522 561
522 523
523 561
523 562
523 524
524 562
524 563
524 525
525 563
525 564
525 526
526 564
526 565
526 527
527 565
527 566
527 528
528 566
528 567
528 529
529 567
529 568
529 530
530 568
530 569
530 531
531 569
531 570
531 532
532 570
532 571
532 533
533 571
533 572
533 534
534 572
534 573
534 535
535 573
535 574
535 536
536 574
536 575
536 537
537 575
537 576
537 538
538 576
538 577
538 539
539 577
539 578
539 540
540 578
540 579
540 541
541 579
541 580
541 542
542 580
542 581
542 543
543 581
543 582
543 544
544 582
544 583
544 545
545 583
545 584
545 546
546 584
546 585
546 547
547 585
547 586
547 548
548 586
548 587
548 549
549 587
549 588
549 550
550 588
550 589
550 551
551 589
551 590
551 552
552 590
552 591
552 553
553 591
553 592
553 554
554 592
554 593
554 555
555 593
555 594
555 556
556 594
556 595
556 557
557 595
557 596
558 597
558 559
559 597
559 598
559 560
560 598
560 599
560 561
561 599
561 600
561 562
562 600
562 601
562 563
563 601
563 602
563 564
564 602
564 603
564 565
565 603
565 604
565 566
566 604
566 605
566 567
567 605
567 606
567 568
568 606
568 607
568 569
569 607
569 608
569 570
570 608
570 609
570 571
571 609
571 610
571 572
572 610
572 611
572 573
573 611
573 612
573 574
574 612
574 613
574 575
575 613
575 614
575 576
576 614
576 615
576 577
577 615
577 616
577 578
578 616
578 617
578 579
579 617
579 618
579 580
580 618
580 619
580 581
581 619
581 620
581 582
582 620
582 621
582 583
583 621
583 622
583 584
584 622
584 623
584 585
585 623
585 624
585 586
586 624
586 625
586 587
587 625
587 626
587 588
588 626
588 627
588 589
589 627
589 628
589 590
590 628
590 629
590 591
591 629
591 630
591 592
592 630
592 631
592 593
593 631
593 632
593 594
594 632
594 633
594 595
595 633
595 634
595 596
596 634
597 635
597 636
597 598
598 636
598 637
598 599
599 637
599 638
599 600
600 638
600 639
600 601
601 639
601 640
601 602
602 640
602 641
602 603
603 641
603 642
603 604
604 642
604 643
604 605
605 643
605 644
605 606
606 644
606 645
606 607
607 645
607 646
607 608
608 646
608 647
608 609
609 647
609 648
609 610
610 648
610 649
610 611
611 649
611 650
611 612
612 650
612 651
612 613
613 651
613 652
613 614
614 652
614 653
614 615
615 653
615 654
615 616
616 654
616 655
616 617
617 655
617 656
617 618
618 656
618 657
618 619
619 657
619 658
619 620
620 658
620 659
620 621
621 659
621 660
621 622
622 660
622 661
622 623
623 661
623 662
623 624
624 662
624 663
624 625
625 663
625 664
625 626
626 664
626 665
626 627
627 665
627 666
627 628
628 666
628 667
628 629
629 667
629 668
629 630
630 668
630 669
630 631
631 669
631 670
631 632
632 670
632 671
632 633
633 671
633 672
633 634
634 672
635 674
635 675
635 636
636 675
636 676
636 637
637 676
637 677
637 638
638 677
638 678
638 639
639 678
639 679
639 640
640 679
640 680
640 641
641 680
641 681
641 642
642 681
642 682
642 643
643 682
643 683
643 644
644 683
644 684
644 645
645 684
645 685
645 646
646 685
646 686
646 647
647 686
647 687
647 648
648 687
648 688
648 649
649 688
649 689
649 650
650 689
650 690
650 651
651 690
651 691
651 652
652 691
652 692
652 653
653 692
653 693
653 654
654 693
654 694
654 655
655 694
655 695
655 656
656 695
656 696
656 657
657 696
657 697
657 658
658 697
658 698
658 659
659 698
659 699
659 660
660 699
660 700
660 661
661 700
661 701
661 662
662 701
662 702
662 663
663 702
663 703
663 664
664 703
664 704
664 665
665 704
665 705
665 666
666 705
666 706
666 667
667 706
667 707
667 668
668 707
668 708
668 669
669 708
669 709
669 670
670 709
670 710
670 671
671 710
671 711
671 672
672 711
672 712
673 713
673 674
674 713
674 714
674 675
675 714
675 715
675 676
676 715
676 716
676 677
677 716
677 717
677 678
678 717
678 718
678 679
679 718
679 719
679 680
680 719
680 720
680 681
681 720
681 721
681 682
682 721
682 722
682 683
683 722
683 723
683 684
684 723
684 724
684 685
685 724
685 725
685 686
686 725
686 726
686 687
687 726
687 727
687 688
688 727
688 728
688 689
689 728
689 729
689 690
690 729
690 730
690 691
691 730
691 731
691 692
692 731
692 732
692 693
693 732
693 733
693 694
694 733
694 734
694 695
695 734
695 735
695 696
696 735
696 736
696 697
697 736
697 737
697 698
698 737
698 738
698 699
699 738
699 739
699 700
700 739
700 740
700 701
701 740
701 741
701 702
702 741
702 742
702 703
703 742
703 743
703 704
704 743
704 744
704 705
705 744
705 745
705 706
706 745
706 746
706 707
707 746
707 747
707 708
708 747
708 748
708 709
709 748
709 749
709 710
710 749
710 750
710 711
711 750
711 751
711 712
712 751
712 752
713 754
713 755
713 714
714 755
714 756
714 715
715 756
715 757
715 716
716 757
716 758
716 717
717 758
717 759
717 718
718 759
718 760
718 719
719 760
719 761
719 720
720 761
720 762
720 721
721 762
721 763
721 722
722 763
722 764
722 723
723 764
723 765
723 724
724 765
724 766
724 725
725 766
725 767
725 726
726 767
726 768
726 727
727 768
727 769
727 728
728 769
728 770
728 729
729 770
729 771
729 730
730 771
730 772
730 731
731 772
731 773
731 732
732 773
732 774
732 733
733 774
733 775
733 734
734 775
734 776
734 735
735 776
735 777
735 736
736 777
736 778
736 737
737 778
737 779
737 738
738 779
738 780
738 739
739 780
739 781
739 740
740 781
740 782
740 741
741 782
741 783
741 742
742 783
742 784
742 743
743 784
743 785
743 744
744 785
744 786
744 745
745 786
745 787
745 746
746 787
746 788
746 747
747 788
747 789
747 748
748 789
748 790
748 749
749 790
749 791
749 750
750 791
750 792
750 751
751 792
751 793
751 752
752 793
752 794
753 795
753 754
754 795
754 796
754 755
755 796
755 797
755 756
756 797
756 798
756 757
757 798
757 799
757 758
758 799
758 800
758 759
759 800
759 801
759 760
760 801
760 802
760 761
761 802
761 803
761 762
762 803
762 804
762 763
763 804
763 805
763 764
764 805
764 806
764 765
765 806
765 807
765 766
766 807
766 808
766 767
767 808
767 809
767 768
768 809
768 810
768 769
769 810
769 811
769 770
770 811
770 812
770 771
771 812
771 813
771 772
772 813
772 814
772 773
773 814
773 815
773 774
774 815
774 816
774 775
775 816
775 817
775 776
776 817
776 818
776 777
777 818
777 819
777 778
778 819
778 820
778 779
779 820
779 821
779 780
780 821
780 822
780 781
781 822
781 823
781 782
782 823
782 824
782 783
783 824
783 825
783 784
784 825
784 826
784 785
785 826
785 827
785 786
786 827
786 828
786 787
787 828
787 829
787 788
788 829
788 830
788 789
789 830
789 831
789 790
790 831
790 832
790 791
791 832
791 833
791 792
792 833
792 834
792 793
793 834
793 835
793 794
794 835
795 836
795 837
795 796
796 837
796 838
796 797
797 838
797 839
797 798
798 839
798 840
798 799
799 840
799 841
799 800
800 841
800 842
800 801
801 842
801 843
801 802
802 843
802 844
802 803
803 844
803 845
803 804
804 845
804 846
804 805
805 846
805 847
805 806
806 847
806 848
806 807
807 848
807 849
807 808
808 849
808 850
808 809
809 850
809 851
809 810
810 851
810 811
811 812
812 813
813 814
814 815
815 816
816 852
816 817
817 852
817 853
817 818
818 853
818 854
818 819
819 854
819 855
819 820
820 855
820 856
820 821
821 856
821 857
821 822
822 857
822 858
822 823
823 858
823 859
823 824
824 859
824 860
824 825
825 860
825 861
825 826
826 861
826 862
826 827
827 862
827 863
827 828
828 863
828 864
828 829
829 864
829 865
829 830
830 865
830 866
830 831
831 866
831 867
831 832
832 867
832 868
832 833
833 868
833 869
833 834
834 869
834 870
834 835
835 870
836 871
836 872
836 837
837 872
837 873
837 838
838 873
838 874
838 839
839 874
839 875
839 840
840 875
840 876
840 841
841 876
841 877
841 842
842 877
842 878
842 843
843 878
843 879
843 844
844 879
844 880
844 845
845 880
845 881
845 846
846 881
846 882
846 847
847 882
847 883
847 848
848 883
848 849
849 850
850 851
852 853
853 854
854 855
855 884
855 856
856 884
856 885
856 857
857 885
857 858
858 886
858 859
859 886
859 887
859 860
860 887
860 888
860 861
861 888
861 889
861 862
862 889
862 890
862 863
863 890
863 891
863 864
864 891
864 892
864 865
865 892
865 893
865 866
866 893
866 894
866 867
867 894
867 895
867 868
868 895
868 896
868 869
869 896
869 897
869 870
870 897
870 898
871 899
871 872
872 899
872 900
872 873
873 900
873 901
873 874
874 901
874 902
874 875
875 902
875 903
875 876
876 903
876 904
876 877
877 904
877 905
877 878
878 905
878 906
878 879
879 906
879 907
879 880
880 907
880 908
880 881
881 908
881 909
881 882
882 909
882 883
884 885
886 887
887 888
888 889
889 910
889 890
890 910
890 911
890 891
891 911
891 912
891 892
892 912
892 913
892 893
893 913
893 914
893 894
894 914
894 915
894 895
895 915
895 916
895 896
896 916
896 917
896 897
897 917
897 918
897 898
898 918
899 919
899 900
900 919
900 920
900 901
901 920
901 921
901 902
902 921
902 922
902 903
903 922
903 923
903 904
904 923
904 924
904 905
905 924
905 925
905 906
906 925
906 926
906 907
907 926
907 908
908 909
910 927
910 911
911 927
911 912
912 913
913 914
914 928
914 915
915 928
915 929
915 916
916 929
916 930
916 917
917 930
917 918
919 931
919 932
919 920
920 932
920 921
921 933
921 922
922 933
922 934
922 923
923 934
923 924
924 925
925 935
925 926
926 935
928 929
929 930
931 932
933 934
