872
836
645
836
384
919
545
511
816
763
511
920
511
932
763
932
932
932
840
729
805
932
805
872
764
341
805
805
419
816
816
688
722
932
849
872
384
816
799
721
932
932
448
511
383
188
932
857
753
188
688
920
872
482
808
932
932
613
902
448
645
836
766
919
545
872
932
131
688
805
482
764
545
645
836
805
836
448
805
805
920
795
545
932
837
880
816
932
932
724
645
838
725
932
839
718
651
599
932
816
875
932
350
448
643
917
350
805
688
872
511
764
548
544
872
763
872
688
932
805
805
764
932
848
482
525
721
688
805
836
872
872
817
447
688
816
805
932
871
816
482
188
917
764
482
932
805
920
840
836
837
725
  6
921
795
688
805
730
350
847
932
872
872
764
605
932
872
519
816
920
545
847
645
645
872
875
900
872
816
448
336
932
763
871
805
795
845
932
836
872
545
804
872
645
805
301
836
688
688
805
876
921
932
920
763
902
932
816
160
795
932
688
805
883
482
847
804
545
932
446
189
419
482
764
805
817
545
920
872
766
188
836
920
838
920
920
880
817
932
623
932
721
483
764
545
729
932
412
795
932
872
836
645
729
507
816
872
872
836
900
805
836
645
764
764
872
545
645
816
932
872
507
878
816
549
816
384
805
932
688
805
370
805
645
872
805
932
805
519
932
722
511
875
645
805
548
725
805
688
836
836
383
836
836
872
301
932
836
872
836
932
932
764
688
643
511
805
805
688
836
932
848
920
683
872
932
507
932
816
511
688
418
836
836
645
548
688
932
764
875
309
836
805
725
448
