146.130831 -41.137397
147.971884 -41.885745
144.685446 -41.041767
146.289545 -42.593485
147.338299 -41.800939
146.742625 -43.581723
146.670972 -41.054475
145.806277 -41.750672
145.218815 -42.000960
148.073265 -40.803786
145.388656 -41.392364
147.571703 -42.318552
147.370991 -43.222713
147.107860 -41.668518
145.243199 -40.995353
148.184397 -41.975434
146.158390 -41.223496
145.118944 -40.825780
145.795517 -41.482441
146.200729 -41.898955
147.668733 -41.962959
145.520747 -41.200788
147.026921 -42.384611
146.213993 -41.729343
146.971741 -41.900941
148.253346 -41.173447
147.847877 -42.098754
147.348529 -43.290905
147.035537 -41.034785
145.680268 -42.835916
146.371246 -41.803593
145.605284 -42.373088
146.448721 -41.306559
145.295158 -42.455530
145.867316 -42.140226
146.550798 -41.608937
145.676496 -42.240323
146.812011 -42.101199
147.216681 -42.306232
145.350423 -42.590984
146.841511 -41.563672
146.616258 -41.360289
148.291818 -41.678417
146.507619 -42.674963
147.884502 -42.050102
146.494972 -41.209945
