 0.683032
-0.393582
 1.549719
-0.133438
-1.638180
 0.257435
 1.432602
 0.974859
 0.857137
-0.557507
-0.197244
 1.704076
 1.361923
-1.196566
-1.024809
 1.485544
-0.458117
 0.773198
-1.353185
 1.706234
 1.491536
 1.201100
 1.273193
-1.389224
-1.305481
-0.133463
-0.919887
 1.622092
 1.460174
 1.137319
-0.493028
-1.126159
 0.197068
 0.222347
 0.859351
 0.677666
-1.239812
 0.300783
-1.388342
-0.393837
-0.182875
 0.885424
-0.497951
-0.419847
 1.600556
 0.605830
 1.278696
-1.434142
-0.603260
-1.309454
-1.158861
 0.641107
-0.249672
-0.562456
 0.834333
-0.393456
-1.199219
-0.109457
-0.126188
-0.601134
 1.247492
-0.548653
-1.015453
 1.167524
-1.646053
 1.040558
-1.529562
 0.849318
 1.716021
 1.781327
-1.193144
 0.050774
-0.855440
 0.797792
 1.838550
 1.038901
-0.829515
-0.296792
-1.242921
-0.688190
 1.502561
-1.382164
 1.098221
 1.010617
 0.709252
-1.668192
 0.630353
 0.679078
