147.560933 -42.235363
147.147736 -41.944825
146.603452 -41.393605
144.642856 -41.134202
147.404182 -41.964723
145.305862 -40.775949
147.707082 -41.974245
145.688956 -41.514288
147.318766 -41.810199
147.989020 -42.549856
144.682126 -40.915513
147.965400 -43.116110
145.383193 -42.255039
147.344337 -42.205086
147.693976 -43.010696
147.709996 -41.038513
147.574218 -41.554085
145.650134 -41.212842
145.716702 -41.303080
146.169282 -41.364741
147.500146 -42.587916
146.747826 -41.646332
147.449440 -42.078659
146.280485 -41.968644
145.890719 -42.228402
145.824169 -41.436440
147.698730 -41.131569
147.051014 -42.074281
144.664419 -40.935799
144.901114 -40.845868
146.324024 -41.335286
147.481307 -42.874205
146.700827 -43.184089
146.830014 -41.882116
147.310531 -43.476447
147.216573 -41.065033
145.441682 -41.292389
147.348859 -43.488607
145.169311 -41.586718
147.798902 -42.684037
146.138467 -41.516053
145.860675 -41.373814
148.321438 -42.240835
147.515857 -41.951006
145.092090 -41.407910
145.256148 -41.370487
146.735281 -43.224709
144.892007 -41.325988
147.828955 -43.033409
145.127919 -41.414100
147.003759 -41.790273
146.011007 -42.081883
147.383181 -43.207344
148.297086 -41.345354
148.068896 -41.696421
145.356711 -42.576354
147.066906 -43.337014
146.390643 -41.433193
147.890208 -41.498116
146.975007 -41.013915
148.085568 -41.084214
145.711327 -41.799538
146.050032 -41.288091
145.397779 -41.459092
145.800263 -40.998075
145.014254 -40.783226
146.783085 -41.338635
147.937145 -40.770944
144.697174 -41.229460
148.253476 -41.977357
146.564263 -42.381243
145.759417 -41.658317
145.248902 -41.354316
146.127563 -43.096759
147.286607 -42.053228
146.786989 -42.379809
146.797695 -41.138806
144.836259 -40.996101
146.817942 -42.549528
147.981853 -43.190862
146.014370 -42.284159
146.091640 -43.358171
147.646775 -42.855010
147.580372 -41.049878
147.224939 -43.496989
146.650851 -42.752583
147.175004 -43.230410
147.639626 -42.224943
