0.531899 1.419604
0.463084 1.376516
0.418328 1.245151
0.380820 1.287668
0.313072 1.007307
0.327933 1.132136
0.379912 1.448409
0.335570 0.910364
0.366556 1.194639
0.309330 1.358107
0.358717 1.499882
0.316066 1.201586
0.369966 1.528517
0.343881 1.752067
0.316946 0.821042
0.287876 1.054658
0.252602 1.271195
0.214328 1.234467
0.263792 1.364698
0.282651 0.948228
0.329299 1.068702
0.363642 1.103253
0.429920 1.371820
0.393157 0.983619
0.394465 1.412288
0.372990 1.090014
0.397461 1.474176
0.432074 1.365407
0.441386 1.823835
0.415732 1.364178
0.431525 1.234001
0.367091 1.287315
0.258819 1.108500
0.339316 1.345433
0.405129 1.556392
0.294295 1.589896
0.270414 0.996400
0.297298 1.041139
0.334499 1.282821
0.343568 1.061194
0.284566 1.418606
0.374645 0.938853
0.363208 1.258034
0.377856 1.376382
0.337248 1.471250
0.278467 1.282801
0.239793 1.149995
0.237224 0.932050
0.325406 1.921067
0.335126 1.179539
0.378787 1.382685
0.398731 1.686925
0.427176 1.148705
0.413359 1.007479
0.400924 1.398851
0.485544 1.362512
0.508649 0.951681
0.504454 1.403730
0.546960 1.171510
0.562904 1.404169
0.541999 1.326272
0.513927 1.657482
0.519537 0.833975
0.440586 1.017120
0.415464 1.224919
0.427752 1.294111
0.395509 1.149794
0.401498 0.990217
0.399317 1.361279
0.415704 1.123236
0.422402 1.092310
0.430670 1.551022
0.381677 1.228847
0.439770 1.554796
0.362225 0.948244
0.417107 1.080755
0.408694 1.229554
0.403106 1.156113
0.456026 0.900793
0.469515 1.937088
0.486237 1.615425
0.507929 1.167788
0.540044 1.192507
0.603932 1.070819
0.584300 1.560278
0.605093 1.481841
0.587519 1.397551
0.580211 1.478024
0.635649 1.316448
0.593401 0.957095
0.563876 1.526480
0.561483 1.063308
0.484973 1.120559
0.436644 0.977207
0.421856 1.494898
0.469461 0.925685
0.445967 2.112592
0.491872 1.331171
0.460050 1.078015
0.355866 1.107197
0.433798 1.314098
0.439532 1.210213
0.424508 1.999926
0.446450 1.435629
0.452282 1.326820
0.384975 1.479748
0.360839 1.206743
0.338955 1.109898
0.329682 1.214551
0.357438 1.040975
0.427645 1.472690
0.436815 1.503410
0.460826 1.167982
0.520437 0.955556
0.418490 1.210528
0.474903 1.637296
0.450355 1.180436
0.461872 1.263578
0.382304 1.340309
0.413594 1.617985
0.367088 0.987831
0.403245 1.818545
0.461097 1.185491
0.490143 1.004931
0.443536 1.059767
0.380727 1.553711
0.307988 1.623328
0.306149 1.425439
0.268356 0.983545
0.240903 1.281744
0.243136 1.362334
0.214701 1.148491
0.220442 1.354918
0.233727 0.950213
0.246269 1.258406
0.240742 1.640942
0.233976 1.030830
0.259653 1.449692
0.247837 1.334745
0.268079 1.203159
0.312402 1.181406
0.290771 0.985390
0.255226 1.000741
0.278832 1.417280
0.244000 1.111558
0.243529 1.428040
0.195927 1.567926
0.203255 1.007173
0.238804 1.200036
0.171506 1.246739
