1.028333 1.019101 1.151588 1.037085 0.794862 1.199319 1.178794 0.837548 0.824356 0.916985 1.237236 1.104378 1.078346 1.177400 1.117442 1.178551 1.229970 1.198951 1.074006 1.180355 0.832575 1.125053 1.240269 0.817435 1.064326 0.804134 0.921373 0.850868 1.038043 0.999395 0.809577 1.132137 0.964978 0.936829 1.096821 0.864734 0.881230 1.144084 0.873039 1.172912 0.993233 1.232044 0.812660 0.918347 1.246111 1.121888 1.049350 1.064146 0.917289 
0.813635 0.891767 1.154157 1.051458 0.799175 1.008549 0.987100 0.957752 1.119183 0.951893 1.083547 1.040512 0.999470 0.949417 1.116018 1.087088 1.251316 1.207565 1.112021 1.172375 0.941730 1.125053 1.240269 1.010828 0.875446 1.082531 0.821883 1.072973 0.890365 1.005471 1.087539 1.222077 0.989055 0.891046 0.815491 1.108066 1.168192 1.015462 1.176913 1.206427 
1.175868 0.833929 1.154157 1.070204 0.796251 0.810724 0.889353 1.210854 0.937740 0.951448 1.081298 1.069473 0.994800 0.817907 1.117533 1.172443 1.251316 0.961646 1.135374 1.182645 1.213013 1.020020 1.237367 1.070044 0.923434 1.053401 0.823098 1.081156 1.151805 0.805350 1.025041 1.069090 0.998236 0.890208 1.195104 0.966072 0.962540 1.044047 1.125736 1.106195 1.101955 0.987851 0.876722 
1.122956 0.828078 1.155103 1.079391 0.795266 0.859024 1.225083 1.060045 0.998911 0.946287 1.101038 1.069473 0.974529 1.213485 1.117533 0.999149 1.246948 0.960774 1.145349 1.182645 1.177480 0.970964 1.255613 0.955695 0.834467 0.831602 0.895021 1.250184 1.101528 0.851113 1.125847 0.836883 1.127844 0.905222 1.121412 1.062237 1.070833 1.156167 1.112737 0.912415 0.975666 1.164746 0.950924 0.884133 0.796762 1.117261 1.093476 0.837358 0.938511 1.101090 1.028423 
0.986898 0.807615 1.155103 1.058873 0.798739 0.843132 0.893360 0.929308 0.817025 0.930452 0.855871 1.085234 0.801684 0.876180 1.124185 1.043074 1.255926 1.036795 1.137942 1.193159 1.225997 1.060200 1.245874 0.812276 1.142391 1.198910 1.088036 1.016899 1.222463 1.188690 1.231463 0.798851 1.112337 0.963792 
0.816275 0.811056 1.155103 0.917366 0.797068 1.094836 1.085418 1.016820 1.030342 0.971016 1.056947 1.065370 0.865414 0.889257 1.119758 1.123447 1.237028 0.849882 1.120196 1.178989 1.023270 0.798239 1.242750 0.837704 1.012832 1.210128 1.096639 1.018671 1.242720 1.246990 1.182323 1.235650 0.949438 0.980430 0.935978 1.255161 1.134160 
0.890791 0.816411 1.160281 1.027747 0.797068 1.155898 1.073984 1.052048 0.908032 0.930082 1.056947 1.055382 1.177991 0.869980 1.126505 1.162817 1.235735 1.192045 0.880837 1.199534 1.137090 0.881888 1.236175 0.801888 1.136567 0.887892 1.072606 1.049855 1.069301 1.240775 1.245086 0.999920 1.041352 0.973676 1.063615 1.154121 1.021055 1.058567 1.124138 
0.847194 0.812552 1.158029 0.995209 0.804686 1.187471 1.172139 1.037611 1.050907 0.938997 1.230421 1.039194 1.002584 0.912135 1.112099 1.105475 1.251753 1.076430 1.141897 1.197819 1.209715 1.085332 1.046939 0.845665 1.126930 1.245344 1.035420 1.059296 1.250958 1.244589 1.186915 0.877141 0.993285 
0.803106 0.832678 1.158029 1.120476 0.822452 1.086074 1.195239 1.121569 1.027346 0.936986 1.078527 1.048095 0.963243 0.954059 1.143573 1.110825 1.256117 0.946098 1.038529 1.189005 0.988252 1.037387 1.122346 0.829190 1.248065 1.246316 1.034803 0.906493 1.204961 0.891083 1.166906 1.110343 
0.837689 0.809818 1.167027 1.032447 0.799496 0.824194 1.059487 1.191612 0.931917 0.914459 0.839969 1.023109 0.948559 0.989242 1.138250 1.125760 1.257342 1.233098 1.069535 1.129037 1.223783 1.076499 0.804168 1.217153 1.107044 1.198316 0.987305 1.171117 
1.148453 0.850871 1.167027 1.147455 0.800674 0.942611 1.029499 1.157185 1.034200 0.934789 0.831428 1.242288 0.927006 0.960436 1.113467 1.103710 1.253264 1.226462 1.055225 1.065719 1.195895 1.055199 0.912850 1.199134 1.149077 1.164950 0.823647 0.840590 1.195401 0.974418 1.257389 1.052609 0.963188 1.238988 1.236104 1.201542 0.856871 
1.068542 0.972291 1.168187 0.952195 0.800213 1.021889 1.017803 1.149012 1.258240 0.934789 0.877574 1.075311 1.196405 0.975044 1.102993 1.081486 1.251983 1.257905 1.180250 1.007726 1.166615 1.072511 1.099483 1.219468 0.912266 1.047034 1.073513 0.903193 0.926811 1.018200 0.959372 1.211214 0.907875 0.970150 1.076919 0.863699 0.831153 0.930565 1.007458 1.203273 0.934300 1.012541 1.236606 0.811524 1.196539 
1.160744 0.947083 1.175555 1.047010 0.802349 0.975721 1.008642 1.137267 1.041924 0.926206 1.025502 1.097820 0.796603 1.154122 1.122459 0.899003 1.251983 1.247167 0.956096 0.942578 1.186358 1.061617 0.848821 1.190669 1.102270 1.141655 1.223053 0.833123 1.171401 1.149490 0.952666 1.086157 0.950491 0.911868 0.949314 1.146784 0.926665 0.911744 0.886247 0.848550 0.969210 0.947884 
1.177833 0.831448 1.175577 1.072393 0.801254 1.189513 1.066191 1.138659 1.209580 0.924077 0.853695 0.998372 0.813041 1.091779 1.115969 0.975079 1.251983 1.236629 0.942649 0.879880 1.174543 1.078755 1.030257 1.199604 
0.942680 0.922465 1.161311 1.030001 0.794947 1.013931 1.029190 1.123051 1.224227 0.934982 1.022097 0.969664 1.142221 1.182697 1.110387 0.993939 1.251983 1.254346 0.819775 0.885927 0.899639 1.067098 1.150958 1.176352 1.071755 1.258077 0.888142 0.958280 0.885822 1.108156 0.945960 0.963189 1.102856 
1.152075 0.931263 1.161311 1.072073 0.794947 1.199886 1.044990 1.144795 1.061739 0.918332 1.058342 0.952593 1.023708 0.809016 1.115444 0.902696 1.251983 1.254346 0.829765 0.835717 0.945159 1.069518 1.156616 1.197184 0.995546 1.147110 1.208710 0.804723 0.966882 1.147172 1.184181 0.862870 0.973111 
1.193674 0.856207 1.156094 1.033499 0.798072 1.225354 1.058855 1.112314 1.201314 0.916993 0.984234 1.204359 0.937060 0.970446 1.132258 0.954738 1.251983 1.254624 0.809579 1.052494 1.039787 1.069518 0.977538 1.139230 0.890822 1.167446 0.843260 1.072283 0.937307 1.052934 
1.165450 0.864095 1.156259 1.088029 0.798072 0.912735 1.038666 1.106323 1.212414 0.977847 0.965406 1.181565 0.843212 1.121092 1.121144 1.164849 1.252563 1.250426 0.818231 1.170256 1.024853 1.053741 1.065953 1.092795 1.254990 1.043705 1.154954 1.095023 0.995636 0.904618 0.955839 1.083750 0.980277 
1.100281 0.817287 1.161471 1.095985 0.805294 1.032680 1.070935 1.131302 0.951907 0.905927 1.108661 1.186748 1.149648 1.068940 1.115168 1.027035 1.249636 1.249138 0.865195 1.209444 0.980095 1.053741 0.816533 1.039099 0.921688 1.128119 1.174463 0.835218 1.079817 1.126305 0.796899 0.895654 0.812284 0.973345 0.939637 1.181286 
0.894418 0.916982 1.143263 1.065865 0.804866 0.859405 1.056685 1.131426 1.090026 0.911868 1.216498 1.181335 1.258676 0.911110 1.113194 0.984680 1.242401 1.225484 0.843581 0.941497 0.813414 1.045010 0.992196 1.046990 0.819767 1.141006 1.086265 0.981560 0.809937 1.015566 1.129108 1.204004 0.841890 1.026480 0.880272 1.193838 1.256609 0.843026 1.152059 1.238671 1.074604 1.196433 0.913932 
0.939224 0.849383 1.143263 1.048484 0.800677 1.201654 1.086590 1.111251 1.097420 0.920755 1.003617 1.171666 0.838345 1.053715 1.101762 1.183889 1.237129 1.241982 0.833016 0.959909 0.879426 1.049544 0.949004 1.214696 1.005370 
1.052672 0.821211 1.142759 1.058205 0.799328 1.180105 1.071351 1.131825 0.893828 0.912572 1.031387 1.199186 0.916955 1.236944 1.116926 0.930331 1.242418 1.238088 0.809178 0.961963 1.069158 1.056234 0.892919 1.067543 1.055586 1.188068 0.843384 0.992170 1.036694 1.142288 0.953084 0.993456 1.036146 
1.017991 0.816976 1.149413 1.087856 0.799328 1.001163 1.092190 1.121433 1.222125 0.919268 0.990043 1.194193 1.012002 0.853335 1.116926 1.186441 1.256242 1.238088 0.836540 0.960420 0.951010 1.065119 0.875365 1.124372 1.157512 0.976913 1.155219 1.238405 1.053125 1.134063 1.085424 1.001128 1.196294 1.167181 0.989303 0.956864 0.878974 
0.955596 0.850642 1.152711 1.023114 0.794347 1.147102 1.026271 1.152190 1.183942 0.941183 0.945875 1.203239 0.938538 0.809013 1.135826 0.896989 1.243596 1.241003 0.808365 0.986993 1.110065 1.058203 0.837792 1.079627 0.982636 1.106582 1.189840 1.127744 1.187407 0.964130 0.909061 1.137040 1.012801 
1.044959 0.851979 1.153252 1.037768 0.796526 0.950830 1.090506 1.150072 1.033460 0.896494 1.216036 1.194993 1.055656 1.061263 1.142522 0.864755 1.250571 1.246313 0.815056 0.841562 1.051817 1.148376 1.054882 1.025992 1.094788 
1.103753 1.144101 1.145621 1.056962 0.795076 0.991834 1.081931 1.131810 1.083005 0.930631 0.944038 1.200437 1.051651 1.091956 1.113043 0.798465 1.250571 1.241523 0.862537 0.801223 1.172351 1.066688 1.099236 1.123381 0.985130 1.248460 1.174135 1.232309 1.016953 
1.192169 1.014439 1.157000 1.035363 0.795899 1.057214 1.091537 1.107091 1.185148 0.935503 1.158034 1.208988 1.047984 1.126754 1.125893 1.045359 1.246901 1.251834 0.858555 0.835320 0.944345 1.197892 1.215273 1.104319 0.973949 1.256176 1.121755 1.237264 1.148060 
1.171048 0.817573 1.151116 1.039169 0.938649 1.075364 1.093565 1.135702 1.196869 0.911927 0.826071 1.192716 1.053337 1.235253 1.109164 1.191655 1.246901 1.231747 0.880801 0.821641 1.037852 1.174042 0.800861 0.809640 0.897029 1.103568 1.072643 0.807293 1.109301 0.953786 1.204216 1.078541 1.201556 0.966781 0.919516 0.840954 1.051225 1.033689 
1.158623 0.846064 1.155631 1.079364 0.899373 1.020629 1.133286 1.000950 1.257181 0.906575 1.098280 1.202232 1.030581 1.193946 1.115064 1.108090 1.250790 1.233569 0.880662 0.838167 1.257132 1.238206 1.131180 0.805099 1.069804 1.063200 1.125799 1.123442 1.172245 0.819264 0.891076 1.107361 1.105536 0.987913 
1.190788 0.836144 1.152466 1.029957 0.990124 1.048811 1.099127 0.859367 0.837807 0.906868 0.829479 1.202232 0.901852 1.215171 1.127128 0.974151 1.248654 1.231552 0.801949 1.197815 1.215036 1.117679 1.037810 0.798679 1.115621 0.857680 1.229275 1.186962 0.892217 1.052818 0.827347 1.187741 0.895376 0.982100 0.899053 1.212238 1.072257 0.953899 
1.109354 0.845786 1.157449 1.028018 0.805668 1.073249 1.110777 1.123577 1.134671 0.927294 0.977245 1.203565 0.978846 0.851699 1.144592 1.202576 1.248654 1.239238 1.195782 1.075098 1.173320 1.204635 0.954990 0.799759 1.085759 1.067364 1.077530 
1.065518 0.804921 1.157449 1.049175 0.796680 1.079796 1.101543 1.192512 1.141692 0.940529 0.992863 1.214319 0.929703 0.820209 1.145743 1.194697 1.245367 1.239238 1.177063 0.892246 1.167643 0.855852 1.019445 1.097925 1.077777 1.139994 1.229548 
1.118093 0.864652 1.147939 1.085365 0.794422 1.044812 1.102380 0.989365 1.130902 0.941169 1.102288 1.203047 0.806967 0.823680 1.128600 0.905847 1.245535 1.228761 1.056221 1.116667 1.213421 1.148250 1.211159 0.808327 1.070884 1.127267 1.096592 0.850585 0.985122 1.220671 1.163828 1.152143 1.194341 0.935181 0.941929 
1.138350 0.829558 1.147939 1.047174 0.798658 1.063352 1.116659 1.157148 1.142230 0.928390 0.939203 1.211096 1.029064 0.837693 1.116080 1.133568 1.244256 1.242636 1.185701 0.991295 0.837957 1.176290 
1.056640 0.853223 1.140668 1.065808 0.798658 1.050386 1.076796 1.186263 1.126029 0.920958 0.983253 1.206985 1.181591 0.796901 1.098657 0.795311 1.238016 1.255690 1.055163 0.879354 1.048961 1.018823 1.223464 1.104305 0.967319 0.927485 1.062747 0.794821 1.053624 1.095390 1.237038 0.869750 0.885201 
1.043116 0.872946 1.135274 1.076185 0.796372 1.029956 1.113181 1.181819 1.130244 0.883814 0.902184 1.186375 1.064216 0.810080 1.097068 1.050919 1.231355 1.208697 0.839809 1.124990 1.162508 1.169149 0.886890 1.063907 1.080206 0.994209 0.947511 0.883079 1.010649 0.839252 1.181009 
0.858179 0.934515 1.135274 1.058213 0.803947 1.038276 1.123989 0.815475 1.104927 0.877849 0.908805 1.188849 0.920260 0.854813 1.118390 1.039734 1.231355 1.219742 1.027479 1.227142 1.090577 1.197206 1.019978 0.978337 0.971254 1.030292 1.050352 1.213030 1.052951 1.003308 1.169443 1.128059 0.924618 1.044380 
0.913107 0.891035 1.134515 1.032030 0.795238 1.021599 1.105036 1.096988 1.097714 0.895729 0.928436 1.178757 0.970728 0.878820 1.073351 1.071004 1.228255 1.237013 0.950766 0.955010 0.994043 1.043926 1.025135 1.215574 1.140315 1.117639 1.047635 1.061120 1.046052 1.247958 0.861984 1.210580 0.877168 1.059491 
0.846818 0.898685 1.134515 1.063262 0.795238 0.992893 1.177824 1.004451 1.110979 0.979886 1.247756 1.161242 0.937341 0.882017 1.054397 1.035449 1.228255 1.237013 1.210724 1.153306 0.988560 1.031717 1.159562 0.973975 1.157811 1.105267 1.058757 1.051652 1.216433 1.045672 1.056908 1.114120 
0.841082 0.899388 1.137117 0.985323 0.800059 1.022271 0.966108 1.119008 1.113379 1.148631 0.849505 1.199917 0.899175 0.846810 1.103166 0.835986 1.228255 1.245973 0.820468 1.111359 0.865534 1.084577 1.039159 1.141927 1.148499 1.097547 0.811424 1.013005 0.907572 1.255579 1.053858 1.067317 1.083416 0.915758 0.971694 1.168484 0.876884 1.054497 1.001378 1.039079 1.118504 0.836240 1.169575 0.861412 1.226425 1.162597 0.893334 0.929217 1.006538 0.899872 
0.908356 0.819712 1.137117 1.059941 0.798152 1.028273 1.115223 0.835153 1.156675 1.104737 1.046393 1.168702 0.925719 0.850981 1.084746 0.854551 1.228255 1.212077 0.990705 1.127811 0.831019 1.241476 0.973366 1.091410 1.205470 1.088129 1.057463 0.928303 0.842799 0.968138 1.192091 0.916150 1.086249 1.009291 1.078357 1.161994 1.127494 1.061971 0.934000 1.029093 1.062989 1.061761 
1.015620 0.815329 1.126490 1.013254 0.798152 1.028273 0.824347 1.083973 1.158755 1.117237 1.104391 1.174611 0.927861 0.879258 1.103555 0.815468 1.228255 1.240197 0.913917 1.164951 1.163440 0.938989 1.256856 1.013814 0.809566 1.074108 1.083421 1.066645 0.936287 1.031367 1.148351 1.175079 1.157648 1.033402 0.965066 1.227168 1.174876 1.213607 1.159194 1.200702 1.162818 0.875439 0.920164 1.090968 1.196808 1.240787 0.899084 0.946706 0.925894 
1.084695 0.865436 1.126490 0.813588 0.798152 1.028273 0.934890 1.193785 1.250904 1.124567 1.028296 1.143404 0.934793 0.879722 1.108956 0.954403 1.218411 1.218625 1.156020 0.862022 1.243519 0.897001 1.225914 1.048564 0.905190 1.079860 1.053961 0.852535 1.059967 0.955552 
1.108911 0.865456 1.124870 0.831466 0.812301 1.069236 0.907301 1.007366 1.191854 1.112407 1.065384 1.165319 0.937443 0.917444 1.108041 1.184606 1.222454 1.240514 0.922877 1.139721 1.086631 0.982523 0.844621 
1.112349 0.811691 1.160617 0.815424 0.800362 1.020526 1.181488 1.030971 0.872335 1.149711 1.090634 1.184179 0.944602 0.870338 1.100837 0.953808 1.252665 1.253421 
1.130954 0.900630 1.156425 1.174306 0.815728 1.082925 1.019468 1.040072 0.816276 1.117142 1.112406 1.204243 0.949889 0.858042 1.108297 1.228286 1.255161 1.241748 0.962076 0.945570 1.060471 
1.138613 0.865728 1.157446 1.127417 0.815572 1.174666 0.986472 1.061473 0.950113 1.079332 1.098085 1.201234 0.939608 0.904805 1.079129 1.172592 1.255161 1.225485 1.123697 1.011191 1.034164 1.087945 1.006559 0.833886 
1.119295 0.934968 1.150196 1.155857 0.802922 1.011187 1.074783 1.058857 0.947022 1.061227 0.962336 1.195068 0.952459 0.864258 1.114159 1.208596 1.249366 1.218622 1.071443 1.108606 1.047139 0.910960 1.221483 0.843153 0.966688 0.893399 1.037644 0.905055 
1.126199 0.854753 1.150196 1.112969 0.804337 1.181042 0.967243 1.013448 0.878795 1.083707 0.951756 1.200101 0.934776 0.908168 1.056570 1.257971 1.249366 1.246968 1.110863 1.057212 0.880470 1.084626 0.974270 1.011119 1.037894 1.089453 1.004164 0.875876 1.182157 1.201777 0.953815 1.005683 0.835101 1.128657 1.197861 
1.097631 0.832982 1.140487 1.121632 0.813112 1.209563 1.169335 0.983960 0.799051 1.191173 1.138656 1.202628 0.838640 0.901409 1.016732 1.180003 1.249366 1.225549 0.800716 1.049438 0.926828 0.993773 1.037757 1.052951 1.146508 0.952856 0.889698 0.856178 1.140342 1.044428 1.067217 1.145616 1.044893 1.097833 1.134476 1.083981 1.102940 1.160373 0.828040 
1.117252 1.051631 1.139769 1.112658 0.797137 1.071009 1.190253 1.115404 0.817905 1.257357 0.814736 1.196571 1.239491 0.899187 0.985333 1.187891 1.256671 1.225549 1.181575 1.057993 0.937253 0.992284 1.041684 0.802532 1.151364 1.098026 0.837006 1.091738 0.856105 1.081201 1.084534 1.119719 1.047934 1.070659 0.963171 0.869006 0.852457 
1.003243 0.952615 1.166563 1.059097 0.797554 1.170380 1.199122 1.054041 0.794759 0.994647 1.138143 1.184522 1.131350 1.074539 1.038690 1.039231 1.250415 1.232760 0.986580 1.074776 0.936881 0.829269 1.060942 1.113157 0.915088 1.229569 0.880529 0.914338 1.222048 0.873523 1.135631 0.932821 1.122781 1.081511 0.856034 1.070393 
1.251013 1.058435 1.158389 1.063431 0.801850 1.092460 1.025417 1.079035 1.128956 0.961308 0.870396 1.202887 0.949567 1.051337 1.162157 1.059483 1.250415 1.254493 0.811704 0.961412 1.247362 0.915321 1.189847 0.830383 1.201650 1.127370 0.813757 1.030113 0.946974 1.031237 1.102541 0.875023 1.105563 0.911891 
0.857857 1.174441 1.158389 1.045403 0.804092 1.150419 1.166954 1.081525 1.173692 0.942122 1.044652 1.224693 0.959566 1.072905 1.011800 1.051014 1.249587 1.231001 0.874253 1.228730 1.126785 0.853623 1.070069 1.036398 1.200389 1.131485 0.881316 1.043613 0.997794 1.110392 0.824425 0.892273 1.117093 0.887256 1.083125 0.841749 1.138832 0.872415 0.927170 1.089486 1.190862 0.994291 1.123085 1.151062 
0.972721 1.169829 1.158389 1.051314 0.800601 0.971604 1.221891 1.070617 1.193404 0.927826 1.136138 1.196286 1.137865 1.094068 1.065962 1.034319 1.256295 1.254009 1.141460 0.823522 1.142037 0.972247 0.975825 1.042351 1.182466 1.224294 0.804985 0.819007 0.979085 1.060798 1.098443 0.927031 1.055160 1.060628 
0.834940 1.167014 1.161773 1.033048 0.800852 0.965095 1.120801 1.060691 1.215668 0.928146 0.997300 1.193241 1.104850 0.894538 0.935562 1.046917 1.256295 1.245057 1.148071 0.885766 1.129442 1.090796 1.226741 0.840132 0.908633 0.883818 1.238859 1.091633 0.861882 1.212404 0.971565 0.857879 
0.904167 1.174010 1.156396 0.886341 0.798208 1.067786 0.996528 1.074251 1.230385 0.937601 0.927849 1.163157 1.226275 1.079451 1.045139 1.028843 1.256295 1.243967 1.149129 0.962331 1.112832 1.173565 1.028677 0.921619 1.211930 1.136974 1.175498 0.871181 1.233927 0.817620 1.248435 1.225900 1.110893 1.087276 1.053090 
0.971002 1.139393 1.156396 0.871710 0.801364 0.947300 0.942348 1.172214 1.182757 0.996214 0.943660 1.193998 0.891219 0.835048 1.048844 1.079422 1.257327 1.250047 0.823209 0.950883 1.124354 0.842391 1.208748 0.813311 1.037919 1.030658 0.835803 1.138945 1.200596 1.063885 1.138311 0.883874 0.899709 
0.868317 1.176459 1.156396 0.896207 0.801364 0.986334 1.037949 1.126965 1.060397 0.930611 0.840629 1.165987 1.195418 0.897594 1.060113 0.998224 1.248030 1.229750 1.208231 0.950883 1.143287 1.196994 0.842447 1.034472 1.119162 1.248403 1.189283 1.162955 1.194179 1.226043 
0.989524 1.138147 1.156017 0.907090 0.809129 0.946795 1.193514 1.141328 1.055686 1.026180 1.164979 1.190479 1.114179 0.875756 1.024951 1.007199 1.248030 1.218679 0.954792 0.830968 1.041695 1.055883 1.218746 1.133455 1.064403 0.891214 0.925360 
0.954249 1.175927 1.156017 0.864983 0.860683 0.970073 0.824197 1.090948 1.063707 0.818474 1.110921 1.168772 1.116146 0.880056 0.991287 0.999624 1.250926 1.230924 0.949071 0.958557 1.008627 1.030053 1.170236 0.810068 1.166906 1.180456 0.956540 0.821999 1.182044 0.951721 1.111945 
1.122930 1.155465 1.156017 1.154508 0.969866 1.003629 0.800206 1.138726 1.056447 0.848079 0.808090 1.192693 1.116338 0.950825 0.973476 1.110098 1.249025 1.248104 0.942369 1.054574 1.077608 1.238966 0.871918 1.129462 0.863825 1.199481 1.230433 1.125881 0.902066 0.818726 1.011749 0.909870 
1.014928 1.134006 1.148515 1.132979 1.205532 0.995442 0.880249 0.947238 1.048246 1.097515 0.807794 1.170507 1.110962 0.847646 0.868113 1.033255 1.245214 1.237722 0.942504 1.038876 1.203412 0.826546 1.232171 0.931027 1.193333 0.995110 1.238970 1.184932 1.135640 0.957989 1.020082 1.114024 1.169385 
0.839138 1.112309 1.155014 1.139963 0.989551 1.024291 0.903822 1.215453 1.061764 1.256607 0.798960 1.198127 1.135577 0.837560 0.950556 0.957567 1.247560 1.249606 0.967549 1.038876 1.031891 1.105458 0.918191 0.799095 1.014048 1.087440 1.247220 1.069851 0.844241 0.824324 1.074135 
1.168525 1.092065 1.151435 1.123676 0.800175 1.012168 0.865050 1.117113 1.062377 0.983278 0.949626 1.187596 1.097768 0.831775 1.073875 1.195146 1.017431 1.229771 0.946607 1.026428 1.058123 1.046912 0.891880 0.805164 0.992337 0.894692 1.226564 1.246643 1.106000 1.199517 1.237389 0.964161 1.090700 1.183634 
0.887980 1.153247 1.141980 1.124921 0.986578 0.961134 1.128414 0.931773 1.051325 0.861694 1.127415 1.192546 1.132054 0.825551 1.127073 0.945328 0.997632 1.215014 0.944766 1.019601 1.194432 1.025933 1.034346 0.796070 1.123097 0.944281 1.223175 1.234904 1.109177 0.876348 1.139798 1.182717 0.924504 0.933970 0.994453 1.150561 0.885452 0.898003 
0.909365 1.141778 1.141980 1.121599 0.974398 0.887497 0.831032 0.947960 1.051325 0.903948 0.896399 1.174353 1.114394 0.880866 1.023548 1.176021 0.972277 1.209658 0.926236 1.033997 1.233461 1.050318 0.834597 0.804823 0.961827 1.090097 1.241573 1.254962 1.173392 1.182520 0.860887 0.923863 1.124696 
1.001135 1.132049 1.146153 0.856744 1.042933 0.962552 0.816976 1.028005 1.056474 1.150489 0.932039 1.196548 1.118134 0.836567 0.875915 0.953934 1.030337 1.208221 1.003583 1.010984 1.200630 0.913376 1.021309 0.806180 0.836567 0.978870 1.248022 1.242273 1.197935 1.193572 0.807389 1.126225 1.065807 1.136135 1.134097 1.023365 1.232595 0.864849 1.146337 1.200939 1.032140 0.909865 0.875351 0.837596 
1.055193 1.137011 1.143284 1.203111 1.118373 0.958707 0.834963 1.012107 1.047717 1.196663 0.900465 1.255528 1.083815 0.848224 1.040099 0.918207 0.894343 1.232184 0.988604 1.245495 1.186211 1.226279 0.934805 0.799813 1.166399 1.197935 1.242222 0.990637 1.151889 0.962164 1.222006 1.099373 1.111917 1.171496 
1.076354 1.178221 1.143455 0.949435 1.124287 0.977798 0.856104 1.014911 0.912025 1.101427 0.900465 1.255528 1.111418 0.879222 1.178150 1.235539 1.020954 1.236357 0.939143 1.067134 1.185489 1.106715 0.993127 0.799813 1.037172 1.197649 1.185667 1.208894 0.844159 1.024508 0.895781 
1.046815 0.830318 1.138832 1.250092 1.125246 1.099245 0.899623 0.975591 1.141636 1.036866 0.919131 1.223685 1.130315 0.888306 0.943732 1.224783 0.860896 1.217833 1.041695 0.815269 1.208770 0.891459 1.146942 0.797240 0.883394 1.183359 1.145707 1.161763 0.999882 1.165717 1.033831 1.091427 0.895655 
1.030214 1.136713 1.135091 0.879550 1.227674 1.140735 1.208582 1.045868 1.060974 0.834585 0.888481 1.165723 1.103595 0.942207 1.048303 1.244740 1.133478 1.237221 1.048818 0.942912 1.145919 1.220661 1.133736 0.796245 0.989352 1.161174 1.028879 1.159917 1.071320 
1.039338 1.017687 1.135091 1.062402 1.127402 1.136184 0.930264 1.102894 1.031430 1.175606 0.928943 0.978416 1.094147 0.841535 1.110538 1.244812 0.967900 1.227634 0.795856 1.202235 0.885408 1.201786 1.152778 0.969739 1.196623 0.868218 1.107453 
1.088251 1.193814 1.135091 1.066497 1.229930 1.053171 0.889146 0.891998 1.078352 1.015070 0.919969 1.187180 1.102254 0.874006 1.217626 1.241377 1.010090 1.226040 0.795856 1.188067 0.829751 1.171793 0.875129 1.132203 1.116675 1.036646 
1.153471 1.168558 1.135091 0.953317 1.177284 1.074555 0.833724 1.059406 1.008823 1.019361 0.910804 1.005598 1.098849 0.823877 1.213265 1.222619 1.022428 1.209610 0.795856 0.915454 1.180498 1.120331 1.068702 1.118196 1.184025 
1.150903 1.186991 1.135091 1.149277 1.133386 1.067350 0.958519 1.125710 1.017114 0.991025 1.048978 0.947359 1.096754 0.876281 1.134231 1.223608 1.045522 1.233462 0.798935 0.932870 0.968751 0.942320 0.865999 0.886955 0.987320 1.039340 0.861462 0.854082 0.878554 0.990848 0.871700 1.050342 1.187291 0.910210 1.189150 1.095557 1.180137 0.937943 
1.169273 1.019381 1.129243 0.893140 1.109502 1.069951 0.908061 0.846841 0.811257 1.080169 1.003932 1.218367 1.083160 0.829689 1.048455 1.233978 1.064896 1.233462 0.798935 0.904369 0.990615 1.169631 1.176175 1.022794 1.221895 1.193748 1.092843 0.831402 0.877830 1.011023 1.116229 1.056692 0.877714 0.932886 1.122299 1.124328 1.066098 0.824432 0.862625 
1.157112 0.930784 1.125092 1.168969 0.847829 1.032757 0.883472 0.807699 1.035928 1.234316 0.944912 1.210341 1.091394 0.805282 1.042858 1.233040 1.032031 1.214034 0.798935 0.908219 0.798736 1.171891 1.152671 1.064082 1.232522 1.077570 1.022641 1.056578 1.199971 1.136506 1.116229 0.830801 0.949711 1.221744 1.043890 1.086675 0.832776 
1.153979 1.188105 1.125092 0.888482 0.869903 1.079501 1.090066 1.120598 0.966265 1.175380 0.828767 1.223668 1.096575 0.860110 1.028470 1.215045 1.035549 1.242512 0.800607 0.812483 0.884754 1.079416 1.148150 0.835113 1.184329 1.107536 1.136540 0.912288 0.926398 1.192271 
1.154704 0.804478 1.126752 1.103221 0.885387 1.059965 1.097549 1.183365 1.098457 1.197681 1.184734 1.202301 1.098056 0.798426 1.007756 1.247066 0.981893 1.231383 0.889085 1.040445 0.905992 0.925667 1.139772 0.948643 1.129561 0.926150 0.794436 0.949384 1.134719 1.127923 1.040991 1.114875 1.096135 1.235686 1.107155 1.042092 1.147517 1.188695 0.878278 
1.159494 0.801643 1.126752 1.172641 0.892727 1.026843 1.117773 1.176492 0.856747 1.163593 1.192357 1.196790 1.085240 0.857428 1.004441 1.240936 0.805044 1.222455 1.102885 0.940164 0.981390 1.247757 0.929945 1.200392 0.852106 0.888685 1.219051 0.999306 1.159565 1.093500 1.045345 0.794575 0.887416 0.952398 0.940745 0.994175 1.045945 1.051650 1.171488 1.154720 
1.160879 0.801632 1.128441 0.960045 0.896741 1.011131 1.148039 0.800942 0.859027 1.068269 1.221135 1.194534 1.097657 0.837604 1.017771 1.241975 0.852160 1.201504 1.102885 0.824110 0.959147 0.807012 0.847386 1.103595 1.194014 0.873841 1.134708 1.138284 1.123641 1.207268 1.049269 1.251230 1.186788 1.018324 1.064029 1.227462 1.077642 0.917679 1.017049 1.097727 
0.946179 0.801664 1.128441 0.923981 0.899706 1.175875 1.192481 1.100420 0.997970 1.089666 1.181577 1.192240 1.091968 0.814283 1.056354 1.229625 1.257587 1.212322 1.100526 1.044827 0.974549 0.883316 1.193369 1.099736 0.995437 0.817185 0.824639 1.019006 1.241104 0.995806 1.054495 1.009950 1.139021 0.906235 0.855674 1.116507 1.070084 1.126250 1.118776 0.916905 0.808789 0.942486 1.159093 
0.815203 0.794568 1.129715 0.975672 0.910471 1.166134 1.216541 1.194508 1.011551 1.034809 1.022760 1.020557 1.117296 0.808837 1.044309 1.229625 1.173022 1.218431 1.111713 1.007983 1.075564 1.229444 0.993825 0.902273 1.109477 0.800045 1.129542 1.082621 1.107372 0.899545 1.030306 0.894764 0.978022 0.863610 0.862634 0.924901 1.025707 1.213093 1.129412 0.861290 0.987572 1.163565 1.130084 
1.139135 0.794568 1.126087 0.815437 0.910471 1.165413 1.209969 1.022056 0.933914 1.035531 0.957944 1.192785 1.107988 0.796569 1.023714 1.254742 0.829456 1.209069 1.096883 1.039341 0.886549 1.001446 1.021327 0.969062 1.129242 0.853645 1.136346 0.843443 1.038981 1.205560 1.045667 1.164209 0.996513 0.986512 1.190910 0.972278 1.145425 1.014835 
0.813080 0.810290 1.126810 1.004696 0.914024 1.193924 1.243437 1.250964 0.825577 1.055651 1.213644 0.864768 1.086751 0.844383 1.002772 1.243717 1.002892 1.204533 1.127233 1.064332 1.003142 1.168612 1.197014 1.162684 0.996168 0.815744 0.943064 1.145672 1.106049 1.198732 1.037114 1.125903 0.975402 1.197879 0.862373 0.826000 0.965922 1.123196 1.232978 0.931072 0.975262 1.215309 
1.107718 0.808638 1.143332 1.050282 0.942860 1.126792 1.060976 1.084193 0.934953 1.084522 1.206924 1.084593 1.090567 0.826973 1.038795 1.252127 1.252005 1.225196 1.119062 1.056026 1.012101 1.193743 1.017744 1.098403 1.117914 0.826954 1.000999 1.024256 1.093097 1.222391 1.073807 0.902164 1.019863 1.007079 0.998506 1.230125 1.089012 1.032987 1.061862 0.818627 1.219503 1.041795 0.911560 1.181507 0.829656 0.921008 
0.984244 0.800517 1.143647 1.141304 0.924045 1.126718 0.801991 0.824957 0.919400 1.070128 1.195333 0.891525 1.110416 0.868035 1.039375 1.252127 0.865242 1.237292 1.097530 1.034777 0.872132 1.193743 1.232703 1.052139 1.018189 0.817127 1.254456 1.018289 1.170325 1.226485 0.903512 0.930108 1.152799 1.239853 1.041292 0.975494 1.246822 1.107751 1.246553 1.221969 1.147526 1.082610 1.033481 
1.171679 0.800517 1.137324 1.165029 1.049554 1.109757 1.154736 0.907836 0.921606 1.115388 1.230064 1.116573 1.130221 0.832057 0.996631 1.237358 1.053096 1.218198 1.229666 1.033609 1.073780 1.175233 1.003504 1.230667 1.044093 0.820001 1.015021 1.223200 0.816912 1.201491 1.141128 0.832472 1.044606 0.882148 1.156889 0.973824 1.135705 1.206119 1.004905 1.126853 
0.965528 0.801293 1.137203 1.097178 1.060782 1.025181 0.913010 1.190969 0.976134 1.122711 1.236294 1.111037 1.089970 0.852772 1.201491 1.232425 1.050771 1.248657 1.230872 1.035415 0.904770 1.170070 1.182814 0.799645 1.039243 0.813699 1.173837 
0.886705 0.799143 1.132447 1.102295 1.100774 1.032320 0.911303 1.160916 0.856160 1.144050 1.174168 0.904927 1.071683 0.795793 1.147313 1.254151 1.027728 1.240806 1.205080 1.087573 0.901270 1.156567 1.227137 0.801708 0.953265 0.812633 1.065079 1.227411 1.123301 1.216471 0.998028 1.220996 1.051023 1.111716 
1.008831 0.797883 1.123331 1.060747 1.058958 1.039120 1.202928 1.186156 0.950792 1.106486 1.206105 1.124737 1.086577 0.856344 1.208647 1.238586 1.010714 1.242542 1.027603 1.059848 0.905422 1.153367 0.917438 0.819250 
1.159491 0.798842 1.126089 0.979540 1.058805 1.179644 1.182677 0.935607 0.890224 1.104474 1.155092 1.187037 1.070283 0.807314 1.187538 1.234956 1.071611 1.252184 1.046459 1.056247 0.889108 1.161177 0.994513 0.892898 1.159398 0.939093 0.923589 0.922556 1.039441 1.163000 1.029836 1.200031 0.922841 0.843962 0.850165 0.875002 0.985496 0.938157 0.916175 1.038400 1.179339 0.867824 
1.157301 0.805555 1.125457 1.097698 1.050464 1.152522 1.032638 0.933742 0.838612 1.117111 0.832353 1.186639 1.096665 0.849976 1.187538 1.238633 0.938781 1.236498 0.997305 1.006157 0.901737 1.161353 1.164050 0.838429 1.211961 1.027775 0.895043 1.077389 0.870594 1.235363 1.045091 0.990637 0.984314 1.158758 0.895729 1.167596 0.978796 1.045273 0.859885 0.885376 1.150058 
1.190016 0.805555 1.127412 0.809809 1.069888 1.130326 1.237754 0.882747 1.102387 1.098403 1.031080 0.895648 1.081291 0.811523 1.171156 1.240590 1.236785 1.205889 1.024633 1.020221 0.869477 1.172939 0.880882 0.921454 0.904116 0.941638 1.074013 1.208649 0.910457 1.014004 1.202240 1.093974 0.887055 0.955419 0.799265 
1.006663 0.954611 1.123445 1.011992 1.015160 1.086827 1.198548 0.863617 0.913200 1.091628 1.047996 1.161372 1.113082 0.808995 1.170570 1.240541 0.997447 1.218992 0.848359 1.039048 0.892986 1.122344 1.049268 0.799256 1.079944 1.253048 0.872503 1.150427 0.867202 1.215851 1.068603 1.157544 0.929202 1.079303 0.907353 1.031252 0.967813 1.049979 
1.134695 1.016911 1.118830 1.147644 1.042641 1.099588 1.200333 0.828628 1.001736 1.091628 1.059689 1.183157 1.074178 0.822551 1.186651 1.249267 0.926767 1.206335 1.019207 1.004631 0.887307 1.035175 1.147388 0.799256 1.190438 1.028331 1.186227 1.170650 0.916644 0.806435 1.150033 1.128966 1.027727 
1.070766 0.911322 1.118830 0.910366 1.005029 1.026874 1.200333 0.858357 0.901777 1.103453 1.207610 1.254403 1.089297 0.832331 1.186651 1.244744 1.070622 1.235534 1.017554 1.051178 0.905830 0.795376 1.174665 0.799256 1.183857 1.046569 1.154021 0.821210 1.097910 1.094842 0.981172 0.951157 1.152829 1.120066 1.154898 1.115047 1.032667 1.187609 
1.055462 1.027756 1.138727 0.910367 1.028368 1.005259 1.210053 0.850464 0.970957 1.094793 1.235549 0.899245 1.104046 0.835851 1.210347 1.248414 0.958794 1.198856 1.080402 1.044141 0.902181 1.120579 1.180630 0.795983 1.033983 1.209284 0.951335 1.082813 1.100507 1.054437 1.046136 1.252336 1.123535 0.863146 0.982189 0.827475 1.175243 
1.140049 1.049299 1.154285 1.059499 0.999878 0.872071 1.193226 0.842599 0.963564 0.915411 1.113193 0.828489 1.101961 0.802523 1.218625 1.248414 0.957060 1.251266 1.215076 1.064811 0.928137 1.123109 1.213660 0.798007 0.899941 0.892444 1.089658 0.836136 1.160708 0.999702 0.919792 1.088765 0.876603 1.038867 
1.087258 0.947688 1.143820 1.005104 0.957250 1.159973 1.018624 0.810124 1.009607 1.187506 1.117336 1.122660 1.126684 0.844198 1.211925 1.240625 1.178050 1.233302 1.165105 1.023334 0.916134 1.016474 1.193232 0.810386 1.232971 1.208152 1.045364 1.172909 
0.966988 0.894624 1.143820 1.094506 0.906693 1.055760 0.984555 0.868229 1.034572 0.834563 1.115156 1.044456 1.091018 0.813551 1.213414 1.251151 1.171476 1.232164 1.030891 1.096428 0.885357 1.117421 1.163679 0.799250 1.005870 1.226898 1.027345 1.164229 0.844884 1.249332 1.123897 1.095106 0.852764 1.114645 1.119336 
1.163855 1.185764 1.138938 1.100604 0.876105 1.050644 1.102718 0.832292 1.033754 1.091322 0.882520 1.201125 1.133993 0.871284 1.211122 1.258452 1.120369 1.241266 0.861173 1.190781 0.939458 1.101714 1.171209 0.808987 1.027293 0.869711 1.034522 1.098362 1.141954 0.948460 0.865369 1.186414 1.001062 0.925694 1.078623 0.962422 1.213516 1.082669 1.038837 1.204065 0.888798 0.846898 
1.029521 0.955304 1.149395 1.127870 0.887402 1.055601 1.141793 0.880188 0.938853 0.885218 1.195517 1.247233 1.131990 0.909100 1.200471 1.258452 0.933908 1.229200 1.217077 1.092434 1.171923 1.073811 1.182114 0.795240 1.041148 0.841658 0.933733 1.202531 1.097335 0.875883 1.011975 1.185960 1.049911 1.197140 1.193639 0.945505 1.214966 0.980325 1.119184 1.105165 1.000837 1.011909 1.210348 1.135113 0.992888 1.109443 1.109753 
1.193046 0.974168 1.139761 1.125014 0.801190 1.199300 1.077033 0.870171 0.895986 1.041074 0.859686 0.817800 1.114076 0.969665 1.220563 1.249067 1.203220 1.236873 1.197498 0.988471 1.189054 1.035432 1.156482 1.234585 0.856126 0.915118 1.058877 
1.169957 0.975103 1.146416 1.081748 0.869708 1.164006 1.010922 0.913311 0.912302 1.157350 0.852269 1.023267 1.139368 0.900909 1.209781 1.250848 1.107191 1.239683 1.135763 1.034894 1.129349 1.114340 0.907421 1.041875 1.169511 0.797862 1.124339 0.990519 0.984742 
1.180455 0.828741 1.134969 0.979840 1.086690 1.204310 0.806838 0.858583 0.911429 1.168741 1.195013 1.040939 1.100127 0.859159 1.185817 1.250848 1.079870 1.253583 1.127803 1.038771 1.224504 
1.141319 0.856377 1.127501 1.073582 0.930740 1.197920 0.809193 0.940615 1.214469 0.992832 1.065582 1.038508 1.104362 0.812972 1.196027 1.250848 1.067380 1.229456 1.112872 1.111428 0.984157 0.828713 1.060049 1.002166 1.197495 1.170470 0.858449 1.199049 0.961616 0.795673 1.160392 1.137108 0.875048 
1.149604 0.907443 1.125487 0.818375 0.896549 1.175520 0.800373 0.887610 1.158329 1.218450 1.022153 1.035245 1.097477 0.817143 1.196027 1.243068 0.807421 1.206151 0.811115 1.113296 1.149761 1.030524 0.835663 1.085772 1.127498 1.045963 0.882093 0.936380 
1.159596 0.920132 1.143150 0.888612 0.861157 1.151375 0.799569 1.062250 0.873331 1.088366 0.940418 1.036344 1.087737 0.835572 1.196494 1.248923 0.855685 1.213384 0.852826 1.111381 1.169470 1.001518 1.029843 0.858813 0.820840 1.128875 1.004361 1.012704 1.161675 1.194944 1.156268 
1.166566 0.901616 1.134422 1.124762 0.907733 1.188866 0.799569 0.952859 1.104535 1.063795 1.020444 1.032442 1.115197 0.810285 1.201834 1.257572 0.982710 1.225049 1.143184 1.100621 1.013459 1.029558 1.165169 1.209174 0.988901 0.933200 1.129264 1.006332 1.173126 0.946590 0.917402 0.996101 1.209409 0.800763 1.178279 1.113105 1.220070 1.107861 
1.159026 0.941505 1.141986 1.174835 0.837412 1.151123 0.799502 0.848520 0.805898 1.097079 1.041431 1.043971 1.137668 0.877212 1.207329 1.257572 0.908737 1.220048 1.083297 1.113805 1.071151 0.887813 0.968804 1.196088 1.157605 1.155035 0.982899 1.015105 0.815326 1.104840 0.923438 
1.179558 0.920558 1.145322 1.023245 0.888200 1.191552 0.798928 1.057195 1.189996 0.886899 1.022668 1.046468 1.117215 0.830159 1.193125 1.257572 0.994160 1.217148 1.125291 1.113333 1.153503 1.098335 1.000249 1.196234 0.973015 1.222921 1.051339 0.809216 0.942551 1.213603 0.981578 1.035324 1.087587 1.217961 1.089889 1.072551 1.181248 0.855294 1.044887 0.986238 1.117505 0.799938 1.098140 1.191700 
1.177982 0.908588 1.145322 1.022746 0.854163 1.205385 0.798110 1.040065 1.077309 0.900819 0.990705 1.082038 1.108184 0.899494 1.203143 1.254852 1.007323 1.247277 1.073773 1.087195 0.989070 1.042408 1.111840 1.195036 0.896027 0.987501 1.172104 1.176263 1.107644 0.850976 1.102789 1.072655 1.123724 0.986650 0.821958 0.832393 1.186922 1.113669 1.056114 1.071949 1.066554 1.101830 1.171338 1.027863 0.960201 1.091234 0.947280 1.112186 0.984869 1.111702 1.217703 1.132282 
1.189039 0.933386 1.145322 1.110139 0.819736 1.226259 0.806051 1.006559 0.950807 1.023496 1.130869 1.049396 1.108184 0.875971 1.210121 1.254852 0.898881 1.255392 1.100175 0.874573 1.128530 1.157272 1.113402 1.185485 1.072132 0.848468 0.847308 1.078825 0.982235 0.833515 1.059613 1.024484 1.089540 1.131155 1.183526 0.866994 1.020352 1.084844 0.901896 1.203903 0.855493 1.200673 0.816910 1.037114 1.078083 0.920867 0.940019 1.032270 0.879219 0.990795 
1.181447 0.910984 1.140879 1.197310 0.794647 1.210362 0.795411 1.002256 0.869713 1.237450 1.112041 1.018240 1.110657 0.918643 1.191245 1.253746 1.021437 1.254213 1.051245 0.983138 1.109281 0.795999 1.126936 1.199934 1.054523 0.974479 0.995690 1.003138 0.954882 1.062109 1.161661 1.068913 1.080192 1.081084 1.145894 1.243164 1.054658 0.810880 0.867124 1.192563 0.950313 0.983645 1.201705 1.136239 1.077380 
1.199653 0.920119 1.140879 1.079223 0.963561 1.214656 0.795411 1.015710 0.851122 1.180963 0.959486 1.037103 1.108079 0.892915 1.227007 1.254522 0.905924 1.254745 1.054791 1.120983 0.920724 1.185690 1.200025 1.223882 1.035190 0.886609 0.822319 0.979011 1.057035 0.891639 1.186167 
1.190559 0.921951 1.140879 1.148281 0.846407 1.214960 0.798032 1.043206 1.066547 0.885989 0.813977 1.018881 1.134898 0.949087 1.181048 1.254522 0.933723 1.252982 1.053546 1.119966 0.922641 1.227987 0.803036 1.178751 1.012847 1.024178 1.211955 1.211531 1.051844 1.141939 1.143716 0.903350 0.975237 1.101931 1.097544 1.161156 
1.171469 0.919213 1.140879 1.217188 0.853365 1.143541 0.798032 1.161445 1.166321 0.844258 1.170414 1.057724 1.103247 1.185344 0.976748 1.254522 0.886849 1.211106 1.014095 0.868632 1.043367 1.212128 1.133875 1.229658 1.010196 
1.215659 0.923136 1.140879 0.956144 0.897239 0.979291 0.798032 0.872996 1.132956 0.848262 1.093085 1.043336 1.098608 0.977069 1.041236 1.254522 1.170544 1.207421 1.051957 0.876885 1.037221 1.244213 1.240928 1.181289 1.164775 1.096960 0.938285 0.895219 1.084200 1.060628 0.829405 
1.206731 0.904292 1.153886 1.168642 0.869649 0.999154 0.798032 1.185867 1.132447 0.864100 0.838053 1.055148 1.111389 1.247422 1.070448 1.252059 1.180199 1.220297 1.060952 0.797906 1.158422 1.226838 0.972005 1.144046 1.005027 1.099598 1.202213 1.130986 1.226045 0.870321 1.008309 0.803865 1.087026 0.975441 1.199828 1.040135 0.816535 1.026889 
1.108841 0.925126 1.143885 1.023254 0.902327 1.159488 0.798032 1.123165 0.864933 0.813766 1.241034 1.031963 1.108527 0.865597 1.169849 1.253628 1.180199 1.257708 1.024231 0.936292 1.085993 1.216783 1.055806 1.022754 1.163579 0.896346 0.973250 1.182694 1.063475 1.109006 1.030808 1.006940 1.174283 0.920428 0.998397 1.220643 1.140876 
1.154460 0.926613 1.143885 1.203001 0.891589 1.113304 0.795137 1.108963 0.996783 0.847752 1.180851 0.898473 1.107227 0.883518 1.044969 1.249960 1.218323 1.242760 1.024080 1.092930 1.114364 1.222107 1.043924 1.114712 0.863662 1.157551 1.222878 1.213382 1.152577 1.111866 0.935368 
1.192546 0.904599 1.143082 1.113101 0.944503 0.916491 1.041230 1.113476 0.955428 0.891682 1.236247 0.991145 0.795521 0.891472 1.242364 1.248008 0.802826 1.246079 1.071707 1.069631 1.130796 1.211614 1.035819 0.969682 1.116050 1.190027 1.068480 1.016128 1.026230 1.052520 0.906804 1.063173 1.163281 0.976815 1.147074 0.931864 1.008803 
1.194987 1.045032 1.156916 1.251020 0.830343 1.243118 1.249721 1.121379 1.158719 0.931000 0.972210 1.011136 0.798715 0.939334 1.132413 1.257100 0.823438 1.232686 1.074989 0.835353 1.177754 1.228681 0.974387 1.000121 1.111767 0.845922 1.186524 0.988784 1.072430 0.924014 0.804043 1.111952 1.254697 1.221589 1.026203 0.816837 1.023933 1.038910 0.837893 
1.189379 1.188857 1.148105 1.170753 0.902230 1.179800 1.199334 1.121092 0.872038 0.903703 1.208716 1.056775 0.798715 0.805306 1.147053 1.257100 0.947117 1.241871 1.146152 0.898163 0.854936 1.228681 1.074956 1.059151 0.986369 1.197874 1.161190 1.007180 1.247080 0.936826 0.870647 1.162376 1.195204 0.926582 0.920210 1.096483 0.845149 1.142753 0.996706 1.035513 0.855626 1.042389 1.121005 1.047525 1.258650 1.138728 
1.183283 1.181330 1.149768 1.105235 0.922986 1.052502 1.212807 1.128142 0.967182 0.878544 1.223446 0.986786 0.798715 1.008670 0.973220 1.257100 1.080634 1.251946 1.149954 0.996747 0.889717 1.229363 1.061362 1.087947 0.926930 0.964354 1.183114 0.806214 0.822463 0.943658 1.077693 1.078065 1.192892 1.061067 1.047279 1.140401 1.057125 1.122981 0.917131 1.123909 0.964240 0.902581 0.906187 1.084940 0.840723 1.039755 1.095374 1.209133 1.056048 0.981308 0.912069 0.870343 
0.817860 1.181330 1.149768 1.033058 0.857155 1.195942 1.195163 1.115278 1.219478 0.852282 1.038240 0.987475 0.798715 1.083387 1.058682 1.253973 1.244768 1.237300 1.054454 0.883206 1.027216 1.221622 1.042557 1.009109 0.947910 0.996615 1.090299 1.106846 0.968397 0.955717 1.057863 1.112321 0.940111 1.039985 1.091720 1.094513 1.186543 1.133760 0.951717 1.102215 1.000258 0.954672 1.107852 1.183794 
1.103551 1.152987 1.137876 1.033130 0.796706 0.998041 1.250177 1.111170 0.871519 0.807756 0.882818 1.002124 0.806818 1.031754 1.095195 1.251779 1.172920 1.239614 1.191944 0.865132 1.121655 1.228198 1.033589 0.944772 0.886350 0.961643 1.145025 0.855110 1.099145 0.814482 1.147328 1.163351 1.085386 0.940559 1.000119 1.074024 0.939742 1.154418 0.860079 1.046874 1.134850 0.924725 0.977548 1.237374 0.964535 1.053363 0.891247 
1.203333 0.958342 1.139857 0.988376 1.125635 0.842897 0.989256 1.095715 0.932805 0.854501 0.996977 1.018678 0.818692 1.122633 1.044322 1.251779 1.162513 1.239614 1.200795 0.931249 1.119746 1.221568 1.173255 1.172526 0.910826 1.104656 1.128734 0.825491 0.941193 1.058221 0.831399 1.193302 0.916546 0.994683 0.891052 0.896090 1.040298 1.039708 0.981568 0.853476 1.239127 0.933506 1.028768 1.045907 0.918194 0.909703 0.955571 1.086067 
1.210467 1.018622 1.142467 1.103754 0.846850 0.841293 0.940029 1.155066 0.800376 0.850823 1.214916 0.990940 0.817295 1.074239 1.117981 1.258430 1.174415 1.238517 1.258904 0.891183 1.150482 1.224929 0.853577 1.001625 0.964310 1.091932 1.099633 0.817784 1.110263 1.045684 1.022103 1.186442 0.903394 1.176094 0.890494 1.088892 1.258459 1.149583 0.971405 1.032406 
0.962353 1.070752 1.142467 1.031449 1.013763 0.845572 1.074620 1.097516 1.251506 0.871484 1.029169 0.937364 0.797587 1.132595 1.126861 1.258430 1.181573 1.255362 1.164677 0.882200 1.069848 1.224929 0.921301 1.141510 0.953434 0.888425 1.138106 1.039505 1.181949 0.949701 1.221266 1.226080 1.214128 1.231554 
0.795023 1.030362 1.142467 1.020400 1.187488 0.836462 1.108295 1.108656 1.228825 0.847685 0.988548 0.930808 0.804249 1.178337 1.126861 1.258863 1.185551 1.223569 0.934391 0.907073 1.197209 1.214668 1.041967 1.047812 1.092853 0.866892 0.828887 0.979098 0.942363 0.928431 1.188490 1.175784 0.998334 1.096861 1.073711 1.110154 1.131904 1.083104 1.112705 1.183768 0.824497 1.027789 0.986735 1.036296 1.078941 0.939154 0.959162 
1.068689 1.056706 1.142467 1.035945 0.914977 0.810438 1.082292 1.108656 1.195314 0.822432 1.055900 0.875722 0.798424 0.868103 1.101353 1.252455 1.163894 1.249869 1.163223 0.925891 1.031389 1.214668 1.036520 0.917247 0.799707 0.948956 1.120617 1.197279 0.850594 1.109411 1.072660 0.962085 1.103951 1.170336 
0.971933 1.056630 1.140685 1.043666 1.099599 0.903624 0.924820 1.084333 1.222962 0.901554 1.011615 0.906047 0.799551 1.120433 0.843932 1.252455 1.157404 1.253319 1.213019 0.890718 0.879822 1.214668 1.045463 1.088749 1.138090 1.165168 1.032330 0.818785 1.186981 0.979284 0.849537 0.839678 0.940378 1.040585 1.070925 0.939405 1.193354 0.884218 1.157205 1.018472 0.933591 0.825823 1.115121 1.083693 
0.984852 1.056630 1.134892 1.039729 1.173162 0.864582 1.114177 1.113950 1.191411 0.934934 1.019223 0.863367 0.799082 1.211822 0.808517 1.250114 1.156306 1.226166 1.155186 0.906453 0.888944 1.214668 0.980039 1.094942 0.908978 0.918751 1.094851 0.928960 1.125293 1.223606 1.110713 0.831149 1.066303 0.813080 1.168419 0.810924 1.159006 0.922476 1.073124 1.028336 0.827649 1.118658 0.980504 
0.861598 1.062807 1.134892 1.058077 1.155595 0.902048 1.039933 1.064106 1.116730 0.896139 1.225892 0.939366 0.804717 1.164656 1.138862 1.249590 1.155043 1.233429 1.199077 0.917238 0.911846 1.214668 0.972355 1.021541 1.128249 0.873914 0.903534 0.831060 0.817791 0.977125 1.226222 1.152620 1.254225 
1.071233 1.024421 1.138404 1.026322 1.119399 1.044561 1.166114 1.089938 1.112405 0.806118 1.177432 0.884665 0.796804 1.248231 1.148250 0.904544 1.166722 1.239249 1.199077 0.914132 0.848808 1.214668 1.247254 0.948622 1.005945 1.136793 1.043633 0.897835 1.072337 1.138919 1.228002 1.188894 0.797900 1.224648 0.919222 0.965221 1.247371 1.087823 1.187525 1.242032 0.880459 1.007944 1.039311 
0.882538 1.030357 1.151097 1.030051 0.966130 1.115048 1.026141 1.032470 1.118911 0.855813 1.154359 0.975915 0.796804 1.253671 1.250336 0.888576 1.207681 1.215180 0.957048 0.946127 0.899536 1.225242 1.068823 1.146455 1.220589 1.193294 1.186275 1.035626 1.199745 1.090984 1.252435 1.126919 1.152303 1.147193 0.977081 0.802020 0.891858 
1.180248 1.083812 1.157145 1.036924 1.110885 1.024315 1.031452 1.023798 1.146382 0.832996 0.968380 0.889448 0.816756 1.252170 1.163528 1.054651 1.180632 1.250458 1.250523 0.941722 1.155454 1.237085 0.903699 0.835098 1.068883 1.151650 
1.206782 1.008461 1.151361 1.041100 1.106175 1.172284 0.963388 1.039293 1.088668 0.865988 1.235473 1.198545 0.794752 1.256242 1.151973 1.142246 1.192613 1.234631 1.244486 0.936062 0.907678 1.237085 1.025276 0.960746 0.798966 1.019015 0.938762 1.134052 1.143617 1.196794 1.175054 1.199177 1.135206 0.915443 0.850792 1.184876 1.129454 1.222882 1.106964 0.899584 0.950901 
1.063517 1.043158 1.150907 1.058744 1.112286 1.071471 1.197507 1.241052 0.807690 0.859665 1.159562 1.124912 0.794752 1.256242 1.168932 0.914070 1.199119 1.206739 1.028645 0.913216 1.010703 1.217802 0.851828 0.855465 1.107130 0.972845 0.980458 1.043538 1.160229 1.240776 
1.189254 1.000713 1.127171 1.041167 1.099771 1.177619 0.951099 0.860759 1.084254 0.888947 1.187692 1.111494 0.794404 1.245607 1.109973 0.839773 1.162001 1.222951 1.173206 0.953338 0.923358 1.217802 1.188548 1.206092 1.159511 
1.088239 1.199187 1.127171 1.026634 1.115629 1.110807 0.981356 0.899922 0.981224 0.824947 1.137761 1.106531 0.794404 1.242999 1.100293 1.014536 1.178538 1.245947 0.917943 1.181734 0.925384 1.222891 1.187529 0.905524 0.868608 1.098514 0.797480 1.241362 
0.959084 1.191365 1.138318 1.049834 1.101889 1.165306 0.925367 1.103734 0.981749 0.903577 0.993806 1.103373 0.795883 1.254897 1.080232 1.025866 1.178538 1.242363 0.893534 1.236944 0.940463 1.233497 1.101696 1.237120 0.966843 1.061211 1.221826 1.139762 0.798470 1.186955 0.804988 0.832765 1.187172 1.145852 0.998699 0.845526 0.950083 1.192569 0.977472 1.072078 1.164954 0.950665 1.154186 
0.955160 1.169942 1.143782 1.173376 1.125968 0.989613 0.986297 1.080711 1.147165 0.849086 1.019623 1.075919 0.794739 1.255336 1.087129 0.998902 1.189757 1.224867 0.893575 1.019966 0.922136 1.239998 1.180963 1.038591 1.051802 1.067923 0.865731 1.126289 1.246715 0.884275 0.964191 1.059618 1.244599 1.005458 0.940649 0.988452 
0.824697 1.002379 1.143782 1.022372 1.115638 1.249806 1.121691 1.039965 1.180802 0.880678 0.841559 1.185695 0.799078 1.220090 1.064650 1.035751 1.189757 1.238133 0.887236 1.220358 0.925702 1.244657 1.048720 0.898712 1.064933 1.018454 1.032241 1.066738 1.044354 1.203400 
0.804054 1.074362 1.133348 0.985236 1.125345 1.245466 1.125258 1.045548 1.209116 1.209418 1.118766 1.037766 0.796432 1.224045 1.053233 0.825376 1.182235 1.242640 0.832382 0.941417 0.923293 1.244657 1.034543 0.977670 1.099146 1.160075 1.044668 1.154059 0.886077 1.185545 0.995404 1.129539 1.010632 1.199927 0.989796 0.947824 1.038512 
0.859969 0.945568 1.152506 0.986266 1.124428 1.097732 1.123436 1.129959 1.238658 0.970084 0.994027 1.029315 0.796432 1.017057 1.073491 1.040490 1.193190 1.249364 0.998972 1.150387 0.922331 1.245969 1.138210 1.049232 0.905365 0.937421 1.098019 1.240454 0.804756 0.873156 1.123848 1.066075 1.076551 0.949408 0.953096 1.023229 1.212014 1.055300 1.050455 0.924537 0.841517 1.003293 1.151248 1.167658 0.881337 1.101797 1.146216 1.253488 0.966234 0.796966 0.816521 0.883273 1.236828 1.050142 0.997402 0.920745 0.831384 1.127057 1.122051 
0.834903 1.159458 1.152506 0.969224 1.144352 0.889948 1.126254 0.799982 1.247749 1.151605 1.151731 1.024972 0.796432 1.014180 1.093081 1.072473 1.209549 1.221926 1.251196 1.040483 0.937742 1.245969 1.027132 0.925160 0.947667 0.880978 1.099394 1.160437 1.036666 1.076183 1.209479 1.053744 1.123973 0.918445 0.943400 1.207321 1.178321 1.130468 1.132121 0.870532 0.837947 0.810665 1.050742 0.905061 0.859344 0.978753 
