146.188352 146.222301 144.653698 147.622756 147.423481 148.213763 145.367416 147.924748 145.959859 147.628391 146.185941 146.282245 145.169355 148.125612 147.316243 145.365807 145.615972 145.557992 147.047967 146.250148 146.982015 146.546155 145.034373 145.791666 147.930451 147.284993 146.934655 146.307685 147.264786 147.265755 146.939659 146.643021 147.969817 147.265488 147.640024 148.119597 146.549125 146.668258 147.047695 146.557015 147.180469 145.292214 146.493498 147.913688 147.031961 145.717163 147.012830 145.942744 148.007187 
146.659283 146.043967 144.653698 147.622756 147.423481 147.988974 148.015383 147.190424 146.895406 147.628391 146.277599 146.282245 145.169355 146.788819 147.316243 147.211703 145.615972 146.453754 147.382179 146.250148 145.578407 146.546155 145.034373 146.664779 145.211030 147.151247 146.388252 147.784686 146.435100 146.540239 146.662622 147.663361 146.686099 147.228976 146.485837 146.378832 145.038002 146.952971 145.370239 145.514735 
145.341722 146.043967 144.653698 147.622756 147.423481 146.152648 147.202247 145.366457 145.938068 147.628391 146.680647 146.282245 145.169355 147.939727 147.286541 147.795547 145.615972 148.040641 146.584934 146.212008 145.594625 145.258576 145.034373 146.124378 145.211030 147.099457 146.388252 147.784686 145.644740 146.421868 147.754238 147.191343 146.057793 147.228976 147.611884 147.343004 147.052300 146.779324 146.780564 146.748326 146.135526 144.944070 146.774706 
145.341722 146.043967 144.653698 145.940258 147.423481 146.765156 145.819085 146.106607 146.052114 147.628391 146.917999 146.282245 145.169355 146.157850 147.286541 147.596015 145.615972 148.040641 146.584934 146.212008 145.451673 147.757960 145.034373 146.432003 145.221065 147.308440 146.388252 147.197082 146.420098 146.869936 147.168560 147.111950 146.072044 147.228976 146.470486 147.910979 147.513868 148.088654 147.845263 147.231788 146.555934 147.389438 147.321313 146.645525 146.124679 145.316997 147.051418 146.659873 148.058572 146.355506 147.271305 
146.292567 146.043967 144.653698 148.019739 147.423481 147.319159 145.901079 147.280311 146.782824 147.628391 147.385092 146.282245 148.095233 147.026072 147.286541 146.918722 145.615972 145.942487 146.584934 146.212008 145.645995 147.513868 144.999473 146.382539 146.128081 145.257486 145.265469 147.036510 146.484664 147.414974 147.596654 145.820939 147.942671 146.208771 
146.867091 146.043967 144.653698 146.722840 147.423481 146.791377 147.386185 147.280311 146.921849 147.599881 148.311015 146.282245 148.220181 147.026072 147.258790 145.014269 145.615972 146.459337 146.597966 146.212008 147.564390 145.672255 144.999473 146.382539 145.090439 145.399216 145.265469 147.036510 146.484664 145.622714 147.977341 146.970807 146.344209 145.334019 145.172540 145.530515 145.434796 
145.822345 146.043967 144.653698 147.254326 147.423481 145.485081 147.104475 146.122140 146.784242 147.281743 148.311676 146.282245 146.868450 146.659347 147.258790 145.149126 145.601433 145.362298 147.679323 146.212008 147.181867 146.665387 144.999473 146.382539 146.781627 147.146699 145.265469 147.036510 146.484664 145.519404 146.711023 145.994594 147.623779 146.497431 146.877002 147.960013 147.768625 145.094704 146.327173 
146.326756 146.043967 144.653698 148.114947 147.423481 145.684164 145.317484 147.541133 147.384104 147.281743 147.922943 146.282245 147.535956 146.197805 147.258790 147.423287 145.601433 146.877233 146.771268 146.212008 146.014659 147.768625 147.685366 146.382539 146.502320 144.951121 145.094704 147.202542 146.484664 145.060735 147.938834 147.961096 147.050094 
146.251162 146.043967 144.653698 146.104262 147.423481 147.849166 145.317484 147.297559 147.106699 147.281743 146.481667 146.282245 147.567066 147.255462 147.258790 146.859275 145.593954 145.918208 146.696512 146.126717 146.468800 147.768625 148.089646 146.382539 146.359710 144.951121 145.094704 146.542193 145.210247 146.754009 147.013417 148.131755 
145.407331 146.043967 144.653698 146.847973 147.423481 147.354488 145.094704 146.481976 146.466516 147.281743 147.976858 146.319957 146.641597 147.265583 147.258790 146.783274 145.593954 144.951121 147.749780 148.350018 145.939660 147.768625 146.382539 146.253772 147.208638 147.873884 145.974564 145.269927 
148.023798 146.043967 144.653698 146.048787 147.423481 147.652209 145.104419 146.753247 147.243110 147.281743 145.900422 147.577070 146.202214 146.947532 147.258790 146.167086 145.593954 144.937351 146.477828 146.099838 145.324930 147.768625 147.269177 146.253772 146.645713 147.306437 147.063283 146.380470 145.453753 145.404936 145.665533 146.818827 146.263061 145.931945 146.831443 145.603900 146.199573 
147.365980 146.043967 144.653698 146.263061 147.423481 148.050369 145.104419 146.712800 146.192051 147.281743 146.412690 145.291666 146.364087 145.835863 147.258790 146.167086 145.593954 144.937351 147.660214 146.420690 145.324930 147.768625 148.271836 146.253772 147.422111 146.424478 147.095265 146.385793 146.827630 147.277956 146.830009 146.659109 145.354558 145.936106 146.148107 147.643905 146.941479 147.074618 147.263003 145.786775 146.933013 145.425919 145.883110 147.719400 146.023219 
148.169567 146.043967 144.653698 146.263061 147.423481 147.970525 145.104419 146.712800 146.357157 147.281743 147.263003 146.868039 146.103315 147.593209 147.258790 146.490032 145.593954 144.937351 146.371071 145.898316 145.324930 147.768625 146.599322 146.253772 147.581489 147.801232 146.338419 146.385793 145.624993 145.910812 145.437179 145.569888 146.397600 147.252876 147.266621 145.956209 145.998733 147.567236 146.003715 146.297435 146.344969 147.117861 
147.564284 146.043967 144.653698 146.263061 147.423481 145.230043 145.125289 146.712800 145.859054 147.281743 146.332367 147.639265 146.436820 147.068802 147.258790 147.240322 145.593954 144.937351 146.462784 146.939791 145.212427 147.768625 146.944569 146.253772 
147.480583 146.043967 144.653698 146.263061 147.449324 147.611566 145.125289 146.712800 145.842087 147.281743 146.762936 147.639265 146.177342 147.808454 147.258790 147.240322 145.593954 144.937351 146.427366 145.614062 146.319396 147.768625 146.242750 146.253772 147.995108 145.225439 147.688276 146.950510 146.116851 147.645519 147.191648 147.090356 147.600588 
145.267274 146.043967 144.653698 146.263061 147.449324 145.904668 145.125289 146.786659 146.865917 147.281743 146.756727 147.639265 147.249880 146.396138 147.258790 147.681522 145.593954 144.937351 146.427366 146.238528 146.285564 147.768625 148.127279 146.253772 147.756502 146.258907 145.621083 147.548595 145.827359 146.476532 147.601243 147.880566 147.762527 
145.267274 146.043967 144.653698 146.263061 147.449324 145.385716 145.125289 146.786659 146.665687 147.281743 146.027726 146.253772 146.923590 147.605403 147.258790 146.302816 145.593954 144.937351 146.427366 147.252971 147.261723 147.649501 145.786613 147.952394 147.054017 145.736676 147.654678 145.930642 146.646126 145.902234 
145.267274 146.043967 144.653698 146.263061 147.449324 147.122496 145.125289 146.727056 145.913488 147.290904 146.771404 146.253772 145.320336 146.214864 147.258790 146.481606 145.593954 144.990086 146.427366 145.303031 147.734770 147.649501 146.085748 146.986613 146.644195 147.213727 147.865313 147.207108 146.093740 147.314233 147.504776 146.979232 146.118906 
146.351313 146.043967 144.705570 146.263061 147.449324 146.399793 145.174699 146.682288 146.768787 147.290904 145.323563 146.253772 148.175398 145.834577 147.258790 147.337069 145.716566 144.990086 146.427366 145.835124 147.296160 147.649501 145.851562 145.919366 147.645810 147.973085 146.779169 146.047113 147.254509 147.305277 146.518580 147.694431 146.641242 147.948076 145.571529 145.905329 
147.144113 146.046924 144.705570 146.263061 147.449324 147.146001 145.174699 146.682288 147.333309 147.290904 145.306453 146.253772 146.321987 145.953394 147.258790 146.006063 145.716566 144.990086 146.422636 145.586740 147.284475 147.649501 148.305468 146.104990 146.891208 148.130601 146.712536 147.247709 146.741587 147.092311 145.581254 147.068978 146.791362 147.359073 147.025024 146.997458 146.133393 147.613657 145.214081 144.726886 145.682852 146.049259 147.088254 
147.247709 146.046924 144.705570 146.263061 147.449324 145.772336 145.174699 146.628867 147.589169 147.290904 147.273530 146.253772 146.043254 147.673806 147.258790 148.005385 145.716566 144.990086 146.422636 146.716386 146.329397 147.649501 147.828545 148.235226 146.102094 
147.993960 146.046924 144.705570 146.263061 147.449324 145.490004 145.174699 146.568822 145.622056 147.290904 147.314663 146.253772 147.614579 145.257492 147.258790 146.530545 145.716566 144.990086 146.422636 147.880083 145.924962 147.649501 146.587046 147.691902 147.309177 144.988529 145.937449 146.721629 147.122612 145.840708 146.440368 146.147432 145.680617 
147.509198 146.046924 144.705570 146.263061 147.449324 146.965084 145.174699 146.566024 145.765336 147.290904 146.701507 146.253772 147.084047 146.825483 147.258790 147.722010 145.716566 144.990086 146.422636 147.218824 146.608007 147.649501 148.253959 148.211263 145.914538 145.959657 145.342222 146.278721 147.317877 146.329882 145.976060 147.315858 145.872191 145.942467 145.935776 146.786337 146.524647 
147.509198 146.251279 144.705570 146.263061 147.449324 145.342222 145.174699 146.468299 146.308868 147.290904 145.830079 146.253772 146.893788 145.306118 147.258790 147.079671 145.716566 144.990086 146.461632 147.218824 148.112727 147.649501 146.053723 146.171784 147.187765 146.756566 146.104051 147.476202 145.457465 146.912512 146.673857 145.363801 145.889076 
146.019739 145.632120 144.705570 146.263061 147.449324 148.335261 145.174699 146.468299 146.844678 147.290904 145.365942 146.253772 147.646031 148.231124 147.258790 145.776527 145.716566 144.990086 146.461632 146.053723 146.927064 146.129742 147.328388 146.779771 145.821034 
146.856547 147.487071 144.742730 146.263061 147.429847 148.335261 145.174699 146.468299 145.994640 147.290904 147.160371 146.253772 147.646031 146.990473 147.258790 146.357945 145.716566 144.990086 146.461632 146.053723 145.622289 146.344174 148.052121 146.312454 146.808284 146.312466 145.654041 145.270497 146.559178 
145.925742 145.775485 144.742730 146.263061 147.429847 147.275919 145.174699 146.491856 144.854644 147.290904 147.463517 146.253772 147.646031 147.076662 147.258790 147.023211 145.716566 144.990086 146.461632 146.063546 145.093230 147.276951 146.395154 146.469018 145.215562 145.499177 146.332574 146.266635 146.370496 
145.584253 146.063546 144.742730 146.263061 146.543990 145.894742 145.174699 146.491856 144.854644 147.290904 146.364456 146.253772 147.646031 145.705353 147.258790 146.198350 145.716566 144.990086 146.461632 145.833045 146.998418 147.280692 145.886212 147.364881 147.006284 146.503247 146.081724 147.303613 145.607844 146.854814 145.519676 147.375322 147.249341 145.956617 146.849021 146.704405 146.150763 146.616564 
145.584253 146.063546 144.742730 146.263061 146.373097 147.359968 145.174699 146.825431 146.741816 147.290904 147.297814 146.253772 147.646031 145.690291 147.258790 147.480767 145.647339 144.909633 146.461632 147.350244 146.398573 147.474465 145.400169 147.401397 148.097209 146.077967 147.255532 146.790866 147.195762 145.909860 145.445448 146.691483 145.344207 146.194510 
145.951505 146.084600 144.742730 146.263061 148.054751 147.636099 145.174699 146.380971 146.992468 147.290904 146.839619 146.253772 146.661253 146.952594 147.258790 147.744661 145.647339 144.909633 146.461632 146.117500 145.850428 146.702692 146.728092 147.401397 147.397327 147.513618 147.226547 148.232175 146.330072 148.134386 145.525605 146.621011 146.272277 146.031092 146.943801 146.083959 147.702617 146.002544 
147.180332 146.109491 144.742730 146.263061 147.401397 147.551330 145.174699 146.161920 146.579166 147.290904 147.120364 146.253772 148.299623 146.461632 147.258790 147.904398 145.647339 144.909633 145.693936 146.248600 145.333900 146.956669 147.659614 147.080821 146.559262 145.446996 145.391377 
146.836994 146.109491 144.742730 146.263061 147.401397 147.625862 145.174699 146.514398 146.591675 147.290904 147.120364 146.253772 148.299623 146.412106 147.258790 144.719982 145.647339 144.909633 145.696825 147.432686 144.864295 146.721918 147.281292 145.982602 148.097784 147.344226 146.403593 
147.639000 146.109491 144.742730 146.263061 147.401397 147.625862 145.174699 146.606751 146.572732 147.290904 145.630961 146.253772 145.532643 146.412106 147.258790 145.978790 145.647339 144.909633 146.136959 145.376297 146.144170 145.388755 145.375720 147.597904 147.103143 147.546292 146.211513 146.335474 146.030403 145.987382 146.073606 146.570079 144.853380 147.136049 147.103604 
148.016245 146.109491 144.724453 146.263061 147.401397 147.625862 145.174699 145.689264 146.661986 147.290904 148.059413 146.253772 147.204684 146.412106 147.258790 147.096981 145.647339 144.909633 144.853380 147.172922 147.236328 147.529965 
148.115286 146.136251 144.724453 146.263061 147.401397 147.625862 145.174699 145.612128 146.661986 147.290904 148.059413 146.253772 145.453602 146.412106 147.258790 145.644255 145.647339 144.909633 146.741522 146.837234 146.251406 147.215674 145.826318 146.984303 146.289774 146.487813 147.364983 146.606276 148.012286 147.664680 146.875604 146.225850 146.898995 
147.923549 146.136251 144.724453 146.263061 147.401397 147.625862 145.174699 146.018647 146.661986 147.290904 147.214153 146.073337 145.141769 146.412106 147.258790 146.017847 145.691654 144.909633 146.442860 146.812652 146.259556 145.459422 145.234886 146.798529 147.598430 147.069438 146.900658 147.181629 146.912390 145.345350 146.574381 
146.583801 146.136251 144.724453 146.263061 147.378100 147.625862 145.174699 146.956576 146.661986 147.290904 146.106391 146.165780 147.585934 146.412106 147.258790 146.995418 145.691654 144.909633 146.527087 146.030724 146.521371 146.507313 145.992998 147.003609 146.385514 146.090105 148.302060 145.762794 147.637541 146.561420 144.889133 147.850161 145.742547 147.829689 
146.411679 146.136251 144.724453 146.263061 147.378100 147.625862 145.174699 146.908662 146.661986 147.372753 147.424215 146.146195 147.672706 147.169303 147.469381 148.029034 145.691654 144.909633 147.291221 147.245256 146.512673 148.302060 147.136069 146.160216 145.345199 147.226415 147.348431 147.454827 148.280618 145.637958 145.904528 147.642283 147.003225 145.595307 
146.411679 146.136251 144.724453 146.263061 147.378100 147.625862 145.212194 147.318039 146.661986 147.232422 147.320875 146.146195 147.582598 147.169303 145.140994 147.304138 145.691654 144.909633 146.235011 145.197701 145.432959 148.302060 147.339453 146.850392 145.714636 147.226415 147.348431 147.001231 145.960821 147.194737 145.245022 146.827669 
146.680532 146.136251 144.724453 146.263061 147.378100 147.625862 146.559974 147.772129 146.555408 146.463023 146.302136 146.146195 147.442727 147.169303 145.140994 147.169699 145.691654 144.909633 145.879211 145.397647 146.415085 147.544581 147.899436 147.429546 145.457766 147.226415 146.624835 147.012462 148.277788 146.337841 146.133115 147.758896 148.126873 145.537779 146.784346 145.672570 146.277187 147.923330 147.032810 147.692550 146.108721 147.765631 146.557313 145.923421 145.221815 146.862903 147.942850 146.122221 145.771427 145.480697 
146.528778 146.136251 144.724453 146.263061 147.378100 147.625862 146.816008 147.772129 146.481969 146.489594 146.733805 146.146195 147.454918 147.169303 145.140994 145.513995 145.691654 144.909633 146.823104 145.397647 146.077100 145.408695 148.051087 145.974514 146.816663 147.226415 147.242481 146.809409 147.141702 145.597651 146.187788 147.194916 146.638256 146.740223 148.006650 145.522962 146.304318 147.923330 146.296493 145.900590 146.817817 146.112677 
146.760894 146.136251 144.724453 146.263061 147.447272 147.625862 146.429955 147.134778 147.435813 146.489594 146.427295 146.146195 147.454918 147.169303 145.140994 146.455505 145.691654 144.909633 146.316636 145.397647 146.611206 145.912364 147.387766 147.148322 145.886611 147.221946 147.277650 146.843100 146.668951 145.978480 145.882220 145.348208 147.003425 147.427854 146.405868 145.995591 146.997630 146.242545 145.400489 145.242498 147.733271 147.149766 147.685687 147.215222 145.443917 145.736566 146.278995 146.588763 145.230931 
147.215222 146.136251 144.724453 146.255904 147.447272 147.625862 145.780580 146.912387 145.908213 146.782048 147.247487 146.146195 147.454918 147.169303 145.140994 146.281603 145.691654 144.909633 145.557029 146.420278 148.269029 146.741040 147.108113 147.293158 146.814546 147.295896 146.278995 146.662834 145.609774 147.061174 
147.215222 146.136251 144.724453 146.420278 147.447272 146.278995 145.705491 147.551399 144.785394 146.629299 147.543458 146.146195 147.454918 147.169303 145.140994 145.463547 145.691654 144.929518 145.792941 148.048645 146.827828 145.962996 146.124407 
147.215222 146.124407 144.724453 146.189121 147.447272 146.278995 145.802301 147.551399 146.496964 146.640384 147.543458 146.076646 147.454918 147.169303 145.140994 146.464439 145.691654 144.929518 
147.215222 146.124407 144.724453 148.073766 147.447272 146.278995 148.184090 147.676178 146.496964 146.506090 147.424477 146.076646 147.566320 147.169303 145.140994 146.645658 145.640913 144.945176 147.036440 148.196174 146.438918 
147.215222 146.124407 144.724453 146.553477 147.447272 146.937203 148.345964 147.676178 146.496964 146.157908 146.823681 146.076646 147.566320 147.219135 145.140994 148.189091 145.640913 144.945176 147.381743 146.658289 147.089325 146.741852 146.853279 146.749046 
147.215222 146.124407 144.724453 146.675322 147.318926 145.317264 146.843472 147.678866 146.496964 146.157908 147.199647 146.076646 147.566320 147.219135 145.140994 145.302879 145.640913 144.945176 147.436946 147.612098 146.403227 146.242417 146.965409 147.309513 146.054241 146.379932 147.319791 147.236642 
147.215222 146.124407 144.614014 146.675322 147.318926 144.783072 146.401823 147.445901 145.438705 146.157908 146.320114 146.076646 147.767365 147.179586 145.140994 146.013907 145.621649 144.991884 147.436946 147.980457 147.479793 146.470660 146.551529 147.057734 145.789248 148.238677 147.570269 147.952800 145.311066 145.178824 145.364989 147.796876 145.384997 147.944701 145.176665 
147.215222 146.124407 144.614014 146.247199 147.318926 144.783072 145.581328 146.219477 145.453592 145.799974 148.081005 146.076646 144.959455 147.179586 145.140994 146.354576 145.621649 144.991884 145.937363 147.980457 147.548713 147.291458 146.422665 146.383047 147.066310 148.100254 146.096290 146.880976 145.979760 145.028525 144.957191 145.655163 147.423498 147.447006 145.176665 148.272211 147.938439 145.450763 145.791042 
147.215222 147.341812 144.614014 146.402590 147.311808 146.364835 145.572163 145.176665 146.069705 145.939762 147.637313 146.079483 146.301504 147.168407 145.035208 148.076573 145.718577 145.060922 148.153054 147.980457 147.458670 147.831867 145.213992 146.214600 145.590781 145.590645 146.096290 146.062251 145.186917 146.820762 146.240261 145.257464 147.423498 147.447006 146.415668 148.178825 147.269284 
146.035579 147.341812 144.614014 146.243385 147.311808 148.147124 145.981549 147.824815 146.596121 146.675276 147.863353 146.079483 147.447006 146.433121 145.035208 147.507787 145.718577 145.060922 147.778354 147.095844 147.424832 146.696995 147.313315 147.082579 145.414747 146.460789 146.096290 148.221168 145.355511 146.045900 146.559540 147.135282 147.293244 145.924948 147.665705 145.819134 
146.477137 146.792075 144.614014 146.243385 147.311808 148.047316 146.009402 147.397654 144.927935 147.517350 146.771508 146.181970 147.565652 147.906404 147.302135 147.507787 145.606730 145.060922 146.706901 145.416669 146.625657 147.226174 145.385973 146.694589 145.603663 146.460789 146.096290 147.069454 147.994082 145.220453 146.040204 147.135282 147.293244 146.516378 
147.013480 147.931888 144.692575 146.243385 147.311808 146.921700 144.799819 147.813343 144.927935 147.517350 146.865812 146.181970 146.857267 147.222042 147.768427 147.507787 145.606730 145.060922 146.037630 146.714625 147.296013 145.503953 145.956610 145.891862 145.467006 146.460789 146.096290 145.466198 147.994082 145.220453 147.607630 147.135282 147.213044 147.771290 147.390332 146.677496 147.267674 147.645230 147.668249 147.433683 145.458071 146.279852 146.166845 146.545294 
147.488278 145.315413 144.692575 146.243385 147.311808 146.364559 145.984106 148.261193 144.927935 147.517350 146.614837 146.181970 147.385548 147.795120 145.502096 147.507787 145.606730 145.060922 147.985686 146.303665 147.296013 145.600683 145.792954 146.975495 145.647716 146.460789 146.158772 145.705164 147.888100 145.220453 145.860157 147.209160 146.563351 147.429040 
146.165124 145.272988 144.692575 146.243385 147.311808 145.220453 146.899634 148.261193 144.927935 147.517350 147.157556 146.181970 146.242145 146.090947 147.209160 147.507787 145.606730 145.060922 146.483840 145.645882 147.296013 144.829297 146.105911 146.517045 147.358039 147.321309 146.152504 147.462273 146.764656 145.782887 146.441557 146.872774 
146.165124 145.272988 144.692575 147.058167 147.417249 145.220453 147.370382 148.261193 144.927935 148.085708 147.610108 146.911981 145.678636 146.072907 146.303081 147.507787 145.606730 145.060922 146.483840 147.462797 147.320725 148.322974 146.956995 146.036457 146.113723 147.237919 147.082027 146.432053 148.246937 146.554427 147.174364 146.826645 146.954524 146.431835 146.480166 
147.610281 145.272988 144.692575 147.267830 147.468713 145.220453 146.090564 145.853173 144.927935 147.805964 147.802643 146.105534 147.515754 146.093435 146.303081 147.507787 145.606730 145.060922 146.294353 147.462797 147.320725 147.094271 146.284492 147.300534 146.702098 147.377348 146.215194 145.990428 147.925068 148.303333 146.581479 147.744052 147.182309 
146.681287 145.272988 144.692575 147.267830 147.468713 145.220453 146.968942 146.829349 148.013170 146.227660 147.530523 146.105534 147.766503 146.126201 146.303081 147.507787 145.606730 145.060922 146.448927 147.462797 147.320725 148.096800 147.777353 146.308679 146.357604 148.058827 146.149566 144.740161 145.111025 146.400127 
147.102441 145.272988 144.692575 147.266928 147.468713 145.220453 147.828010 146.672970 147.593007 146.799927 145.757822 146.228557 147.320725 146.126201 146.303081 147.509977 145.606730 145.060922 147.573889 146.719458 145.388681 147.377186 146.631484 146.193121 146.378518 146.464110 146.758926 
146.683962 145.272988 144.715866 147.266928 146.056520 145.220453 146.505025 146.190167 147.593007 146.418805 146.788524 146.228557 147.320725 146.126201 146.303081 145.928857 145.606730 145.060922 147.573889 146.572831 145.437286 147.337433 146.399969 147.379703 146.741096 145.520259 146.655084 146.208494 145.646089 146.617080 147.124383 
147.194955 145.272988 144.662957 146.374355 146.118170 145.220453 146.674403 147.433583 147.689358 145.403149 147.379703 146.228557 147.320725 146.126201 146.303081 147.151369 145.637519 145.060922 147.573889 147.337433 146.297120 146.778646 146.957724 147.233897 146.671583 145.721821 146.556114 146.848617 146.973024 147.044902 145.509467 147.149457 
145.897050 145.272988 144.662957 146.770130 146.238739 145.220453 146.973024 147.616442 147.649882 147.790856 147.397077 146.228557 147.320725 146.126201 146.303081 146.357043 145.906863 145.060922 147.573889 147.337433 146.297120 146.381242 146.000832 146.216373 145.354898 146.286846 145.432078 145.663179 146.249456 146.127394 145.600950 146.409204 148.172673 
145.615712 145.272988 144.662957 146.932665 146.549400 145.220453 146.947083 146.143200 147.649882 145.985421 146.758375 146.228557 147.320725 146.126201 146.303081 146.111892 145.906863 145.060922 147.573889 147.337433 147.107660 146.451565 146.747445 147.451042 146.871624 146.448788 145.432078 146.468797 146.954464 146.103661 146.608670 
145.960690 145.272988 144.662957 146.230313 146.491356 145.220453 146.947083 147.755127 147.649882 147.397120 146.305016 146.228557 147.320725 146.162335 146.303081 147.923576 145.550071 145.060922 147.573889 147.344051 146.812085 146.191911 146.253701 147.451042 147.113644 146.228721 145.466839 145.779110 146.622785 146.408135 146.550732 146.339417 147.284348 146.865782 
147.514507 145.272988 144.677779 146.760394 147.229890 145.220453 147.379482 147.279830 147.649882 146.452797 147.357503 146.228557 147.320725 146.162335 147.487806 145.412649 146.401053 145.060922 147.573889 147.344051 147.036829 146.191911 147.039066 147.451042 146.380496 146.228721 145.466839 145.779110 146.136075 147.240958 148.314629 145.694218 145.934408 146.235748 146.707883 147.567434 146.892325 146.824490 
146.942785 145.272988 144.677779 146.760394 147.649142 145.220453 146.404344 147.026664 147.649882 146.348900 147.357503 146.228557 147.320725 146.162335 147.209110 145.645937 146.401053 145.060922 146.070451 147.317873 146.428717 146.191911 146.336546 147.451042 146.224340 145.528450 145.466839 145.779110 146.826717 147.635090 146.785691 147.436764 146.659493 
146.654900 145.272988 144.677779 147.364474 147.210013 145.220453 146.405098 146.579606 147.649882 145.806737 147.357503 146.228557 147.320725 146.162335 145.917718 145.634270 146.340214 145.060922 145.881418 147.317873 146.357175 146.451684 147.638160 147.451042 147.319369 147.253508 145.466839 145.779110 146.769556 145.517800 146.555632 146.600471 147.755579 148.142746 146.759266 146.291887 146.566605 146.299306 147.363127 144.965490 147.892388 146.325518 146.588932 147.869106 
146.291887 145.272988 144.677779 145.720822 146.759266 145.220453 146.405098 147.318904 147.649882 147.817565 147.357503 145.779110 147.320725 146.162335 145.484348 146.261394 146.629333 145.060922 147.676125 145.309910 146.357175 145.334300 147.776959 147.451042 146.793689 145.954578 145.466839 146.737646 146.149927 146.440864 145.211341 147.658145 148.301631 145.809606 
146.291887 145.272988 144.677779 146.334536 146.578831 145.220453 146.405098 147.318904 146.572480 147.595431 147.357503 145.779110 147.320725 146.162335 146.696438 145.590948 145.470654 145.060922 146.303784 147.814629 146.434531 148.089624 147.720407 147.451042 147.227169 146.179637 145.497836 145.444505 146.943636 146.069807 146.181791 
146.291887 145.928788 144.638017 146.867977 146.572205 145.220453 146.405098 146.208932 147.251115 147.436675 147.357503 145.937766 147.320725 146.162335 145.810561 145.590948 146.127668 145.060922 147.683296 147.201590 146.434531 146.072938 146.547988 147.451042 145.604389 146.157324 146.807137 145.691531 147.261848 146.383254 146.942354 147.381219 147.097821 
146.291887 147.905297 144.638017 146.110687 146.656903 145.220453 147.557372 147.337769 147.485543 147.012658 147.357503 145.483512 147.320725 146.162335 146.404111 145.590948 146.875492 145.060922 147.683296 145.662232 146.445373 147.415414 145.126479 147.451042 147.261848 146.157324 146.203838 146.708012 146.794860 
146.298724 146.733034 144.749430 147.924018 146.805087 145.192853 146.988267 147.337769 147.354666 147.026956 147.357503 147.358383 147.320725 146.162335 148.330036 145.590948 147.699155 145.060922 147.451042 145.212785 147.054242 146.157324 145.285817 147.190439 146.664577 146.491319 146.468562 
145.794452 146.222917 144.749430 147.297592 148.185014 145.192853 146.270199 147.137907 147.318055 147.624663 147.357503 145.842713 147.320725 146.162335 145.139897 145.590948 147.898201 145.060922 147.389397 148.128454 146.557261 146.157324 146.360195 147.408847 146.772710 148.324744 
146.157324 146.013651 144.749430 147.359053 146.170524 145.192853 146.270199 147.100203 146.406427 147.624663 146.958471 146.916916 147.320725 146.162335 145.464933 145.590948 147.840807 145.060922 147.389397 147.627684 147.289737 146.614742 146.744690 146.621771 146.399229 
146.157324 145.533571 144.749430 146.295499 148.071781 145.192853 146.270199 147.088889 146.698032 146.434810 145.883860 146.857297 147.320725 146.173676 145.464933 145.590948 147.956652 145.060922 147.389397 147.627684 148.108128 146.980377 146.203743 147.110156 146.466395 148.377064 145.628671 146.592652 146.369305 147.525799 146.896571 147.249604 145.378938 145.896653 146.688819 146.493111 145.821150 147.859835 
146.157324 148.044403 144.749430 145.552145 146.173455 145.192853 146.270199 147.213308 145.957756 146.274696 145.919397 145.476135 147.320725 146.173676 147.393526 145.590948 147.956652 145.060922 147.329167 147.627684 148.108128 145.893149 146.156158 146.897976 145.378938 146.829563 147.705925 146.641930 147.223219 147.299151 146.493111 147.249604 147.851697 146.035311 146.284050 147.595453 147.634389 146.705211 146.667285 
146.157324 147.428608 144.749430 144.700170 147.148426 145.192853 146.270199 148.286227 145.077694 147.913337 148.318438 145.476135 147.320725 146.173676 147.393526 145.782048 148.352815 145.060922 147.329167 147.627684 146.804100 145.893149 148.061125 146.039300 145.297141 147.285294 147.183470 146.210637 147.199065 147.063706 146.493111 146.235536 146.142891 146.054094 146.527578 146.087359 146.245832 
146.157324 145.665088 144.749430 146.001589 147.148426 145.192853 146.941278 148.088580 146.012348 145.720643 146.463920 145.546836 147.320725 146.173676 147.393526 145.782048 148.263510 145.117801 147.329167 146.563034 146.235536 146.570856 146.436249 147.318554 145.225749 146.026934 146.010510 147.740443 146.355538 145.462951 
146.151670 147.327025 144.712882 144.790087 147.312970 145.192853 146.898369 146.155351 146.012970 147.001254 145.136273 145.546836 147.320725 146.173676 147.393526 145.782048 148.227144 145.117801 146.252006 147.520903 147.199938 147.416581 146.436249 146.489152 147.263098 146.352946 146.875611 146.756274 148.207745 147.054710 147.472375 147.842434 144.811305 147.532083 146.844159 146.991711 145.746138 146.758980 146.248093 
146.151670 147.327025 144.712882 147.542742 147.312970 146.972748 146.235667 145.056115 146.370233 144.823928 144.985718 145.344946 147.320725 146.173676 147.393526 145.782048 148.006256 145.117801 146.693554 147.200387 147.199938 145.209171 147.700172 145.741712 147.972867 146.352946 146.216499 146.907356 148.191657 146.630415 147.472375 146.208159 146.566364 147.275462 147.300849 146.452781 145.184763 146.910852 145.824900 145.758494 
146.151670 147.327025 144.712882 147.904713 147.312970 146.164760 146.235667 145.282312 146.248734 146.160060 145.166300 145.344946 147.304076 146.173676 147.393526 145.782048 145.997097 145.117801 146.727281 146.321767 147.199938 146.222460 146.723586 145.515599 145.718773 146.352946 146.482326 148.071932 146.553495 145.966326 147.472375 145.438581 146.206145 146.760432 144.815593 146.151018 147.560380 146.457880 148.097690 146.116994 
145.157240 147.327025 144.712882 148.058085 147.312970 146.088656 146.385093 145.747935 146.848140 146.160060 145.465662 145.344946 147.304076 146.173676 147.393526 145.782048 145.525309 145.117422 146.727281 144.815593 147.199938 146.191565 147.181145 145.926563 146.395076 146.352946 146.529433 147.954707 145.247067 145.986889 147.472375 147.055534 145.619796 146.493504 147.421365 146.016165 147.195239 146.777893 148.109835 145.525986 146.557599 148.016954 146.392940 
145.261334 147.327025 144.642434 146.237828 147.312970 146.088656 146.385093 146.508005 146.610582 146.160060 147.192423 146.994647 147.304076 146.173676 147.393526 145.782048 145.292391 145.117422 146.984829 144.914936 145.725033 145.425863 145.981142 145.200490 145.612907 146.351471 148.063677 146.867284 145.079171 144.833820 147.551901 146.695030 146.182118 147.101369 146.849906 146.314364 147.337231 145.255371 146.638201 146.028547 146.731964 145.740512 147.187624 
146.547656 147.327025 144.611626 146.885953 147.312970 146.088656 146.385093 144.751024 147.902045 146.160060 146.407183 145.034954 147.304076 146.173676 147.393526 145.853525 146.198432 145.117422 146.420237 144.914936 146.454684 147.120716 145.629941 144.885503 146.619368 146.351471 148.072795 145.002295 147.337231 145.255371 147.551901 145.495462 146.957134 146.527662 144.807191 145.114762 146.953004 148.066051 
146.076951 147.327025 144.611626 146.936565 147.312970 145.645028 146.476644 146.625008 146.443284 146.160060 144.807191 146.431638 147.304076 146.138074 147.393526 145.853525 146.553949 145.117422 146.490788 144.927052 145.958813 146.020226 145.007316 146.991153 144.668759 146.351471 146.427050 147.979495 147.325620 145.263403 147.551901 147.014071 146.836996 145.379036 147.239098 147.230510 146.146462 146.558321 147.035095 145.954402 146.504114 146.545347 
148.131644 147.327025 144.611626 148.260254 147.208882 147.942487 147.163677 146.169844 147.334412 146.160060 144.807191 145.874788 147.304076 146.138074 147.393526 145.853525 146.648304 145.117422 146.490788 144.927052 146.772035 146.020226 146.864587 147.108726 148.002540 146.431399 147.219129 146.483576 147.200534 145.263403 147.764012 146.555516 146.393972 146.656675 147.150750 146.206968 146.640444 146.537049 145.981372 146.021451 146.488976 144.704357 147.919811 145.411233 146.972010 145.802861 
146.914771 147.389250 144.611626 147.801107 146.775344 147.284438 147.238353 146.374140 147.334412 146.160060 144.807191 145.959938 147.304076 146.138074 145.952216 145.853525 146.558149 145.117422 146.490788 144.927052 147.547456 145.997386 146.663690 147.912656 146.031218 146.431399 146.678768 146.030445 145.292265 145.263403 147.416287 147.624309 145.764237 146.544256 147.155447 145.927588 145.966584 147.337564 146.216325 145.976023 146.526414 146.328100 147.570529 
146.956360 147.335409 144.611626 146.050774 146.187540 144.674750 147.334463 146.900550 147.334412 147.288715 144.807191 146.782450 147.304076 146.138074 145.947179 145.853525 147.448696 145.117422 146.333845 144.878700 146.215579 145.997386 147.233751 147.323698 148.038446 146.431399 147.151114 147.406849 147.355235 145.240885 147.821434 146.697590 147.631929 147.281896 147.273288 148.307794 147.452723 146.089454 147.225531 148.238758 
147.986971 147.335409 144.611626 147.576996 146.187540 144.674750 145.706317 145.624278 146.932973 147.297811 144.807191 146.782450 147.304076 146.138074 145.240885 145.853525 147.448696 145.117422 146.203820 144.878700 147.291145 145.997386 146.099226 146.226479 148.038446 146.431399 147.288676 
146.087996 147.335409 144.611626 146.529894 146.187540 144.674750 146.864990 145.564013 147.305785 148.106451 144.807191 146.227755 147.304076 146.138074 145.240885 145.853525 147.448696 145.117422 146.203820 144.878700 147.291145 146.119967 146.743197 148.073439 147.034347 146.431399 148.011182 145.236296 145.733644 146.406552 145.915051 145.055495 146.772995 146.487372 
146.820716 147.335409 144.611626 146.271864 146.187540 144.674750 146.395198 145.489879 146.555664 146.650451 144.807191 146.540292 147.309708 146.138074 145.240885 145.853525 147.290325 145.117422 147.723254 144.853143 147.291145 145.933915 146.278963 146.431399 
146.425724 147.335409 144.611626 146.002881 146.187540 147.492795 144.813959 148.068649 147.270438 146.458711 144.807191 146.320627 147.309708 146.158380 145.240885 145.853525 147.201807 145.117422 147.723254 144.853143 147.291145 145.933915 146.645089 146.308887 148.320034 145.773437 148.368603 147.514887 146.399428 145.566705 146.518234 146.965851 147.085480 146.370605 146.424713 146.275595 146.450551 145.763273 147.095012 146.450076 145.929822 146.730146 
146.111448 147.335409 144.649494 144.842803 146.187540 147.446183 146.201416 146.396281 145.591661 146.458711 146.129859 145.689158 147.309708 146.158380 145.240885 145.853525 147.659694 145.117422 147.723254 144.853143 147.291145 145.933915 147.044532 147.022694 145.317874 146.011515 146.553498 145.928080 146.202193 146.553950 147.759329 146.900762 147.289887 148.243016 146.455986 148.222974 147.868265 146.898333 145.227563 145.245805 146.343649 
145.879048 147.335409 144.649494 148.033315 146.187540 146.292146 147.700466 146.396281 148.085694 146.467150 147.759329 147.523929 147.309708 146.158380 145.240885 145.853525 146.600789 145.117422 147.723254 144.853143 147.291145 146.120771 146.469263 147.828504 146.709707 147.710765 146.679708 145.154831 145.677218 147.317587 146.140748 147.300706 147.138408 145.217109 147.046134 
147.286512 147.867497 144.649494 145.821211 147.595293 147.992383 146.234898 146.349150 145.896613 146.696504 147.759329 146.245299 147.309708 146.158380 145.240885 145.853525 147.572815 145.117422 146.283192 144.853143 147.291145 147.125477 147.004065 147.357175 147.900100 147.985692 146.014894 145.154831 146.519941 145.150546 146.959584 146.172074 147.637315 145.984006 147.832012 146.132543 145.847584 148.188277 
145.804872 147.765504 144.649494 147.615786 147.595293 146.102296 145.555549 146.349150 147.279669 146.684332 146.722080 146.369755 147.309708 146.068725 145.240885 145.853525 145.881404 145.117422 147.995422 144.853143 147.291145 146.175624 146.172074 147.357175 145.782913 147.118278 145.912786 146.245096 145.882898 146.649389 146.446579 148.302639 146.615932 
147.098653 147.678405 144.649494 145.238760 147.648322 146.434641 145.555549 146.349150 147.365753 146.684332 146.505054 145.862449 147.309708 146.068725 145.240885 145.853525 147.930195 145.117422 146.117675 144.853143 147.291145 146.016743 146.172074 147.357175 145.782913 147.858658 145.818019 145.219090 146.812805 146.150429 145.833084 146.004896 146.633623 147.831239 146.957394 145.038897 146.889476 145.161045 
146.996171 148.363326 144.649494 146.419850 147.665904 146.813780 145.366473 146.349150 147.365753 146.684332 146.505054 146.790520 147.309708 146.068725 145.240885 145.853525 147.975720 145.117422 146.605388 144.853143 147.291145 144.950009 146.172074 147.357175 145.183124 148.340759 145.930121 147.648902 148.312395 146.150429 146.249953 146.359771 147.223941 148.361903 148.234430 147.207633 144.950000 
148.081640 148.363326 144.649494 147.071221 147.665904 146.030111 146.743544 146.349150 147.365753 146.164270 146.384705 145.547053 147.309708 146.068725 145.240885 145.853525 147.975720 145.117422 145.177498 144.853143 147.291145 147.226357 146.172074 147.357175 146.813907 147.614272 147.707564 146.865292 145.686656 146.150429 145.795153 148.124879 146.435215 147.108215 
147.541673 145.835153 144.691843 146.925121 147.089402 146.391415 147.746650 146.349150 147.365753 148.128901 146.384705 146.146822 147.309708 146.068725 145.240885 145.853525 145.357861 145.117422 145.177498 145.207679 147.291145 147.075307 146.172074 147.357175 146.525136 145.310183 148.333798 146.950637 
146.188949 146.584097 144.691843 147.318468 146.532558 147.626091 147.852153 146.349150 147.365753 147.137026 146.462041 146.146822 147.309708 146.057071 145.240885 145.853525 145.162435 145.117422 147.316387 146.375986 147.291145 147.855424 146.172074 147.357175 144.818149 144.631410 147.109931 146.384330 147.141113 146.286826 146.819180 147.446394 146.058957 146.655376 147.443133 
145.265408 145.275281 144.691843 147.440453 145.645413 147.626091 146.599323 146.354466 147.365753 145.951534 145.461308 145.791133 147.309708 146.057071 145.240885 145.853525 146.362454 145.117705 147.131617 146.213535 147.291145 147.717046 146.172074 147.357175 144.818149 146.390969 147.128854 146.231848 146.819180 147.427048 146.786537 144.667589 146.357004 146.689403 146.024748 146.262196 145.942469 146.831765 146.908654 145.649772 147.347941 146.716697 
146.396791 147.320850 144.691843 147.027602 147.009499 147.626091 147.631221 146.354466 147.370675 147.051547 145.205583 146.635435 147.309708 146.057071 145.240885 145.853525 147.528876 145.117705 146.584676 147.590592 146.839505 147.031481 146.172074 147.357175 144.818149 147.253449 146.101439 145.448612 148.238975 145.900218 146.196400 144.667589 148.095619 145.173142 145.831127 146.378748 146.396164 146.107346 146.732694 147.177526 145.191274 146.428572 147.187457 145.135493 147.226453 144.852413 147.153195 
147.299571 147.230304 144.691843 146.428572 147.357175 145.173142 145.967871 146.354466 147.370675 148.044854 145.958680 145.393478 147.309708 146.057071 145.240885 145.853525 145.623435 145.117705 146.559843 144.860254 145.430988 147.395125 146.172074 146.416950 146.360130 146.157146 147.325510 
146.172074 147.230304 144.691843 147.747951 147.532219 145.173142 147.009274 146.354466 147.370675 147.702016 147.042008 147.731977 147.309708 146.057071 145.240885 145.853525 146.154039 145.117705 146.559843 144.860254 147.067895 147.330636 146.731472 147.722741 145.544898 147.323287 146.645109 145.627220 147.346106 
146.172074 146.644708 144.691843 147.670363 147.827052 145.173142 147.323287 146.354466 147.370675 145.358793 145.726570 147.731977 147.309708 146.070692 145.240885 145.853525 147.174372 145.117705 146.559843 144.860254 145.208307 
146.172074 147.346180 144.691843 145.981276 147.625191 145.185337 147.323287 146.882185 145.113752 145.908111 144.860254 147.731977 147.309708 146.070692 145.240885 145.853525 147.117162 145.117705 146.559843 145.733852 146.750246 146.328264 146.597207 147.168404 147.597978 145.528152 147.133303 146.335932 146.742482 147.187068 146.766492 146.421819 145.455007 
146.172074 147.346180 144.691843 147.123072 146.308926 145.185337 147.323287 146.037638 146.513443 146.349322 144.860254 147.731977 147.309708 146.070692 145.240885 145.853525 145.765563 145.117705 146.448831 146.585593 145.822351 147.248215 146.852126 147.734891 148.159195 146.353348 145.760485 146.671219 
146.172074 147.346180 144.691843 147.245873 146.308926 145.185337 147.323287 147.407209 147.161811 146.450991 144.860254 147.731977 147.309708 146.070692 145.240885 145.853525 146.265754 145.117705 146.506914 146.853911 147.936608 147.836445 146.723789 146.550068 145.216979 148.281738 147.857563 144.755327 145.209294 144.628001 146.840719 
146.172074 147.346180 144.691843 147.533695 146.308926 145.185337 147.323287 146.599157 146.153779 147.359716 144.860254 147.731977 147.309708 146.070692 145.240885 145.853525 146.143596 145.117705 148.050903 146.853911 144.748543 147.249478 145.182171 144.628001 147.346256 147.636329 146.844184 144.755327 145.444938 145.728689 146.971701 147.340034 146.430557 146.587287 147.614329 147.663376 146.397877 147.504526 
146.172074 147.346180 144.691843 145.520444 146.308926 145.185337 147.323287 146.768479 146.257478 146.437621 144.860254 147.731977 147.309708 146.070692 145.240885 145.853525 146.137053 145.117705 144.755327 146.635775 147.270929 147.160194 146.549914 144.628001 145.936264 148.015183 147.702102 147.331517 146.373743 145.641706 147.257979 
146.172074 147.346180 144.691843 147.232456 146.308926 145.185337 147.323287 147.173030 146.474333 146.634456 144.860254 147.731977 147.309708 146.070692 145.240885 145.853525 146.110985 145.117705 144.755327 146.635775 148.315542 148.003870 147.462041 144.628001 147.143674 145.997192 148.255761 147.401488 146.135038 145.424566 146.925274 148.301760 146.050900 145.850510 146.246598 147.191845 145.552377 144.830744 146.773218 147.891877 148.188134 147.030035 146.254018 146.680466 
146.172074 147.346180 144.691843 147.232456 146.308926 145.185337 147.323287 145.088976 146.510814 147.165218 146.724771 147.731977 147.309708 146.070692 145.240885 145.853525 147.786186 145.117705 144.755327 146.879289 148.198954 146.211042 146.595277 144.628001 147.745384 146.139993 147.532776 147.834349 145.576871 146.965912 145.182322 148.301760 145.940344 145.615223 146.590605 146.457779 145.779370 147.964928 147.029896 146.540473 148.176014 146.597968 147.979468 147.582548 145.561757 146.184129 146.613281 146.048757 146.303189 145.843352 145.207728 146.251991 
146.172074 147.346180 144.691843 147.061986 146.308926 145.250596 147.281045 145.088976 146.791275 147.599043 146.567187 147.731977 147.309708 146.181256 145.240885 145.853525 147.676501 145.117705 144.755327 147.793512 146.449076 147.455812 146.595277 144.628001 147.964192 146.545518 146.780582 146.184129 147.790122 146.690106 148.059158 146.107094 146.422021 145.898246 145.702116 147.800445 145.333518 147.356293 146.464425 145.290765 147.228852 145.473939 145.832804 146.349470 146.827823 147.145542 146.757291 147.741013 147.249004 146.472175 
146.172074 147.346180 144.691843 146.257400 146.308926 145.250596 147.281045 145.088976 145.925918 145.374140 146.467158 147.531674 147.309708 146.181256 145.240885 145.853525 145.332538 145.117705 144.755327 146.266816 148.251126 147.163795 146.595277 144.628001 147.981914 146.926323 146.588030 146.184129 147.790122 145.916573 144.844838 148.274957 145.833231 146.464339 145.621804 145.249770 146.025074 146.341627 146.015609 148.022318 148.260202 146.803323 147.353688 145.089051 146.479149 
146.172074 147.346180 144.691843 146.251174 146.308926 145.250596 147.281045 145.088976 146.676808 148.122386 147.608034 147.531674 147.309708 146.887884 145.240885 145.853525 146.143631 145.117705 144.755327 146.803323 148.243920 146.457879 145.654245 144.628001 148.182942 146.318536 146.152302 147.776239 146.245243 146.142458 145.497478 
146.183270 147.346180 144.691843 145.894017 146.308926 145.218594 147.332659 148.293582 144.925208 146.142458 146.650944 147.274193 147.309708 145.907851 146.157889 145.853525 147.645808 145.117705 144.755327 146.803323 146.716903 145.281561 144.829595 144.628001 147.635381 147.640904 146.501201 148.022469 147.338585 146.313213 147.377408 144.887566 146.556783 147.188750 147.951384 145.317523 
146.183270 147.346180 144.691843 146.826236 146.279485 145.836467 147.260688 146.336702 145.680381 146.110499 146.430460 147.274193 147.309708 145.416683 146.833633 145.853525 147.331262 145.117705 144.755327 146.201542 147.660696 145.216526 146.563244 144.628001 145.914234 
146.183270 147.346180 144.691843 146.693800 146.279485 148.123074 147.260688 146.791481 146.471995 146.110499 146.218606 147.253033 147.309708 147.498638 148.035941 145.853525 144.628001 145.123414 144.755327 146.072871 147.254772 145.216526 146.012096 145.676746 146.115051 147.331243 146.679232 147.148689 147.056178 148.324395 146.977941 
146.183270 147.346180 144.691843 147.925798 146.279485 147.741910 147.260688 146.006695 146.471995 146.110499 147.989157 147.253033 147.309708 147.363879 148.035941 145.853525 144.628001 145.123414 144.755327 146.804233 145.186874 145.216526 146.257112 146.099061 146.383080 145.604820 146.121497 147.403273 146.579461 147.020204 148.234565 147.927723 146.908777 148.007729 146.342003 147.210915 146.212951 146.422960 
146.183270 147.493898 144.691843 145.727032 146.345017 145.942343 147.260688 147.318343 146.186566 146.110499 146.191877 147.253033 145.589519 146.962694 146.371612 145.853525 144.628001 145.123414 144.755327 147.739412 145.186874 145.216526 148.022878 147.265985 147.497807 146.421030 147.261421 146.169849 146.965494 146.754823 145.757854 146.529256 147.433995 146.763369 146.735915 145.087071 147.362259 
146.183270 147.727217 144.691843 146.372303 146.345017 146.745352 147.260688 147.318343 147.352321 146.110499 146.253930 144.897843 148.218651 146.962694 146.875607 145.853525 147.451638 145.123414 147.442746 147.537579 145.186874 145.216526 148.022878 146.645463 146.273472 145.955749 146.174363 145.311042 145.923320 146.754823 147.980539 
146.183270 147.215987 144.691843 145.982965 146.434801 147.741829 146.720680 147.318343 146.096427 146.110499 146.228275 144.897843 147.292937 146.962694 145.870282 145.853525 146.819400 145.123414 147.442746 147.010328 145.186874 145.216526 148.019619 147.205137 146.587478 145.657317 147.394818 147.928764 146.850699 146.976622 146.478190 146.506078 145.488166 146.936021 147.797422 147.600489 146.874699 
146.183270 147.938859 144.691843 147.478447 146.434801 146.640508 146.188405 147.364023 148.009474 146.110499 148.026741 144.897843 147.292937 146.370640 146.678902 145.853525 146.818775 145.123414 147.102486 147.110320 145.186874 145.216526 146.419833 146.980208 146.382619 146.763975 145.488166 147.928764 148.230071 147.598053 145.489957 146.288301 147.947841 146.846955 146.478256 146.184122 146.678131 145.966178 146.552778 
146.183270 145.624363 144.691843 147.811619 146.429394 145.994131 146.188405 147.364023 146.161678 146.110499 144.684238 144.897843 147.292937 146.033527 147.616165 145.853525 145.923029 145.123414 147.102486 147.110320 144.954118 145.216526 148.289011 147.001768 148.226895 145.150371 145.142465 147.928764 146.494659 147.598053 145.039086 144.757074 147.831334 146.590839 145.899213 146.288333 145.710123 146.396106 147.992905 146.570065 147.476671 146.881745 145.849064 147.437058 146.390090 146.915738 
146.183270 146.008478 144.691843 147.602098 146.429394 147.242140 146.539338 147.364023 146.402109 146.110499 144.684238 144.897843 147.292937 146.356910 148.007974 145.853525 147.619150 145.123414 148.210642 146.018440 146.889676 145.216526 148.289011 146.809582 147.124299 148.025269 145.142465 147.173790 146.221589 147.598053 146.506088 144.659579 147.321266 147.987568 148.013486 146.288333 146.160540 146.813606 145.930918 145.777362 148.128306 146.327448 146.835720 146.081560 148.163722 145.880444 147.268989 146.511861 146.377143 146.036529 147.015030 148.008135 
146.525958 145.571957 144.691843 147.602098 146.429394 146.494615 146.369454 147.364023 146.291128 146.110499 147.569248 144.897843 147.292937 147.220634 147.166912 145.853525 147.151312 145.123414 146.496882 147.015030 146.735325 145.216526 148.289011 146.372373 146.792983 148.025269 145.142465 147.173790 145.966499 147.598053 146.884323 144.775984 148.317515 145.961139 146.752715 147.916104 146.160540 146.813606 147.445455 146.166873 146.738392 146.697699 146.891224 145.915454 
146.171852 145.862928 144.691843 147.602098 146.429394 147.227498 145.346732 147.364023 145.407150 146.110499 146.753447 144.889420 147.292937 146.738392 146.913552 145.853525 146.160540 145.118944 146.557635 147.015030 146.578143 145.216526 148.289011 146.091334 145.655451 148.025269 145.142465 146.343961 146.177333 147.848248 145.502467 147.184542 147.478040 146.340549 146.451639 145.407775 147.613692 146.302362 146.779282 147.151124 148.251398 147.537909 145.628092 146.511195 146.938734 147.097804 147.237690 
145.540566 147.681548 144.691843 147.127707 147.921605 146.357225 146.246135 147.364023 147.024309 146.110499 148.092167 144.841828 147.292937 147.090116 147.373381 145.853525 146.167771 145.118944 146.362906 147.015030 146.663921 145.216526 146.241919 146.771088 146.087857 147.422179 145.142465 146.905407 147.323733 146.106271 146.249910 146.825896 147.447968 146.326901 145.885834 146.521765 147.643101 147.985881 145.987020 146.718743 144.992706 147.537909 147.494371 146.935413 146.896360 147.122701 146.663820 146.991962 
145.540566 147.089207 144.691843 146.647140 146.016260 146.357225 145.476728 147.364023 147.337739 146.110499 145.902659 144.841828 147.292937 148.230805 146.889586 145.853525 146.167771 145.118944 146.234630 147.015030 145.315656 145.216526 145.620774 145.506715 147.622912 147.422179 145.142465 146.108436 145.841230 147.876132 147.168524 145.495782 147.074011 146.974671 145.862951 145.872935 145.241789 145.601881 146.279278 147.892208 
147.369176 144.842334 144.691843 147.615060 146.351379 146.357225 147.253504 147.364023 147.970757 146.110499 146.945421 147.038339 147.292937 148.289415 146.889586 145.853525 146.183126 145.118944 146.219425 147.015030 147.938235 145.216526 146.743115 146.988536 148.015924 146.787889 145.142465 146.797527 145.493232 147.587213 145.823060 147.267264 146.510539 145.113176 
147.755768 144.842334 144.691843 147.615060 145.113176 146.357225 146.408728 147.364023 146.464475 146.110499 146.944766 147.260052 147.292937 146.746327 146.773378 145.853525 146.183126 145.118944 147.285521 147.084618 147.833499 145.216526 147.984528 145.403301 146.692099 146.727748 145.745694 147.968640 146.888569 147.594738 145.609420 145.874098 145.816998 147.810849 148.185547 147.532998 146.777526 146.891066 145.186957 145.710492 146.392790 145.994081 146.110168 148.198063 144.963262 146.805092 147.380240 
145.260564 144.842334 144.691843 147.615060 146.931725 146.357225 147.322921 147.364023 146.529150 146.110499 147.279453 147.372139 147.292937 146.166472 147.790388 145.853525 146.183126 145.118944 145.633102 147.463914 147.117286 145.339521 148.204236 146.889672 146.769125 147.852728 146.756558 146.780290 146.006568 147.883679 146.153014 145.717301 145.214164 146.002430 
145.350907 144.842334 144.691843 147.615060 146.557573 146.357225 146.434787 147.364023 146.529150 146.110499 146.829836 147.475017 147.292937 146.705568 146.152545 145.853525 146.183126 145.118944 145.950888 147.463914 147.260917 145.339521 148.204236 145.214164 145.146757 146.111354 147.001412 146.348356 145.700224 146.206207 147.770979 146.718023 147.040321 147.266492 147.064054 147.150320 145.283738 145.252537 146.126270 148.071396 146.077750 147.115982 146.902874 146.854877 
144.707917 144.842334 144.691843 147.615060 146.557573 146.357225 146.149530 147.364023 146.459717 146.110499 145.956344 145.501266 147.292937 145.100463 147.092713 145.853525 146.183126 145.118944 147.825847 147.463914 147.260917 145.339521 147.867582 145.214164 146.266459 146.132321 146.585538 145.262775 146.191677 147.304139 146.635654 146.067201 146.422591 146.593176 146.565024 147.150320 145.737864 145.887303 147.416082 147.074187 146.045434 146.087166 145.369867 
146.857316 144.842334 144.691843 147.615060 146.142049 146.357225 148.189607 147.364023 146.584279 146.110499 146.486019 146.692770 147.292937 145.569024 146.635216 145.853525 146.183126 145.118944 145.977609 147.390925 147.260917 145.339521 146.820429 147.227645 147.897230 146.969939 145.151842 147.456546 146.848690 147.896179 145.495758 146.332828 145.763804 
146.995018 144.842334 144.691843 147.615060 147.951030 146.789330 145.294346 147.364023 146.510818 146.110499 146.486019 146.416527 147.292937 145.763804 147.258801 146.238200 146.183126 145.118944 145.279866 147.390925 147.260917 145.339521 146.724807 146.231858 146.904718 147.190721 148.301711 147.377857 146.650793 145.974823 145.840290 145.567363 146.938042 146.621746 145.709835 147.318592 145.152555 146.844236 145.361875 146.141471 148.230693 146.794127 147.070026 
146.834290 144.842334 144.691843 147.615060 147.377857 147.668623 147.090369 147.469941 146.536617 146.110499 146.442415 147.648721 147.292937 145.763804 147.329880 146.238200 146.179087 145.118944 146.500576 147.390925 147.260917 145.339521 147.575589 147.024349 144.879006 146.489397 146.155513 148.031838 146.156384 147.087525 145.432732 147.326628 147.292491 147.092907 146.919208 145.905890 146.149080 
146.060284 144.842334 144.691843 147.615060 147.338299 147.259336 145.976381 147.469941 147.010833 146.110499 146.795779 147.228460 147.278587 145.763804 147.306328 146.617724 146.179087 145.118944 146.500576 147.478089 147.478146 145.339521 147.117053 146.240835 147.220706 146.450207 
147.063441 144.842334 144.691843 147.615060 147.338299 145.158182 146.240835 147.467694 146.481247 146.110499 146.034622 145.842347 147.278587 145.763804 145.308900 145.482808 146.130980 145.118944 146.500576 147.350166 146.415033 145.339521 148.081422 147.131234 146.115030 146.610435 145.468802 145.006476 147.266029 145.194753 148.040742 145.967156 146.336221 147.443915 147.534992 147.532926 147.949093 147.864958 145.244474 146.696550 148.215207 
147.703821 144.869356 144.691843 147.615060 147.338299 147.761774 147.070360 145.890985 147.076421 146.122587 146.255784 146.336221 147.232666 145.763804 145.243199 146.593432 146.130980 145.118944 146.815785 147.350166 147.362541 145.339521 145.783528 145.782538 145.991841 145.998771 146.286763 147.963831 145.849501 145.985009 
146.308210 144.869356 144.691843 147.615060 147.338299 147.166255 146.106597 147.244658 147.015208 146.122587 146.485024 146.905771 147.232666 145.763804 145.243199 146.151672 146.130980 145.118944 145.722256 147.146585 147.408708 145.339521 145.914498 145.444432 147.351081 
146.899940 145.892103 144.691843 147.615060 147.338299 147.529007 146.106597 147.094015 147.173346 146.122587 146.003678 146.358713 147.232666 145.763804 145.243199 147.273453 146.128489 145.118944 147.178844 144.679971 147.408708 145.526590 145.765503 146.545684 146.730270 146.201267 145.548688 147.166940 
145.571345 145.785964 144.691843 147.594566 147.338299 146.205682 146.106597 144.753727 147.556475 146.122587 147.196338 146.796902 147.218856 145.763804 145.243199 147.273453 146.128489 145.118944 146.997784 144.679971 147.394283 145.526590 147.737687 146.174456 145.715493 147.075816 147.062243 147.337709 146.730743 146.260012 146.099353 147.507327 147.108588 146.178634 145.631209 146.886062 146.712179 144.676890 145.928941 145.714849 145.598831 145.996836 146.099282 
146.703817 145.785964 144.691843 146.792198 147.338299 146.313339 146.106597 144.753727 144.676890 146.122587 147.196338 146.909470 147.218856 145.948479 145.243199 147.383756 146.128489 145.118944 146.997784 147.503792 147.391803 145.526590 145.326019 145.972544 147.537994 148.350624 146.844677 146.433222 146.314722 146.750986 148.274871 146.282096 145.835549 146.621710 147.200497 146.836600 
146.130831 146.726879 144.691843 147.137539 147.338299 144.594841 146.386034 144.753727 144.676890 146.907849 146.860281 145.225334 147.218856 145.432834 145.243199 147.383756 146.128489 145.118944 147.254936 146.481445 147.577109 145.526590 147.852405 147.583778 147.690772 147.694186 147.969462 147.966841 146.879390 145.979435 
146.130831 146.339191 144.685446 147.137539 147.338299 144.594841 146.633796 144.753727 144.702722 145.222008 147.067192 147.534401 147.218856 145.432834 145.243199 148.216217 146.128489 145.118944 146.949099 146.745400 147.577109 145.526590 147.812309 145.331371 148.157714 145.883040 145.592241 146.074388 146.883597 146.687290 146.715002 148.054660 145.877182 146.258705 147.331955 145.807808 148.253892 
146.130831 146.339191 144.685446 147.137539 147.338299 146.916421 146.670972 146.856026 144.702722 146.526564 147.559284 147.534401 147.370991 148.231407 145.243199 148.184397 146.158390 145.118944 145.097382 148.208811 147.577109 145.526590 147.026921 147.606556 146.971741 147.310820 148.018586 146.635598 146.677009 146.798654 146.371246 148.224483 146.936679 147.350615 146.735288 145.113223 145.746508 146.155589 146.745489 146.408613 146.564391 148.281055 145.313056 145.409064 146.762487 147.284198 147.904044 146.012957 147.215763 147.740612 146.681583 146.774277 146.648008 147.945152 145.274547 145.298975 146.008928 144.852641 144.756928 
146.130831 147.971884 144.685446 146.289545 147.338299 146.742625 146.670972 145.806277 145.218815 148.073265 145.388656 147.571703 147.370991 147.107860 145.243199 148.184397 146.158390 145.118944 145.795517 146.200729 147.668733 145.520747 147.026921 146.213993 146.971741 148.253346 147.847877 147.348529 147.035537 145.680268 146.371246 145.605284 146.448721 145.295158 145.867316 146.550798 145.676496 146.812011 147.216681 145.350423 146.841511 146.616258 148.291818 146.507619 147.884502 146.494972 
