-43.342389 -41.744256 -40.742690 -42.323837 -43.261495 -40.927916 -42.707181 -41.751873 -41.029548 -41.825265 -42.953755 -41.467115 -41.265206 -40.942180 -41.830231 -40.899268 -41.211995 -42.174084 -41.119676 -41.522724 -40.999368 -41.113005 -40.655117 -43.005738 -41.865505 -41.016925 -41.686493 -41.206218 -42.471702 -43.010832 -42.238503 -41.853525 -41.763097 -41.933234 -42.000152 -40.962012 -42.519652 -41.527508 -41.387642 -42.883635 -41.590372 -41.908372 -41.524517 -41.134312 -42.745173 -42.369023 -41.798460 -43.232918 -41.599946 
-41.832482 -41.099131 -40.742690 -42.323837 -43.261495 -41.446193 -41.544368 -41.512338 -42.850313 -41.825265 -41.936188 -41.467115 -41.265206 -41.130305 -41.830231 -42.049334 -41.211995 -42.778151 -40.985862 -41.522724 -42.934605 -41.113005 -40.655117 -42.354112 -42.428899 -41.545086 -41.306261 -42.185502 -42.343300 -41.310752 -41.120910 -41.173976 -41.465427 -41.970476 -43.480430 -42.373607 -41.824883 -41.712238 -40.877479 -42.580714 
-40.847573 -41.099131 -40.742690 -42.323837 -43.261495 -43.560732 -43.340010 -42.570268 -42.800412 -41.825265 -41.136509 -41.467115 -41.265206 -41.463737 -41.832670 -40.939214 -41.211995 -41.519721 -41.159292 -41.475533 -42.059495 -42.457840 -40.655117 -43.562048 -42.428899 -42.129385 -41.306261 -42.185502 -42.954830 -41.337050 -41.083290 -42.789768 -43.298448 -41.970476 -41.308581 -41.614275 -42.811226 -42.828800 -41.897712 -41.386070 -41.591277 -41.702353 -42.719494 
-40.847573 -41.099131 -40.742690 -42.657067 -43.261495 -41.951268 -42.484049 -43.298769 -42.183747 -41.825265 -41.394771 -41.467115 -41.265206 -41.166501 -41.832670 -40.975622 -41.211995 -41.519721 -41.159292 -41.475533 -42.157332 -41.329303 -40.655117 -41.315304 -41.361234 -43.199538 -41.306261 -43.063843 -41.494080 -41.743027 -43.101900 -43.413809 -42.687799 -41.970476 -42.784329 -42.285502 -42.454471 -41.314750 -40.914782 -41.990705 -42.277855 -42.572692 -41.490950 -41.943906 -42.342382 -40.735765 -42.685858 -42.860795 -41.259192 -42.442585 -41.872906 
-42.248850 -41.099131 -40.742690 -41.851372 -43.261495 -41.145805 -42.740658 -41.645241 -41.754924 -41.825265 -42.142700 -41.467115 -41.562409 -41.861014 -41.832670 -42.131172 -41.211995 -42.495811 -41.159292 -41.475533 -42.234348 -42.454471 -40.679472 -41.432003 -43.367007 -41.788404 -41.209482 -41.793319 -41.556474 -42.232773 -41.660664 -42.890590 -41.296925 -42.843137 
-43.438226 -41.099131 -40.742690 -43.106295 -43.261495 -41.895532 -42.267133 -41.645241 -43.062998 -41.972454 -42.044593 -41.467115 -41.559728 -41.861014 -41.799481 -41.514291 -41.211995 -41.427215 -41.210376 -41.475533 -42.434419 -42.743972 -40.679472 -41.432003 -41.295326 -41.883738 -41.209482 -41.793319 -41.556474 -41.669605 -41.425406 -43.201396 -42.918907 -41.689373 -41.988111 -41.755081 -41.280865 
-42.499019 -41.099131 -40.742690 -41.516984 -43.261495 -41.946772 -43.033695 -42.420208 -42.366288 -41.912124 -41.742856 -41.467115 -41.504999 -41.469442 -41.799481 -41.756527 -41.258656 -42.435342 -41.513484 -41.475533 -42.377568 -42.285918 -40.679472 -41.432003 -41.211369 -43.487975 -41.209482 -41.793319 -41.556474 -41.835612 -42.244954 -42.888080 -40.937354 -41.654302 -42.421573 -41.180229 -42.353094 -41.270360 -43.267214 
-43.435299 -41.099131 -40.742690 -41.381886 -43.261495 -42.418850 -40.946062 -42.345654 -43.300113 -41.912124 -40.812514 -41.467115 -41.122218 -43.456585 -41.799481 -42.244688 -41.258656 -42.286314 -42.448028 -41.475533 -42.892395 -42.353094 -41.093935 -41.432003 -41.467916 -40.700146 -41.270360 -41.541273 -41.556474 -41.847218 -40.796730 -41.237780 -42.968515 
-42.328975 -41.099131 -40.742690 -41.779009 -43.261495 -41.866683 -40.946062 -42.069913 -42.564663 -41.912124 -43.114588 -41.467115 -41.605766 -41.653870 -41.799481 -41.068500 -41.309784 -42.693965 -43.153750 -41.516025 -43.411482 -42.353094 -41.008064 -41.432003 -41.584611 -40.700146 -41.270360 -43.503562 -42.286450 -42.365443 -42.314971 -41.515856 
-42.674295 -41.099131 -40.742690 -42.887556 -43.261495 -41.159482 -41.270360 -42.905057 -43.267389 -41.912124 -41.355800 -41.454944 -43.019093 -41.738058 -41.799481 -41.355692 -41.309784 -40.700146 -41.841227 -41.338690 -42.199775 -42.353094 -41.432003 -41.503210 -40.985742 -41.351584 -43.457825 -40.774448 
-41.163128 -41.099131 -40.742690 -42.343142 -43.261495 -41.384060 -41.318605 -41.054030 -41.428763 -41.912124 -42.550663 -40.807550 -41.221146 -42.962412 -41.799481 -41.252518 -41.309784 -40.692841 -42.576700 -42.249677 -41.265093 -42.353094 -42.326029 -41.503210 -42.365507 -42.367802 -42.081175 -41.263557 -42.521860 -41.380385 -41.811166 -42.530013 -41.493500 -43.187478 -41.929821 -41.983170 -42.868894 
-41.071328 -41.099131 -40.742690 -41.493500 -43.261495 -41.338776 -41.318605 -41.212894 -43.224982 -41.912124 -43.332370 -42.676865 -42.328617 -42.882438 -41.799481 -41.252518 -41.309784 -40.692841 -42.174488 -42.078473 -41.265093 -42.353094 -41.266560 -41.503210 -40.987275 -43.454392 -42.309193 -41.187237 -43.371422 -43.204319 -41.019544 -42.999764 -42.794054 -42.744523 -42.611171 -41.207987 -43.607083 -43.174499 -41.658551 -42.120208 -42.203207 -42.607462 -42.493663 -41.449797 -41.828106 
-41.259722 -41.099131 -40.742690 -41.493500 -43.261495 -41.311533 -41.318605 -41.212894 -43.273068 -41.912124 -41.658551 -42.188354 -41.639209 -42.350036 -41.799481 -42.556926 -41.309784 -40.692841 -42.215559 -42.705635 -41.265093 -42.353094 -41.789155 -41.503210 -41.118739 -41.261175 -42.080487 -41.187237 -42.447807 -43.013886 -42.563580 -42.939501 -43.463493 -43.509591 -41.622388 -42.524924 -43.248496 -41.124429 -43.475371 -43.098229 -41.950752 -41.621091 
-41.220320 -41.099131 -40.742690 -41.493500 -43.261495 -42.477712 -41.318309 -41.212894 -42.901389 -41.912124 -43.479644 -41.704308 -41.896072 -43.032885 -41.799481 -41.619779 -41.309784 -40.692841 -41.302536 -43.232596 -40.811643 -42.353094 -41.482231 -41.503210 
-41.515915 -41.099131 -40.742690 -41.493500 -43.213663 -41.120590 -41.318309 -41.212894 -42.534054 -41.912124 -42.255226 -41.704308 -42.774512 -41.431675 -41.799481 -41.619779 -41.309784 -40.692841 -41.252227 -42.759560 -42.305059 -42.353094 -42.900259 -41.503210 -41.206923 -42.581031 -41.337991 -41.932746 -42.663890 -41.092673 -42.904381 -41.588973 -40.778848 
-40.867850 -41.099131 -40.742690 -41.493500 -43.213663 -42.277802 -41.318309 -41.112153 -41.388582 -41.912124 -42.690053 -41.704308 -41.571670 -43.166803 -41.799481 -41.012905 -41.309784 -40.692841 -41.252227 -41.831115 -42.987849 -42.353094 -40.877176 -41.503210 -41.498543 -41.564578 -42.901041 -41.577203 -42.905780 -42.139484 -40.993591 -41.264193 -41.302832 
-40.867850 -41.099131 -40.742690 -41.493500 -43.213663 -42.516848 -41.318309 -41.112153 -42.433389 -41.912124 -42.751706 -41.503210 -41.505578 -41.562770 -41.799481 -42.431433 -41.309784 -40.692841 -41.252227 -41.675235 -42.729796 -42.441456 -42.854796 -40.853816 -41.954992 -42.070997 -41.040648 -41.778204 -42.359419 -41.941033 
-40.867850 -41.099131 -40.742690 -41.493500 -43.213663 -41.967405 -41.318309 -41.170211 -42.167415 -41.915953 -41.530844 -41.503210 -42.542752 -41.889436 -41.799481 -42.823223 -41.309784 -40.709708 -41.252227 -41.965222 -41.180339 -42.441456 -42.475363 -41.557515 -42.803891 -42.534198 -41.095501 -42.907561 -41.695578 -42.802234 -41.584011 -42.666675 -43.292102 
-42.819377 -41.099131 -40.710952 -41.493500 -43.213663 -42.991318 -41.237299 -41.209824 -42.338696 -41.915953 -40.807320 -41.503210 -41.100062 -43.194888 -41.799481 -41.279787 -41.329865 -40.709708 -41.252227 -42.254940 -41.579208 -42.441456 -43.176265 -43.332247 -41.453942 -40.947481 -41.435769 -42.003788 -41.294292 -42.165064 -42.696545 -41.404259 -42.452838 -41.299918 -42.792810 -42.495719 
-41.968504 -41.157950 -40.710952 -41.493500 -43.213663 -42.169105 -41.237299 -41.209824 -42.238516 -41.915953 -42.501993 -41.503210 -43.423703 -41.736234 -41.799481 -42.625880 -41.329865 -40.709708 -41.217063 -42.766307 -43.126286 -42.441456 -41.147346 -42.272747 -42.241913 -41.051625 -42.312294 -41.729385 -43.596814 -42.458834 -43.025266 -42.071470 -43.155998 -41.193434 -42.530944 -43.502964 -41.873081 -40.849556 -41.553951 -41.402531 -42.833526 -41.920880 -42.190703 
-41.729385 -41.157950 -40.710952 -41.493500 -43.213663 -42.245620 -41.237299 -41.213730 -42.411202 -41.915953 -41.600650 -41.503210 -42.895343 -40.865693 -41.799481 -41.149011 -41.329865 -40.709708 -41.217063 -41.964273 -42.325181 -42.441456 -41.302063 -40.966629 -42.517280 
-40.827004 -41.157950 -40.710952 -41.493500 -43.213663 -42.316390 -41.237299 -41.160440 -42.509246 -41.915953 -41.582149 -41.503210 -41.343016 -42.352827 -41.799481 -42.239200 -41.329865 -40.709708 -41.217063 -41.193105 -42.784972 -42.441456 -41.543247 -40.928716 -42.127589 -41.453295 -41.755897 -41.496192 -41.203651 -42.986866 -41.227514 -43.496853 -42.865221 
-41.584386 -41.157950 -40.710952 -41.493500 -43.213663 -41.789970 -41.237299 -41.291758 -41.516995 -41.915953 -42.668507 -41.503210 -41.665265 -42.222153 -41.799481 -41.122316 -41.329865 -40.709708 -41.217063 -41.673015 -43.110112 -42.441456 -41.071680 -40.831445 -43.391909 -43.109109 -40.794887 -41.814459 -42.550679 -42.454972 -42.916291 -42.558801 -42.169171 -41.765681 -42.848356 -41.851887 -42.953300 
-41.584386 -43.133645 -40.710952 -41.493500 -43.213663 -40.794887 -41.237299 -41.275323 -43.384414 -41.915953 -42.725797 -41.503210 -42.608378 -42.636890 -41.799481 -41.763242 -41.329865 -40.709708 -41.351378 -41.673015 -40.850365 -42.441456 -41.233643 -42.491840 -42.862431 -41.807953 -41.889790 -42.392628 -42.288807 -42.468253 -43.392821 -41.465367 -43.282114 
-43.199724 -42.989081 -40.710952 -41.493500 -43.213663 -41.279679 -41.237299 -41.275323 -43.273904 -41.915953 -41.916875 -41.503210 -42.416620 -41.079234 -41.799481 -42.782408 -41.329865 -40.709708 -41.351378 -41.233643 -42.911852 -42.140296 -41.720082 -43.050021 -43.325917 
-41.005035 -42.253561 -40.746738 -41.493500 -43.200000 -41.279679 -41.237299 -41.275323 -43.036088 -41.915953 -41.479762 -41.503210 -42.416620 -42.522063 -41.799481 -42.591795 -41.329865 -40.709708 -41.351378 -41.233643 -41.979376 -42.227294 -41.194031 -41.824574 -41.551296 -42.611988 -42.107220 -42.188273 -41.680176 
-42.093567 -43.155536 -40.746738 -41.493500 -43.200000 -41.496424 -41.237299 -41.352456 -41.510688 -41.915953 -41.157830 -41.503210 -42.416620 -42.708282 -41.799481 -42.236658 -41.329865 -40.709708 -41.351378 -41.164977 -40.690516 -42.555906 -42.681822 -42.815680 -42.494439 -41.744988 -41.853845 -41.836023 -42.590856 
-42.181092 -41.164977 -40.746738 -41.493500 -43.338730 -42.030015 -41.237299 -41.352456 -41.510688 -41.915953 -42.801423 -41.503210 -42.416620 -41.555802 -41.799481 -42.286263 -41.329865 -40.709708 -41.351378 -42.451794 -42.336964 -42.922986 -41.968742 -43.088203 -41.642513 -41.440790 -42.039467 -42.874406 -42.447534 -42.059499 -42.742529 -41.599183 -43.322996 -43.063213 -43.169175 -43.238387 -42.168556 -43.289468 
-42.181092 -41.164977 -40.746738 -41.493500 -43.459864 -41.644412 -41.237299 -41.337702 -43.088763 -41.915953 -42.458552 -41.503210 -42.416620 -42.945090 -41.799481 -41.661642 -41.379239 -40.697813 -41.351378 -41.307320 -43.232741 -41.293731 -41.737825 -43.150489 -41.405420 -43.414225 -41.253107 -41.229152 -43.071498 -42.057823 -41.923626 -41.045133 -42.331053 -42.499617 
-42.279047 -41.178626 -40.746738 -41.493500 -41.378473 -42.448889 -41.237299 -42.195536 -43.537524 -41.915953 -41.645081 -41.503210 -41.920119 -42.833694 -41.799481 -41.832130 -41.379239 -40.697813 -41.351378 -42.111035 -42.852375 -41.072676 -41.356377 -43.150489 -42.449167 -40.960009 -41.165402 -41.263693 -43.051449 -42.055839 -42.931095 -43.544326 -42.710067 -43.491753 -42.813671 -43.512663 -40.907339 -43.169244 
-41.047945 -41.135213 -40.746738 -41.493500 -43.150489 -42.424581 -41.237299 -42.348314 -41.211311 -41.915953 -41.699157 -41.503210 -41.120933 -41.351378 -41.799481 -40.830443 -41.379239 -40.697813 -42.099630 -42.258996 -41.655526 -41.012348 -41.127952 -43.451019 -43.340779 -42.531109 -41.964528 
-42.555527 -41.135213 -40.746738 -41.493500 -43.150489 -42.411515 -41.237299 -42.287260 -41.336546 -41.915953 -41.699157 -41.503210 -41.120933 -41.240884 -41.799481 -41.407051 -41.379239 -40.697813 -42.760874 -41.168398 -41.569390 -41.953322 -41.246303 -42.957630 -40.819724 -41.206228 -42.395218 
-41.026908 -41.135213 -40.746738 -41.493500 -43.150489 -42.411515 -41.237299 -42.115686 -41.138682 -41.915953 -42.990595 -41.503210 -42.826848 -41.240884 -41.799481 -43.422842 -41.379239 -40.697813 -42.134006 -41.433140 -42.087606 -42.075447 -42.236997 -41.408029 -42.796574 -42.408814 -41.178783 -43.534107 -41.996784 -42.456807 -41.670425 -42.237148 -41.508653 -42.992407 -41.625243 
-40.823333 -41.135213 -40.747691 -41.493500 -43.150489 -42.411515 -41.237299 -42.047815 -41.328926 -41.915953 -41.232636 -41.503210 -41.507234 -41.240884 -41.799481 -40.974099 -41.379239 -40.697813 -41.508653 -41.173246 -41.331001 -41.358619 
-41.129939 -41.173187 -40.747691 -41.493500 -43.150489 -42.411515 -41.237299 -42.083480 -41.328926 -41.915953 -41.232636 -41.503210 -42.431046 -41.240884 -41.799481 -42.768159 -41.379239 -40.697813 -43.377945 -43.614076 -42.370857 -41.468587 -43.331083 -42.638084 -41.909942 -41.795784 -41.731708 -42.232009 -41.154876 -41.422708 -41.600788 -41.119285 -43.479607 
-41.501419 -41.173187 -40.747691 -41.493500 -43.150489 -42.411515 -41.237299 -41.681475 -41.328926 -41.915953 -41.442761 -41.539123 -41.298931 -41.240884 -41.799481 -43.348473 -41.425616 -40.697813 -42.949115 -41.638709 -43.456736 -42.020472 -42.418099 -41.170834 -41.146470 -42.073958 -43.439908 -43.401010 -41.852504 -42.758677 -41.480352 
-42.975852 -41.173187 -40.747691 -41.493500 -43.117187 -42.411515 -41.237299 -41.864484 -41.328926 -41.915953 -43.154715 -41.514353 -42.075389 -41.240884 -41.799481 -42.086289 -41.425616 -40.697813 -42.267753 -43.586628 -41.990253 -41.777306 -41.582091 -41.702266 -41.125464 -41.842240 -41.495602 -42.203780 -40.907561 -42.075370 -41.389394 -40.897201 -42.854720 -40.925836 
-41.262992 -41.173187 -40.747691 -41.493500 -43.117187 -42.411515 -41.237299 -41.829669 -41.328926 -42.185441 -42.132462 -41.527466 -41.711730 -41.963799 -41.630036 -40.976105 -41.425616 -40.697813 -42.095215 -41.602365 -41.561433 -41.495602 -43.065490 -42.831788 -42.449369 -41.824249 -42.251661 -41.087194 -41.491372 -41.545607 -42.719078 -41.557865 -43.159506 -42.679451 
-41.262992 -41.173187 -40.747691 -41.493500 -43.117187 -42.411515 -41.532872 -41.477713 -41.328926 -43.076609 -43.079828 -41.527466 -42.016217 -41.963799 -41.307959 -42.268541 -41.425616 -40.697813 -42.832254 -41.468583 -42.656481 -41.495602 -42.296173 -42.116832 -41.990618 -41.824249 -42.251661 -42.316259 -41.865034 -42.940268 -42.155561 -41.520985 
-42.134559 -41.173187 -40.747691 -41.493500 -43.117187 -42.411515 -41.706742 -40.905533 -41.254963 -42.540278 -41.172191 -41.527466 -42.067879 -41.963799 -41.307959 -42.106141 -41.425616 -40.697813 -42.123490 -41.479535 -43.492678 -41.047546 -40.876287 -42.280054 -42.167062 -41.824249 -43.627195 -42.556676 -41.544401 -43.014169 -41.807753 -42.071183 -40.707451 -42.584624 -42.186256 -42.097505 -41.165775 -42.184325 -43.489374 -42.025593 -41.721964 -41.002283 -41.762415 -42.367768 -42.051659 -42.698644 -41.132879 -42.378646 -43.033017 -42.451963 
-43.299849 -41.173187 -40.747691 -41.493500 -43.117187 -42.411515 -41.622440 -40.905533 -41.546966 -41.213332 -41.698364 -41.527466 -42.054573 -41.963799 -41.307959 -42.948026 -41.425616 -40.697813 -43.433906 -41.479535 -43.189694 -41.598735 -41.524090 -43.496879 -43.487538 -41.824249 -42.328825 -43.514967 -42.755911 -42.961827 -42.760059 -41.500300 -41.581276 -41.448914 -40.718805 -42.175258 -42.088177 -42.184325 -41.176664 -41.952742 -41.725652 -42.345398 
-42.452262 -41.173187 -40.747691 -41.493500 -43.227381 -42.411515 -41.285750 -41.489019 -42.459971 -41.213332 -42.364213 -41.527466 -42.054573 -41.963799 -41.307959 -43.013401 -41.425616 -40.697813 -41.982333 -41.479535 -42.757667 -42.631629 -41.107983 -41.218729 -42.319644 -42.167620 -42.216761 -41.850845 -43.274633 -41.553405 -42.043361 -41.112217 -41.214211 -41.623552 -42.973016 -43.506429 -41.124617 -41.616533 -42.128299 -41.445317 -41.067927 -42.137894 -40.863652 -41.802944 -42.511255 -42.907537 -41.508451 -41.955922 -42.120619 
-41.802944 -41.173187 -40.747691 -42.947250 -43.227381 -42.411515 -42.807427 -42.218786 -42.974457 -41.308424 -41.214592 -41.527466 -42.054573 -41.963799 -41.307959 -42.654578 -41.425616 -40.697813 -42.305518 -41.386867 -41.080467 -42.693398 -42.853035 -42.037891 -42.591409 -42.382270 -41.508451 -43.321153 -42.533386 -43.135678 
-41.802944 -41.173187 -40.747691 -41.386867 -43.227381 -41.508451 -42.575530 -42.510831 -41.394143 -41.250184 -42.291381 -41.527466 -42.054573 -41.963799 -41.307959 -42.401636 -41.425616 -40.674806 -42.542151 -41.061299 -42.877994 -41.555776 -41.162289 
-41.802944 -41.162289 -40.747691 -41.607436 -43.227381 -41.508451 -42.170492 -42.510831 -41.341797 -41.358235 -42.291381 -41.623734 -42.054573 -41.963799 -41.307959 -41.810167 -41.425616 -40.674806 
-41.802944 -41.162289 -40.747691 -40.690943 -43.227381 -41.508451 -41.090596 -42.351141 -41.341797 -41.319029 -42.350416 -41.623734 -42.111293 -41.963799 -41.307959 -42.773459 -41.392020 -40.656572 -43.257199 -41.181992 -42.313641 
-41.802944 -41.162289 -40.747691 -41.338938 -43.227381 -41.673599 -41.299529 -42.351141 -41.341797 -41.171433 -41.409376 -41.623734 -42.111293 -41.914963 -41.307959 -41.206028 -41.392020 -40.656572 -42.389574 -42.032739 -41.635743 -42.588531 -41.935154 -43.299397 
-41.802944 -41.162289 -40.747691 -41.226941 -43.046297 -42.709369 -41.327493 -42.355310 -41.341797 -41.171433 -41.562501 -41.623734 -42.111293 -41.914963 -41.307959 -42.462394 -41.392020 -40.656572 -42.268580 -41.105557 -42.354219 -42.265039 -42.844797 -43.526646 -43.311335 -43.024756 -42.211408 -43.357200 
-41.802944 -41.162289 -40.892076 -41.226941 -43.046297 -41.394835 -42.848107 -42.517460 -42.625497 -41.171433 -43.038010 -41.623734 -41.993946 -41.944386 -41.307959 -41.712673 -41.314758 -40.687934 -42.268580 -42.281003 -42.433870 -41.626844 -41.361370 -42.489272 -43.297010 -41.015999 -41.013410 -41.345580 -42.117274 -41.948882 -42.535791 -40.904910 -42.828260 -40.899102 -40.758408 
-41.802944 -41.162289 -40.892076 -41.220723 -43.046297 -41.394835 -42.316529 -41.676819 -42.442397 -42.835019 -40.762847 -41.623734 -41.623454 -41.944386 -41.307959 -41.732127 -41.314758 -40.687934 -42.725899 -42.281003 -42.105578 -41.506031 -42.862184 -41.468388 -41.172181 -41.493479 -41.131628 -42.899480 -42.198198 -41.691553 -41.575891 -42.479689 -42.551699 -42.308584 -40.758408 -41.088116 -41.451456 -43.010783 -42.360040 
-41.802944 -41.549736 -40.892076 -41.228937 -42.818810 -42.007386 -42.229490 -40.758408 -42.806351 -42.833661 -40.891804 -41.567395 -42.849242 -41.993608 -41.293176 -41.038145 -41.354712 -40.788342 -40.711252 -42.281003 -42.106624 -41.805394 -41.967232 -43.395742 -42.884040 -42.384119 -41.131628 -41.688545 -42.237468 -42.820216 -41.648820 -41.831337 -42.551699 -42.308584 -42.330212 -41.063605 -43.093466 
-42.602559 -41.549736 -40.892076 -41.445233 -42.818810 -40.780221 -42.265289 -42.204065 -43.623338 -42.019603 -40.876839 -41.567395 -42.308584 -42.017473 -41.293176 -42.472912 -41.354712 -40.788342 -41.796396 -41.201859 -42.097955 -42.033291 -42.697347 -41.548086 -42.733268 -41.432777 -41.131628 -41.169415 -41.326764 -42.313313 -41.438342 -42.021064 -41.788405 -43.111722 -40.963156 -42.674041 
-41.765057 -42.615625 -40.892076 -41.445233 -42.818810 -40.918922 -43.122543 -42.514883 -41.324535 -42.025754 -43.120035 -41.507698 -41.419655 -42.244855 -43.261511 -42.472912 -41.336105 -40.788342 -42.251850 -42.792045 -42.148192 -41.462488 -40.964352 -41.991786 -42.489872 -41.432777 -41.131628 -41.736051 -41.664339 -40.885386 -42.677475 -42.021064 -41.788405 -42.894873 
-43.438952 -41.209595 -40.838828 -41.445233 -42.818810 -41.960048 -41.340908 -42.004403 -41.324535 -42.025754 -42.273276 -41.507698 -41.779309 -43.057739 -42.283053 -42.472912 -41.336105 -40.788342 -43.509543 -43.122429 -41.836281 -43.009255 -41.929214 -42.794025 -42.346967 -41.432777 -41.131628 -42.830985 -41.664339 -40.885386 -41.448248 -42.021064 -41.537926 -41.864668 -41.466149 -42.651140 -42.922302 -40.767009 -41.339526 -41.539468 -42.559567 -42.353382 -42.192167 -41.393359 
-42.169565 -41.049260 -40.838828 -41.445233 -42.818810 -42.594683 -42.031162 -42.319156 -41.324535 -42.025754 -41.133818 -41.507698 -42.318828 -41.801359 -42.561268 -42.472912 -41.336105 -40.788342 -41.182338 -41.960806 -41.836281 -42.869809 -42.975820 -42.375527 -42.292262 -41.432777 -41.150684 -43.090082 -41.241183 -40.885386 -42.818636 -41.993834 -42.011589 -40.978520 
-41.121221 -40.969935 -40.838828 -41.445233 -42.818810 -40.885386 -42.429668 -42.319156 -41.324535 -42.025754 -42.047486 -41.507698 -43.313250 -43.215362 -41.993834 -42.472912 -41.336105 -40.788342 -41.541695 -42.703028 -41.836281 -41.411125 -43.544194 -43.404879 -42.572810 -41.927325 -42.680625 -42.303699 -41.873728 -41.917945 -42.737526 -43.436188 
-41.121221 -40.969935 -40.838828 -42.028394 -43.186499 -40.885386 -43.484863 -42.319156 -41.324535 -41.513310 -40.954878 -41.676830 -42.533871 -42.848115 -41.460855 -42.472912 -41.336105 -40.788342 -41.541695 -42.013869 -41.713606 -40.913161 -42.248456 -43.344571 -41.552849 -41.362707 -43.034827 -43.470398 -41.397370 -42.647868 -43.140638 -41.777134 -41.836824 -41.866844 -41.801858 
-42.059943 -40.969935 -40.838828 -42.020075 -43.249522 -40.885386 -42.719397 -42.440538 -41.324535 -42.369345 -40.963651 -41.524102 -41.090639 -41.074304 -41.460855 -42.472912 -41.336105 -40.788342 -42.328671 -42.013869 -41.713606 -41.402315 -42.333708 -43.115345 -41.826738 -41.030694 -42.343655 -43.129898 -40.932691 -42.357383 -41.426922 -41.388319 -41.324385 
-43.474151 -40.969935 -40.838828 -42.020075 -43.249522 -40.885386 -43.116616 -41.054581 -42.194998 -43.102338 -41.082702 -41.524102 -41.651782 -41.135282 -41.460855 -42.472912 -41.336105 -40.788342 -41.638854 -42.013869 -41.713606 -40.985727 -41.670148 -43.012442 -42.431744 -41.348327 -42.037208 -41.031511 -40.763100 -42.416771 
-43.464093 -40.969935 -40.838828 -42.014652 -43.249522 -40.885386 -41.142088 -41.250181 -42.124165 -42.612469 -41.914361 -41.461175 -41.713606 -41.135282 -41.460855 -41.607878 -41.336105 -40.788342 -41.988738 -43.284035 -42.683559 -42.706023 -43.004810 -41.678035 -42.911837 -42.082327 -42.401926 
-41.620803 -40.969935 -40.895703 -42.014652 -41.791645 -40.885386 -43.265216 -42.781935 -42.124165 -42.567226 -41.056214 -41.461175 -41.713606 -41.135282 -41.460855 -42.707680 -41.336105 -40.788342 -41.988738 -42.031100 -42.671624 -42.732745 -41.725147 -43.159757 -41.791162 -42.951854 -41.730034 -42.215212 -42.391555 -42.511641 -42.460891 
-41.473746 -40.969935 -40.989758 -42.400966 -43.032985 -40.885386 -42.416090 -41.389384 -42.319562 -42.709314 -43.159757 -41.461175 -41.713606 -41.135282 -41.460855 -42.587105 -41.391300 -40.788342 -41.988738 -42.732745 -41.657454 -42.580693 -41.541500 -42.916078 -42.898643 -42.387409 -42.413548 -41.254918 -42.022691 -43.424244 -42.972126 -43.137815 
-43.186581 -40.969935 -40.989758 -41.424039 -42.517873 -40.885386 -42.022691 -40.802276 -42.223452 -40.932461 -43.202352 -41.461175 -41.713606 -41.135282 -41.460855 -42.837899 -41.514712 -40.788342 -41.988738 -42.732745 -41.657454 -42.294753 -42.725154 -42.861149 -42.155312 -41.508109 -41.212899 -42.324918 -43.062799 -43.306398 -42.897924 -42.623717 -41.074750 
-42.974704 -40.969935 -40.989758 -41.253603 -42.123187 -40.885386 -42.047862 -42.247274 -42.223452 -43.473186 -41.604557 -41.461175 -41.713606 -41.135282 -41.460855 -43.160884 -41.514712 -40.788342 -41.988738 -42.732745 -43.347283 -41.838092 -43.119491 -43.249188 -42.266073 -43.166175 -41.212899 -41.736671 -42.155603 -42.759692 -41.873474 
-42.123399 -40.969935 -40.989758 -41.186031 -42.913711 -40.885386 -42.047862 -40.956464 -42.223452 -43.261633 -42.945440 -41.461175 -41.713606 -41.208162 -41.460855 -40.969931 -42.733694 -40.788342 -41.988738 -43.062785 -42.640941 -41.314807 -42.441714 -43.249188 -43.488990 -41.265874 -41.235243 -41.526380 -42.783387 -43.323410 -43.306317 -43.369379 -42.462085 -42.955396 
-41.502184 -40.969935 -40.974125 -41.123747 -41.403599 -40.885386 -41.621930 -43.319893 -42.223452 -42.740853 -42.006490 -41.461175 -41.713606 -41.208162 -42.362752 -42.718386 -41.520309 -40.788342 -41.988738 -43.062785 -41.014326 -41.314807 -42.418787 -43.249188 -42.875798 -41.265874 -41.235243 -41.526380 -41.713579 -42.082902 -40.953304 -42.280558 -41.963591 -42.035909 -42.409184 -41.041553 -42.925862 -43.031097 
-43.271720 -40.969935 -40.974125 -41.123747 -41.632590 -40.885386 -41.379922 -41.517395 -42.223452 -41.690711 -42.006490 -41.461175 -41.713606 -41.208162 -42.621026 -42.222953 -41.520309 -40.788342 -43.511189 -42.960947 -41.598324 -41.314807 -42.905062 -43.249188 -42.519332 -42.430462 -41.235243 -41.526380 -41.113579 -41.411537 -41.196973 -41.289886 -41.543861 
-42.957685 -40.969935 -40.974125 -41.397582 -41.596986 -40.885386 -41.394846 -41.941546 -42.223452 -42.602244 -42.006490 -41.461175 -41.713606 -41.208162 -42.326958 -42.743472 -41.918558 -40.788342 -42.939960 -42.960947 -41.664253 -41.610416 -41.688702 -43.249188 -41.673269 -41.338330 -41.235243 -41.526380 -41.380411 -42.153516 -42.096860 -42.215075 -42.074629 -40.748957 -41.266824 -41.433520 -42.178227 -41.132922 -41.111231 -41.554910 -41.246674 -43.418494 -43.109675 -41.249710 
-41.433520 -40.969935 -40.974125 -42.012391 -41.266824 -40.885386 -41.394846 -42.751150 -42.223452 -40.895052 -42.006490 -41.526380 -41.713606 -41.208162 -42.784684 -42.151504 -41.738893 -40.788342 -41.247056 -41.913096 -41.664253 -41.947809 -41.113902 -43.249188 -42.769313 -41.557599 -41.235243 -42.032837 -43.521972 -42.067648 -41.783699 -41.552103 -40.895971 -43.086973 
-41.433520 -40.969935 -40.974125 -43.109127 -41.100783 -40.885386 -41.394846 -42.751150 -41.624028 -42.204528 -42.006490 -41.526380 -41.713606 -41.208162 -42.095625 -41.410196 -42.866822 -40.788342 -42.960340 -42.158276 -41.519706 -41.363943 -41.630002 -43.249188 -42.656769 -41.571655 -43.010069 -42.355988 -42.064228 -42.064517 -41.838375 
-41.433520 -42.001901 -40.965413 -42.756678 -41.287775 -40.885386 -41.394846 -43.447647 -42.123419 -42.492327 -42.006490 -42.076275 -41.713606 -41.208162 -42.262951 -41.410196 -42.843694 -40.788342 -41.931977 -42.745004 -41.519706 -43.528187 -43.160143 -43.249188 -42.802007 -41.424077 -42.888749 -42.291858 -41.534462 -41.793319 -42.438374 -41.285699 -43.141972 
-41.433520 -41.161417 -40.965413 -41.867199 -42.498877 -40.885386 -41.536783 -42.255890 -42.539440 -42.849453 -42.006490 -41.941283 -41.713606 -41.208162 -42.963081 -41.410196 -41.128186 -40.788342 -41.931977 -42.854480 -41.705376 -41.615210 -40.755392 -43.249188 -41.534462 -41.424077 -42.603408 -41.896059 -42.421892 
-41.415069 -41.792943 -41.013775 -41.738329 -41.299518 -41.099025 -41.690010 -42.255890 -42.658254 -42.848443 -42.006490 -43.054887 -41.713606 -41.208162 -40.902707 -41.410196 -41.854476 -40.788342 -43.249188 -41.261928 -43.344032 -41.424077 -42.540791 -41.557970 -42.936228 -41.790734 -41.625280 
-43.185798 -41.535219 -41.013775 -42.153416 -41.572599 -41.099025 -41.475194 -42.057196 -42.359572 -42.412260 -42.006490 -42.175746 -41.713606 -41.208162 -41.410535 -41.410196 -41.945950 -40.788342 -43.124986 -41.112718 -41.672599 -41.424077 -42.990554 -41.111870 -41.451172 -41.853056 
-41.424077 -42.134669 -41.013775 -41.588338 -41.691208 -41.099025 -41.475194 -41.626154 -41.874671 -42.412260 -41.995648 -41.263541 -41.713606 -41.208162 -41.394758 -41.410196 -42.118645 -40.788342 -43.124986 -41.839369 -41.133533 -41.073594 -42.661856 -41.288144 -41.498811 
-41.424077 -41.910361 -41.013775 -41.798774 -40.941857 -41.099025 -41.475194 -40.968417 -41.628332 -42.215878 -41.838303 -41.851820 -41.713606 -41.124308 -41.394758 -41.410196 -42.008855 -40.788342 -43.124986 -41.839369 -41.728720 -42.783790 -42.208679 -42.904236 -41.809894 -40.979049 -42.690283 -43.610560 -42.585166 -42.465178 -41.944963 -42.383638 -41.322913 -42.504854 -42.991564 -41.520809 -42.407439 -41.931701 
-41.424077 -41.763926 -41.013775 -42.915891 -42.174830 -41.099025 -41.475194 -42.288265 -43.389808 -41.978806 -42.419054 -41.295324 -41.713606 -41.124308 -42.615014 -41.410196 -42.008855 -40.788342 -43.066731 -41.839369 -41.728720 -42.277426 -41.620467 -41.856162 -41.322913 -42.433947 -41.040534 -42.597001 -41.979237 -42.541732 -41.520809 -42.383638 -41.907983 -41.936225 -42.153121 -41.447599 -41.581958 -42.975275 -43.264307 
-41.424077 -41.432138 -41.013775 -41.150269 -42.048336 -41.099025 -41.475194 -41.202616 -41.465400 -41.333462 -41.609565 -41.295324 -41.713606 -41.124308 -42.615014 -41.488339 -42.201851 -40.788342 -43.066731 -41.839369 -43.520817 -42.277426 -40.991189 -42.471343 -41.409857 -42.439919 -41.582118 -42.176205 -41.176026 -41.423031 -41.520809 -41.472406 -42.839056 -41.686871 -43.183432 -43.587962 -42.051151 
-41.424077 -42.518652 -41.013775 -41.509157 -42.048336 -41.099025 -41.089194 -41.028962 -43.365853 -42.036041 -42.429897 -41.294854 -41.713606 -41.124308 -42.615014 -41.488339 -41.984793 -40.831952 -43.066731 -41.887106 -41.472406 -42.002122 -41.706903 -41.439308 -41.204658 -42.508228 -42.512874 -41.868469 -43.487505 -41.240235 
-41.425732 -42.813053 -41.084033 -41.139500 -42.060661 -41.099025 -41.120890 -42.932830 -42.052277 -43.146995 -41.335754 -41.294854 -41.713606 -41.124308 -42.615014 -41.488339 -41.194308 -40.831952 -43.398147 -41.633463 -41.622101 -42.134963 -41.706903 -42.874532 -41.314852 -41.476053 -43.463002 -43.191069 -41.175487 -43.117412 -42.162761 -41.106987 -41.116023 -41.054958 -41.488369 -41.692629 -42.364157 -41.485723 -42.862243 
-41.425732 -42.813053 -41.084033 -41.086587 -42.060661 -41.121570 -41.573670 -41.756944 -43.547087 -41.453738 -41.253984 -40.878653 -41.713606 -41.124308 -42.615014 -41.488339 -41.142596 -40.831952 -41.328324 -42.967762 -41.622101 -41.722689 -41.329762 -41.821953 -40.849070 -41.476053 -43.130685 -42.095409 -40.921567 -42.150518 -42.162761 -41.981455 -43.227810 -42.127304 -40.957027 -41.908968 -41.044456 -42.066473 -41.985014 -43.281629 
-41.425732 -42.813053 -41.084033 -41.291549 -42.060661 -41.953815 -41.573670 -40.756429 -42.805264 -41.283189 -41.354795 -40.878653 -41.718301 -41.124308 -42.615014 -41.488339 -43.012057 -40.831952 -41.265603 -43.058321 -41.622101 -42.985961 -43.236615 -41.867612 -42.433383 -41.476053 -41.655043 -40.998344 -41.955556 -42.821166 -42.162761 -41.853769 -42.817447 -42.391105 -41.151013 -41.813935 -40.924695 -43.150816 -41.081266 -43.435555 
-41.919963 -42.813053 -41.084033 -41.182028 -42.060661 -41.400275 -41.727880 -42.969725 -43.482011 -41.283189 -42.369419 -40.878653 -41.718301 -41.124308 -42.615014 -41.488339 -41.667789 -40.830096 -41.265603 -41.151013 -41.622101 -42.463369 -42.841431 -42.233694 -42.035990 -41.476053 -43.068663 -40.898100 -41.580068 -42.937087 -42.162761 -41.073344 -42.062951 -41.722270 -41.577033 -42.896729 -42.692151 -41.640379 -40.932043 -42.929871 -42.634190 -40.725842 -43.550382 
-41.843863 -42.813053 -41.060860 -42.348922 -42.060661 -41.400275 -41.727880 -43.227993 -43.531062 -41.283189 -41.585835 -42.697039 -41.718301 -41.124308 -42.615014 -41.488339 -40.936396 -40.830096 -41.212654 -41.175300 -42.678574 -41.758136 -42.848499 -41.691728 -42.748445 -41.487045 -40.813987 -42.937422 -41.759612 -41.279296 -41.601305 -42.394025 -41.739717 -41.488492 -43.175136 -43.245624 -42.268637 -41.215765 -42.350319 -42.738849 -42.039697 -42.400076 -41.245927 
-42.856059 -42.813053 -41.003317 -43.392065 -42.060661 -41.400275 -41.727880 -41.273179 -41.271329 -41.283189 -43.165877 -41.532445 -41.718301 -41.124308 -42.615014 -41.457712 -42.698616 -40.830096 -41.172333 -41.175300 -42.489903 -43.163272 -42.749599 -41.737290 -42.206640 -41.487045 -40.790204 -41.697866 -42.268637 -41.215765 -41.601305 -42.004745 -43.017807 -42.638162 -41.207695 -41.319347 -41.683249 -40.990564 
-42.201659 -42.813053 -41.003317 -42.533406 -42.060661 -42.029368 -41.596797 -42.132883 -42.748461 -41.283189 -41.207695 -42.954755 -41.718301 -41.234988 -42.615014 -41.457712 -42.395323 -40.830096 -41.109904 -41.169915 -41.638876 -41.512887 -41.466406 -42.827945 -41.275487 -41.487045 -42.743893 -40.727222 -42.455010 -41.288642 -41.601305 -41.114620 -41.610442 -42.709721 -41.020691 -42.986833 -43.201992 -42.496272 -41.359273 -42.066821 -42.671759 -41.406657 
-40.955602 -42.813053 -41.003317 -40.971165 -43.311389 -41.168567 -42.248493 -42.030115 -41.931011 -41.283189 -41.207695 -42.932335 -41.718301 -41.234988 -42.615014 -41.457712 -42.350580 -40.830096 -41.109904 -41.169915 -41.835605 -41.512887 -43.262986 -43.232907 -40.942865 -41.419031 -41.598593 -42.383358 -42.349682 -41.288642 -41.545207 -42.236052 -42.159621 -42.075784 -41.087438 -42.285728 -42.642201 -41.988763 -43.128416 -42.541112 -41.644991 -41.347768 -40.742665 -42.589209 -41.223653 -42.950381 
-43.557193 -43.113643 -41.003317 -40.945425 -43.518347 -42.326620 -42.990721 -43.361591 -41.931011 -41.283189 -41.207695 -41.803373 -41.718301 -41.234988 -42.997408 -41.457712 -41.622485 -40.830096 -41.109904 -41.169915 -41.621321 -41.452789 -43.261131 -41.828813 -42.838171 -41.419031 -43.166052 -41.554941 -40.843369 -41.288642 -42.134175 -41.409681 -42.296958 -42.096746 -42.291847 -42.069918 -42.301039 -41.655299 -43.199271 -41.796566 -41.567879 -42.074754 -42.439242 
-42.175267 -43.107857 -41.003317 -42.582479 -41.262860 -41.294676 -41.097561 -41.277658 -41.931011 -41.686069 -41.207695 -41.172894 -41.718301 -41.234988 -42.792459 -41.457712 -42.533606 -40.830096 -41.810792 -41.193112 -42.910683 -41.452789 -42.464831 -41.245043 -42.296140 -41.419031 -42.564534 -41.391217 -40.924489 -41.003775 -40.834725 -42.030448 -42.177572 -41.192744 -40.909934 -41.650409 -42.494574 -42.668396 -41.638114 -40.933457 
-41.664175 -43.107857 -41.003317 -41.240363 -41.262860 -41.294676 -42.693202 -42.171181 -43.003469 -41.045547 -41.207695 -41.172894 -41.718301 -41.234988 -41.003775 -41.457712 -42.533606 -40.830096 -41.682334 -41.193112 -42.010858 -41.452789 -43.125580 -42.411453 -42.296140 -41.419031 -41.321554 
-43.557269 -43.107857 -41.003317 -41.260620 -41.262860 -41.294676 -43.639801 -42.212480 -43.228043 -41.229004 -41.207695 -42.824499 -41.718301 -41.234988 -41.003775 -41.457712 -42.533606 -40.830096 -41.682334 -41.193112 -42.010858 -41.539520 -43.250562 -41.294164 -43.282736 -41.419031 -41.461505 -41.264855 -42.322495 -42.825067 -42.774744 -41.567961 -42.895280 -41.314884 
-42.074902 -43.107857 -41.003317 -43.115989 -41.262860 -41.294676 -41.654345 -42.255828 -41.451808 -41.259642 -41.207695 -41.102985 -41.719402 -41.234988 -41.003775 -41.457712 -42.174012 -40.830096 -42.325374 -41.185342 -42.010858 -41.448073 -41.614306 -41.419031 
-41.680655 -43.107857 -41.003317 -41.780891 -41.262860 -41.063133 -41.354414 -41.302802 -41.192319 -41.244865 -41.207695 -42.214144 -41.719402 -41.120169 -41.003775 -41.457712 -42.308888 -40.830096 -42.325374 -41.185342 -42.010858 -41.448073 -42.974016 -41.402273 -40.986851 -42.980832 -41.273432 -41.641310 -43.080291 -41.949273 -43.169030 -41.094535 -43.086326 -42.470740 -42.420732 -41.831165 -41.341036 -43.066782 -43.197206 -41.948551 -41.538620 -42.999591 
-41.739245 -43.107857 -40.996747 -41.445747 -41.262860 -41.456095 -42.962134 -41.300534 -42.938938 -41.244865 -42.601334 -42.020631 -41.719402 -41.120169 -41.003775 -41.457712 -40.905907 -40.830096 -42.325374 -41.185342 -42.010858 -41.448073 -43.122078 -42.257952 -41.873318 -41.868943 -41.426454 -43.129391 -43.278337 -41.712959 -41.850048 -42.512876 -42.414036 -41.000507 -43.360308 -41.240231 -41.235885 -42.483203 -42.095872 -42.591682 -42.883506 
-42.153349 -43.107857 -40.996747 -40.887770 -41.262860 -43.076535 -42.024496 -41.300534 -40.969951 -41.209355 -41.850048 -42.102139 -41.719402 -41.120169 -41.003775 -41.457712 -41.645390 -40.830096 -42.325374 -41.185342 -42.010858 -41.347646 -43.385074 -41.387821 -43.090255 -42.187297 -42.211286 -41.275660 -42.602657 -42.376873 -41.808554 -42.307046 -42.794100 -42.485363 -43.438726 
-42.921230 -41.664297 -40.996747 -42.944369 -42.355585 -40.866973 -41.661544 -41.366749 -43.229627 -41.201848 -41.850048 -42.390577 -41.719402 -41.120169 -41.003775 -41.457712 -41.521511 -40.830096 -42.492939 -41.185342 -42.010858 -40.990475 -42.376831 -43.160997 -41.167221 -41.006310 -42.920810 -41.275660 -41.666354 -41.359604 -42.427956 -41.402621 -41.727929 -43.381698 -41.636608 -41.589304 -43.185655 -41.194189 
-42.257075 -41.892220 -40.996747 -40.832478 -42.355585 -43.454427 -41.611637 -41.366749 -41.676190 -41.258577 -41.988944 -41.810601 -41.719402 -41.316339 -41.003775 -41.457712 -41.652256 -40.830096 -41.769976 -41.185342 -42.010858 -41.312937 -41.402621 -43.160997 -41.600483 -42.300576 -42.489515 -41.727667 -42.464637 -41.620075 -42.928285 -41.458512 -42.136728 
-42.386084 -41.531105 -40.996747 -42.627611 -42.341351 -42.983547 -41.611637 -41.366749 -41.638618 -41.258577 -41.775442 -41.910724 -41.719402 -41.316339 -41.003775 -41.457712 -40.774340 -40.830096 -42.502806 -41.185342 -42.010858 -43.015500 -41.402621 -43.160997 -41.600483 -41.571399 -41.997711 -42.488805 -42.978599 -41.345348 -42.980300 -42.508679 -41.978318 -41.590478 -43.440556 -41.632624 -43.114802 -41.253257 
-42.301639 -42.132073 -40.996747 -42.470969 -42.336251 -43.016014 -41.975012 -41.366749 -41.638618 -41.258577 -41.775442 -43.265101 -41.719402 -41.316339 -41.003775 -41.457712 -41.879920 -40.830096 -41.405700 -41.185342 -42.010858 -41.424697 -41.402621 -43.160997 -41.985439 -41.252701 -42.515722 -42.316198 -41.085851 -41.345348 -42.870399 -42.115242 -41.002873 -41.226617 -41.533342 -43.523808 -41.487012 
-41.276612 -42.132073 -40.996747 -42.189185 -42.336251 -41.531187 -42.306952 -41.366749 -41.638618 -42.645646 -41.373324 -42.592294 -41.719402 -41.316339 -41.003775 -41.457712 -41.879920 -40.830096 -41.267225 -41.185342 -42.010858 -41.069129 -41.402621 -43.160997 -41.931415 -41.275687 -42.024541 -43.000298 -42.394861 -41.345348 -42.786712 -41.383643 -43.180180 -42.334838 
-42.246654 -42.603509 -41.018136 -43.314179 -42.368631 -41.968503 -42.319587 -41.366749 -41.638618 -41.458073 -41.373324 -41.331503 -41.719402 -41.316339 -41.003775 -41.457712 -42.319424 -40.830096 -41.267225 -41.045017 -42.010858 -42.370399 -41.402621 -43.160997 -43.434755 -40.743898 -42.224953 -43.058118 
-43.239542 -41.860460 -41.018136 -42.327460 -42.799994 -42.396158 -41.310040 -41.366749 -41.638618 -42.145945 -41.416620 -41.331503 -41.719402 -41.329044 -41.003775 -41.457712 -41.779644 -40.830096 -43.544611 -42.316219 -42.010858 -40.976603 -41.402621 -43.160997 -41.164716 -41.121515 -42.753711 -42.833152 -41.525000 -43.249570 -41.061313 -42.256133 -43.130977 -41.361696 -42.315815 
-40.782173 -41.944431 -41.018136 -42.339190 -42.534839 -42.396158 -43.016665 -41.360595 -41.638618 -41.948040 -42.508916 -42.543684 -41.719402 -41.329044 -41.003775 -41.457712 -42.743134 -40.770810 -42.033299 -41.773267 -42.010858 -41.116626 -41.402621 -43.160997 -41.164716 -42.216349 -43.165558 -41.380580 -41.061313 -41.245769 -41.348623 -41.262818 -43.168026 -43.570668 -41.546683 -43.408524 -42.200554 -41.247461 -42.491052 -42.250830 -41.446945 -43.283424 
-43.260702 -41.688287 -41.018136 -41.379810 -43.338738 -42.396158 -41.231248 -41.360595 -41.964843 -41.473542 -41.669572 -41.840065 -41.719402 -41.329044 -41.003775 -41.457712 -41.612508 -40.770810 -41.745945 -41.156482 -42.826033 -42.422410 -41.402621 -43.160997 -41.164716 -41.435983 -43.376342 -41.815792 -40.849379 -43.202430 -43.401125 -41.262818 -40.922837 -41.263627 -42.076540 -42.641935 -43.501684 -42.451522 -41.270575 -42.528306 -42.492366 -41.361516 -43.197986 -41.575513 -43.080860 -41.544909 -43.116425 
-43.011928 -41.639138 -41.018136 -41.361516 -43.160997 -41.263627 -42.825950 -41.360595 -41.964843 -42.113118 -42.539457 -42.776555 -41.719402 -41.329044 -41.003775 -41.457712 -42.831447 -40.770810 -41.463385 -41.213399 -42.304814 -42.531092 -41.402621 -42.081807 -42.557658 -42.513379 -41.524151 
-41.402621 -41.639138 -41.018136 -42.282539 -42.143884 -41.263627 -42.213346 -41.360595 -41.964843 -41.262052 -43.080248 -42.317294 -41.719402 -41.329044 -41.003775 -41.457712 -43.314461 -40.770810 -41.463385 -41.213399 -43.028440 -42.392118 -42.698019 -42.205683 -42.550394 -43.135277 -42.554119 -42.940020 -41.512728 
-41.402621 -41.788321 -41.018136 -41.766971 -40.967688 -41.263627 -43.135277 -41.360595 -41.964843 -42.184418 -42.315396 -42.317294 -41.719402 -41.351215 -41.003775 -41.457712 -42.219692 -40.770810 -41.463385 -41.213399 -42.383282 
-41.402621 -41.942070 -41.018136 -43.025018 -41.988532 -41.293687 -43.135277 -43.623177 -41.775070 -41.622560 -41.213399 -42.317294 -41.719402 -41.351215 -41.003775 -41.457712 -42.550068 -40.770810 -41.463385 -42.417680 -43.311764 -41.351438 -43.433402 -43.157087 -41.151840 -42.121194 -41.565168 -42.514361 -42.729696 -43.317419 -42.517541 -43.102243 -42.696282 
-41.402621 -41.942070 -41.018136 -43.363909 -41.399752 -41.293687 -43.135277 -41.553893 -43.194853 -41.692022 -41.213399 -42.317294 -41.719402 -41.351215 -41.003775 -41.457712 -43.086086 -40.770810 -41.396627 -41.238008 -42.130469 -42.313094 -43.358118 -41.251415 -41.105470 -42.349046 -43.271506 -42.378821 
-41.402621 -41.942070 -41.018136 -43.027052 -41.399752 -41.293687 -43.135277 -42.130127 -41.570251 -41.810353 -41.213399 -42.317294 -41.719402 -41.351215 -41.003775 -41.457712 -43.482749 -40.770810 -41.847473 -41.270387 -41.063659 -40.972450 -42.541253 -42.684311 -42.459129 -40.930458 -41.520529 -41.105728 -42.196559 -41.117855 -42.759465 
-41.402621 -41.942070 -41.018136 -41.189934 -41.399752 -41.293687 -43.135277 -41.806046 -41.572692 -42.490329 -41.213399 -42.317294 -41.719402 -41.351215 -41.003775 -41.457712 -41.918730 -40.770810 -41.064045 -41.270387 -41.290131 -42.593594 -42.445674 -41.117855 -41.618264 -41.767382 -41.578811 -41.105728 -42.349570 -43.194138 -43.204656 -42.147061 -43.038303 -42.627100 -40.934293 -41.390610 -43.465860 -41.123918 
-41.402621 -41.942070 -41.018136 -42.710656 -41.399752 -41.293687 -43.135277 -42.367773 -41.852392 -41.612609 -41.213399 -42.317294 -41.719402 -41.351215 -41.003775 -41.457712 -42.627558 -40.770810 -41.105728 -41.077843 -42.645528 -43.044741 -41.711883 -41.117855 -42.512757 -40.841136 -41.583830 -41.618757 -43.296638 -42.759635 -42.738256 
-41.402621 -41.942070 -41.018136 -41.652549 -41.399752 -41.293687 -43.135277 -42.347873 -41.610319 -42.278486 -41.213399 -42.317294 -41.719402 -41.351215 -41.003775 -41.457712 -42.962109 -40.770810 -41.105728 -41.077843 -41.391854 -41.298557 -40.991289 -41.117855 -40.997730 -42.415976 -40.958097 -41.214850 -42.040418 -42.393036 -42.229610 -41.899012 -41.804630 -42.512652 -41.363321 -40.986263 -42.412070 -41.405065 -41.351412 -42.134514 -40.881466 -43.215219 -42.813807 -41.594886 
-41.402621 -41.942070 -41.018136 -41.652549 -41.399752 -41.293687 -43.135277 -41.267117 -41.447762 -43.430477 -41.692223 -42.317294 -41.719402 -41.351215 -41.003775 -41.457712 -41.673120 -40.770810 -41.105728 -41.234800 -41.442908 -43.265219 -41.146458 -41.117855 -40.955712 -41.335085 -42.114719 -42.065496 -42.949634 -41.986159 -40.814692 -41.899012 -42.922428 -42.834402 -43.125143 -43.321535 -42.280105 -40.952654 -42.748590 -42.172223 -41.367344 -41.136266 -41.558197 -41.068870 -42.803065 -41.395035 -43.597117 -42.632378 -43.246667 -42.140146 -42.059220 -42.221499 
-41.402621 -41.942070 -41.018136 -42.200048 -41.399752 -41.417892 -43.016856 -41.267117 -41.976239 -42.153706 -41.564069 -42.317294 -41.719402 -41.137850 -41.003775 -41.457712 -41.244671 -40.770810 -41.105728 -41.815759 -42.704222 -42.320221 -41.146458 -41.117855 -41.265810 -41.173390 -41.111887 -41.395035 -41.825775 -42.883855 -41.606643 -42.546171 -42.131718 -42.636300 -42.108034 -41.589605 -42.476490 -42.257559 -43.380896 -41.824202 -43.038132 -42.652302 -43.008573 -43.009002 -42.739043 -43.529474 -42.729011 -41.307891 -42.867266 -42.892970 
-41.402621 -41.942070 -41.018136 -42.000165 -41.399752 -41.417892 -43.016856 -41.267117 -41.884640 -41.517980 -41.587541 -42.411575 -41.719402 -41.137850 -41.003775 -41.457712 -42.376403 -40.770810 -41.105728 -42.628634 -40.986429 -41.258321 -41.146458 -41.117855 -41.897905 -42.321465 -41.204153 -41.395035 -41.825775 -42.002479 -41.331447 -41.434525 -43.284290 -41.816805 -41.988296 -42.457945 -42.977105 -43.379577 -42.016441 -41.082106 -41.024944 -41.246672 -42.565625 -41.568430 -42.713776 
-41.402621 -41.942070 -41.018136 -41.365933 -41.399752 -41.417892 -43.016856 -41.267117 -43.520409 -41.352725 -41.055436 -42.411575 -41.719402 -41.550612 -41.003775 -41.457712 -43.207629 -40.770810 -41.105728 -41.246672 -41.490399 -41.656367 -42.787648 -41.117855 -41.701994 -43.545367 -43.456541 -41.461918 -42.928096 -41.217743 -42.189743 
-41.364188 -41.942070 -41.018136 -41.895779 -41.399752 -41.405065 -43.197538 -42.132335 -41.498260 -41.217743 -42.926044 -42.688174 -41.719402 -42.999800 -43.111008 -41.457712 -42.157652 -40.770810 -41.105728 -41.246672 -41.632535 -41.137165 -41.525949 -41.117855 -40.845786 -42.096397 -41.717242 -40.810543 -41.615688 -42.077974 -41.473848 -41.355690 -41.959484 -41.487580 -41.163811 -41.428704 
-41.364188 -41.942070 -41.018136 -42.955650 -41.390701 -41.841693 -43.120717 -43.075987 -42.918265 -41.297615 -42.873096 -42.688174 -41.719402 -42.216332 -42.874143 -41.457712 -41.937891 -40.770810 -41.105728 -42.839780 -42.051978 -41.237591 -41.501965 -41.117855 -42.749249 
-41.364188 -41.942070 -41.018136 -42.759163 -41.390701 -41.752056 -43.120717 -41.754426 -41.427880 -41.297615 -41.332056 -42.603295 -41.719402 -42.068080 -42.137465 -41.457712 -41.117855 -40.802069 -41.105728 -43.371913 -41.634421 -41.237591 -42.692817 -42.225376 -42.505140 -41.031012 -43.551740 -42.073268 -41.676094 -42.113966 -41.574274 
-41.364188 -41.942070 -41.018136 -40.847115 -41.390701 -41.877938 -43.120717 -42.870504 -41.427880 -41.297615 -41.275632 -42.603295 -41.719402 -42.124659 -42.137465 -41.457712 -41.117855 -40.802069 -41.105728 -42.932083 -40.790413 -41.237591 -42.830195 -43.021727 -42.113917 -42.846908 -42.156078 -41.243071 -42.188139 -42.970331 -41.614915 -41.306705 -42.443577 -41.420409 -42.140791 -42.673976 -41.161507 -41.995015 
-41.364188 -42.104584 -41.018136 -42.916439 -41.362062 -42.454637 -43.120717 -41.692323 -42.607364 -41.297615 -41.743867 -42.603295 -42.768401 -41.911008 -43.146309 -41.457712 -41.117855 -40.802069 -41.105728 -41.684058 -40.790413 -41.237591 -42.091663 -42.204710 -41.124125 -43.262521 -41.628237 -41.390000 -41.976551 -41.308693 -43.199987 -42.001997 -41.163923 -43.617950 -43.510024 -40.797607 -42.237832 
-41.364188 -41.833819 -41.018136 -42.558500 -41.362062 -43.282014 -43.120717 -41.692323 -41.616481 -41.297615 -41.826135 -41.268223 -41.469008 -41.911008 -43.570989 -41.457712 -41.508389 -40.802069 -42.384233 -41.015626 -40.790413 -41.237591 -42.091663 -42.950526 -43.300315 -42.605925 -42.630470 -41.348761 -41.519305 -41.308693 -41.967263 
-41.364188 -42.511997 -41.018136 -41.513539 -41.369382 -41.966004 -42.249509 -41.692323 -42.329405 -41.297615 -41.713289 -41.268223 -43.219558 -41.911008 -42.608808 -41.457712 -42.567207 -40.802069 -42.384233 -42.478737 -40.790413 -41.237591 -42.142276 -41.558336 -41.167329 -42.206472 -41.517146 -42.247934 -42.675656 -42.812014 -42.750853 -42.294157 -42.289096 -41.199151 -41.119275 -42.020840 -41.941382 
-41.364188 -40.885629 -41.018136 -41.363644 -41.369382 -42.050614 -41.712325 -41.774197 -40.714147 -41.297615 -41.974838 -41.268223 -43.219558 -43.168715 -41.663481 -41.457712 -43.156632 -40.802069 -42.221610 -42.116860 -40.790413 -41.237591 -43.058066 -41.704734 -41.246520 -42.444068 -42.289096 -42.247934 -41.945519 -41.979135 -42.458741 -41.317823 -41.525883 -41.468262 -42.454394 -42.304870 -42.907378 -42.849025 -43.017388 
-41.364188 -42.222678 -41.018136 -42.173752 -41.396877 -43.405949 -41.712325 -41.774197 -41.706247 -41.297615 -41.110740 -41.268223 -43.219558 -43.247725 -41.035890 -41.457712 -43.375532 -40.802069 -42.221610 -42.116860 -41.302247 -41.237591 -42.129439 -42.472202 -41.565795 -41.685872 -40.819320 -42.247934 -41.819498 -41.979135 -41.360619 -41.310486 -41.948224 -41.768336 -41.860658 -41.325863 -42.777707 -41.147842 -41.927882 -42.323286 -41.459604 -41.786578 -41.801644 -41.537180 -42.147166 -42.749269 
-41.364188 -41.933341 -41.018136 -42.247640 -41.396877 -42.628757 -41.605095 -41.774197 -43.182438 -41.297615 -41.110740 -41.268223 -43.219558 -42.096428 -42.218891 -41.457712 -40.856752 -40.802069 -41.488068 -42.734900 -41.226070 -41.237591 -42.129439 -41.346984 -41.329603 -41.881179 -40.819320 -43.407898 -43.214611 -41.979135 -43.510207 -41.275257 -41.115423 -40.906932 -42.155696 -41.325863 -41.340425 -41.277670 -42.841636 -43.009844 -41.172258 -43.235800 -43.147928 -41.653542 -41.373355 -42.768821 -43.509415 -43.466436 -42.374980 -43.103194 -42.086202 -41.664867 
-43.214950 -42.310769 -41.018136 -42.247640 -41.396877 -42.579900 -41.735497 -41.774197 -42.197882 -41.297615 -41.605090 -41.268223 -43.219558 -42.465737 -42.389911 -41.457712 -43.122152 -40.802069 -43.384042 -42.086202 -42.863686 -41.237591 -42.129439 -41.957386 -42.284138 -41.881179 -40.819320 -43.407898 -42.690033 -41.979135 -40.998422 -41.310939 -41.354483 -42.684799 -42.272423 -41.043305 -41.340425 -41.277670 -41.660579 -41.276439 -43.615751 -42.673604 -41.684719 -42.199698 
-41.747186 -42.361699 -41.018136 -42.247640 -41.396877 -41.459268 -41.497518 -41.774197 -42.354149 -41.297615 -42.112874 -41.233330 -43.219558 -43.615751 -42.727781 -41.457712 -41.340425 -40.825780 -42.870745 -42.086202 -41.130672 -41.237591 -42.129439 -42.064215 -42.506256 -41.881179 -40.819320 -42.402739 -41.629134 -41.603881 -42.328852 -42.435338 -41.250056 -42.745719 -42.776653 -42.648533 -41.769975 -42.944198 -42.929897 -43.008501 -41.271510 -42.029538 -42.389639 -41.976035 -43.311942 -41.122890 -41.199649 
-42.200586 -41.773847 -41.018136 -42.808561 -40.926474 -41.383533 -41.780719 -41.774197 -41.003636 -41.297615 -41.670791 -41.214701 -43.219558 -41.085934 -41.479351 -41.457712 -41.331627 -40.825780 -41.778268 -42.086202 -41.071633 -41.237591 -42.291670 -43.047044 -43.374768 -42.363121 -40.819320 -43.428547 -41.502084 -42.833554 -43.505072 -41.465571 -40.961998 -42.475418 -42.562736 -42.406708 -40.797380 -42.000784 -42.581647 -41.907743 -41.751475 -42.029538 -42.340710 -42.181043 -42.163788 -43.057500 -41.322836 -41.726320 
-42.200586 -42.633787 -41.018136 -41.467667 -43.125342 -41.383533 -42.478008 -41.774197 -41.493419 -41.297615 -42.273367 -41.214701 -43.219558 -40.870520 -41.174943 -41.457712 -41.331627 -40.825780 -41.696675 -42.086202 -42.085471 -41.237591 -42.710837 -42.162093 -41.946934 -42.363121 -40.819320 -42.643574 -43.357488 -42.196958 -41.608667 -42.804304 -41.268345 -42.083289 -42.403871 -42.378835 -42.151856 -42.014352 -42.612436 -42.107334 
-41.542462 -41.215531 -41.018136 -42.298962 -43.071160 -41.383533 -42.378501 -41.774197 -40.769408 -41.297615 -41.731409 -41.496288 -43.219558 -41.028403 -41.174943 -41.457712 -41.384957 -40.825780 -42.291347 -42.086202 -42.080318 -41.237591 -41.930381 -42.198496 -41.724943 -42.269274 -40.819320 -41.624572 -42.090102 -41.913376 -42.409495 -42.499485 -41.503252 -41.666484 
-41.327059 -41.215531 -41.018136 -42.298962 -41.666484 -41.383533 -43.444945 -41.774197 -41.695792 -41.297615 -41.605824 -41.397299 -43.219558 -41.418970 -41.060652 -41.457712 -41.384957 -40.825780 -43.282031 -42.104514 -41.599026 -41.237591 -42.078228 -42.159593 -42.683715 -43.140865 -43.014143 -42.049973 -41.369893 -41.787760 -42.108169 -43.237339 -43.138823 -41.169877 -41.430692 -42.298081 -42.084394 -42.660693 -40.795975 -42.470834 -41.890130 -41.981087 -41.924619 -41.430549 -41.344535 -43.194442 -41.566763 
-40.787707 -41.215531 -41.018136 -42.298962 -41.769913 -41.383533 -42.241690 -41.774197 -41.688650 -41.297615 -43.218305 -41.577411 -43.219558 -42.822003 -41.379432 -41.457712 -41.384957 -40.825780 -42.312496 -42.070029 -42.339217 -41.234673 -41.714118 -42.038111 -43.392147 -41.963278 -41.292937 -41.955736 -42.193537 -41.670119 -42.761975 -43.074152 -40.863155 -41.803786 
-42.546090 -41.215531 -41.018136 -42.298962 -41.439739 -41.383533 -42.404636 -41.774197 -41.688650 -41.297615 -42.662201 -41.358742 -43.219558 -41.961575 -42.951246 -41.457712 -41.384957 -40.825780 -42.017485 -42.070029 -42.023581 -41.234673 -41.714118 -40.863155 -42.179013 -41.894956 -42.017043 -42.957352 -42.020126 -43.077323 -41.238618 -42.795955 -42.055603 -42.107376 -41.031308 -41.513568 -42.605244 -42.570227 -42.136096 -40.810038 -41.601309 -43.262968 -42.477978 -41.477244 
-41.310703 -41.215531 -41.018136 -42.298962 -41.439739 -41.383533 -42.385470 -41.774197 -41.707602 -41.297615 -41.649659 -42.640590 -43.219558 -41.344599 -42.309575 -41.457712 -41.384957 -40.825780 -41.003471 -42.070029 -42.023581 -41.234673 -41.398703 -40.863155 -41.707180 -43.208104 -42.733935 -42.659003 -43.444928 -43.280219 -41.143610 -42.359211 -43.212011 -43.339123 -43.287556 -41.513568 -42.364529 -43.027973 -41.192464 -42.426210 -43.439237 -41.752819 -42.725067 
-41.294994 -41.215531 -41.018136 -42.298962 -43.041726 -41.383533 -41.774497 -41.774197 -41.247567 -41.297615 -41.594736 -43.477546 -43.219558 -42.719279 -41.767629 -41.457712 -41.384957 -40.825780 -41.708627 -42.041843 -42.023581 -41.234673 -41.742130 -42.594366 -40.960815 -42.126221 -40.756673 -41.609359 -42.604835 -41.307418 -42.891486 -42.085557 -41.456973 
-41.768598 -41.215531 -41.018136 -42.298962 -40.861826 -42.365500 -40.914573 -41.774197 -41.171793 -41.297615 -41.594736 -41.365852 -43.219558 -41.456973 -40.997425 -41.452484 -41.384957 -40.825780 -41.654538 -42.041843 -42.023581 -41.234673 -41.643398 -42.193396 -42.612954 -42.401337 -41.913729 -41.502463 -41.888186 -41.716661 -41.625584 -42.954001 -42.821278 -41.747418 -42.790455 -42.021141 -41.302443 -42.623930 -42.303723 -43.172784 -41.490291 -41.845402 -42.534578 
-43.357142 -41.215531 -41.018136 -42.298962 -41.502463 -41.473514 -43.342081 -41.625580 -42.125346 -41.297615 -41.246657 -41.198564 -43.219558 -41.456973 -41.310680 -41.452484 -41.423554 -40.825780 -41.634186 -42.041843 -42.023581 -41.234673 -40.867579 -42.714069 -41.250202 -41.578054 -41.309742 -42.039742 -41.873024 -42.651836 -41.482695 -41.839408 -41.049400 -41.463373 -41.892803 -43.035065 -43.165718 
-41.847530 -41.215531 -41.018136 -42.298962 -41.800939 -43.515690 -43.145375 -41.625580 -41.224870 -41.297615 -43.135251 -43.359296 -43.149003 -41.456973 -41.147437 -42.088905 -41.423554 -40.825780 -41.634186 -42.025626 -41.357265 -41.234673 -41.943965 -41.571810 -42.430374 -42.898415 
-41.431638 -41.215531 -41.018136 -42.298962 -41.800939 -41.618071 -41.571810 -41.667379 -41.410605 -41.297615 -43.338802 -42.340136 -43.149003 -41.456973 -41.206228 -41.870106 -41.309162 -40.825780 -41.634186 -41.916776 -43.550855 -41.234673 -41.718178 -41.524604 -41.617456 -41.660584 -42.495492 -41.515582 -40.995808 -42.256386 -41.152561 -42.450005 -41.122314 -41.440502 -41.586541 -41.618958 -40.946323 -41.059082 -41.914751 -42.981382 -41.641559 
-41.805852 -41.204871 -41.018136 -42.298962 -41.800939 -41.294036 -41.499942 -43.364294 -42.790478 -41.174737 -41.625345 -41.122314 -43.032404 -41.456973 -40.995353 -42.664857 -41.309162 -40.825780 -42.648995 -41.916776 -41.674330 -41.234673 -42.570175 -42.851728 -41.972077 -42.829113 -41.426713 -41.657392 -42.425150 -41.629297 
-43.161921 -41.204871 -41.018136 -42.298962 -41.800939 -42.204544 -41.558637 -42.001811 -42.024846 -41.174737 -41.700195 -41.029525 -43.032404 -41.456973 -40.995353 -42.110375 -41.309162 -40.825780 -42.434168 -42.231288 -41.933881 -41.234673 -42.656960 -42.704068 -40.997208 
-42.066720 -42.105138 -41.018136 -42.298962 -41.800939 -41.141447 -41.558637 -43.021229 -41.587627 -41.174737 -42.685006 -41.224186 -43.032404 -41.456973 -40.995353 -42.638900 -41.345741 -40.825780 -42.029981 -41.176333 -41.933881 -41.329978 -41.988365 -41.795993 -42.356885 -41.733230 -42.644988 -42.730000 
-42.680049 -42.313419 -41.018136 -42.234354 -41.800939 -41.817029 -41.558637 -41.089904 -41.628773 -41.174737 -41.574891 -41.346600 -43.013312 -41.456973 -40.995353 -42.638900 -41.345741 -40.825780 -41.747167 -41.176333 -41.982446 -41.329978 -41.069654 -43.002103 -43.059314 -42.887381 -42.784810 -42.342352 -41.498599 -43.026223 -41.772739 -42.095655 -43.137804 -41.309531 -42.581933 -43.230589 -41.941115 -41.186820 -41.972834 -42.465476 -42.841927 -41.612756 -42.154285 
-41.681575 -42.313419 -41.018136 -41.557423 -41.800939 -42.166341 -41.558637 -41.089904 -41.186820 -41.174737 -41.574891 -41.715030 -43.013312 -41.468462 -40.995353 -42.470949 -41.345741 -40.825780 -41.747167 -41.542430 -41.917748 -41.329978 -41.631273 -43.476620 -42.130665 -41.034664 -43.412014 -41.282631 -41.793073 -42.943890 -41.271640 -42.638972 -42.341080 -41.752923 -43.419098 -42.108433 
-41.137397 -42.796185 -41.018136 -41.641934 -41.800939 -41.027651 -41.426933 -41.089904 -41.186820 -43.463978 -43.360993 -42.293541 -43.013312 -41.164993 -40.995353 -42.470949 -41.345741 -40.825780 -41.941112 -41.985018 -41.777757 -41.329978 -41.034049 -41.679635 -41.028659 -42.242009 -42.202653 -41.000589 -41.546911 -42.171013 
-41.137397 -41.429381 -41.041767 -41.641934 -41.800939 -41.027651 -41.137109 -41.089904 -41.170908 -41.292762 -43.452975 -42.338137 -43.013312 -41.164993 -40.995353 -41.303978 -41.345741 -40.825780 -41.939317 -43.571274 -41.777757 -41.329978 -41.732985 -42.487769 -40.860196 -42.114115 -42.692407 -43.458405 -41.383913 -41.049386 -41.376443 -40.824662 -41.952512 -42.284668 -40.936827 -43.097255 -42.210169 
-41.137397 -41.429381 -41.041767 -41.641934 -41.800939 -43.182254 -41.054475 -41.356063 -41.170908 -43.482066 -41.224604 -42.338137 -43.222713 -41.653156 -40.995353 -41.975434 -41.223496 -40.825780 -41.875958 -41.725382 -41.777757 -41.329978 -42.384611 -41.160006 -41.900941 -42.007575 -40.840225 -43.572745 -41.034276 -43.671756 -41.803593 -41.671243 -40.996099 -41.922173 -41.925566 -41.393775 -42.116521 -42.809594 -43.185753 -42.441709 -43.407033 -41.557376 -41.678051 -42.102063 -42.485015 -41.060618 -41.692504 -42.286459 -41.270858 -41.918599 -42.469787 -42.760147 -41.375413 -41.303925 -41.524235 -41.459884 -42.924762 -41.257174 -41.139546 
-41.137397 -41.885745 -41.041767 -42.593485 -41.800939 -43.581723 -41.054475 -41.750672 -42.000960 -40.803786 -41.392364 -42.318552 -43.222713 -41.668518 -40.995353 -41.975434 -41.223496 -40.825780 -41.482441 -41.898955 -41.962959 -41.200788 -42.384611 -41.729343 -41.900941 -41.173447 -42.098754 -43.290905 -41.034785 -42.835916 -41.803593 -42.373088 -41.306559 -42.455530 -42.140226 -41.608937 -42.240323 -42.101199 -42.306232 -42.590984 -41.563672 -41.360289 -41.678417 -42.674963 -42.050102 -41.209945 
