   0.222053 1114.093365
   0.221387 1126.632639
   0.218884 1119.127675
   0.220124 1126.209708
   0.221043 1120.917607
   0.221935 1118.412843
   0.221158 1115.334238
   0.219833 1113.357735
   0.219683 1121.828908
   0.218254 1120.828047
   0.219632 1119.091112
   0.218168 1118.868590
   0.218621 1109.911249
   0.218673 1114.018749
   0.220324 1114.509681
   0.219114 1118.543487
   0.220396 1102.018352
   0.220576 1119.744127
   0.221071 1121.979019
   0.222882 1120.472099
   0.222123 1113.108642
   0.221038 1111.230309
   0.220658 1114.072234
   0.221560 1115.668348
   0.221317 1104.539751
   0.221677 1112.358143
   0.220556 1114.978000
   0.221604 1128.363098
   0.221541 1126.783771
   0.219876 1123.387287
   0.219734 1117.315560
   0.218407 1106.435087
   0.220600 1118.803975
   0.220367 1107.461086
   0.221792 1118.087795
   0.223283 1105.583947
   0.223593 1124.048375
   0.224368 1127.195875
   0.225164 1121.993752
   0.225262 1117.081257
   0.225350 1111.377731
   0.226380 1123.901735
   0.225876 1125.318610
   0.225285 1110.268850
   0.219877 1121.824504
   0.219941 1102.411889
   0.219835 1119.404195
   0.221146 1117.541043
   0.220950 1109.062023
   0.222217 1131.576943
   0.221768 1116.104938
   0.219101 1109.776192
   0.220785 1120.262963
   0.219564 1117.544069
   0.218949 1122.662485
   0.218552 1121.434807
   0.218541 1112.056768
   0.219497 1128.311185
   0.219610 1115.791695
   0.220069 1106.568768
   0.220799 1114.201237
   0.219990 1121.457751
   0.220595 1113.812966
   0.219244 1109.845231
   0.222388 1114.656614
   0.222934 1108.667681
   0.222025 1119.560716
   0.221080 1113.494278
   0.222143 1119.845869
   0.221878 1124.046592
   0.223981 1108.469321
   0.223045 1116.701671
   0.222372 1130.861348
   0.222417 1111.452815
   0.225000 1112.462498
   0.224973 1117.698564
   0.223715 1113.678153
   0.225901 1112.315149
   0.225055 1110.897620
   0.225774 1124.047010
   0.226007 1121.431347
   0.225679 1117.299824
   0.226943 1115.126733
   0.224983 1121.415024
   0.224806 1112.700051
   0.225897 1121.924849
   0.223001 1118.705567
   0.222747 1105.885775
   0.224894 1115.259654
   0.223543 1117.773191
   0.224680 1126.098124
   0.224480 1110.850271
   0.226618 1126.659456
   0.225898 1116.862967
   0.226021 1113.820690
   0.226280 1114.167457
   0.228328 1120.945903
   0.225446 1104.981014
   0.223468 1117.420483
   0.221954 1108.841113
   0.222099 1112.031435
   0.223022 1119.308836
   0.221820 1122.540541
   0.221533 1117.612117
   0.222927 1117.125350
   0.221878 1121.899324
   0.224934 1119.909928
   0.225103 1116.499131
   0.226513 1110.832412
   0.226353 1125.802865
   0.223827 1108.988624
   0.222450 1124.996767
   0.222947 1111.147400
   0.222727 1114.412790
   0.222318 1111.938964
   0.222848 1121.229634
   0.221446 1120.794352
   0.222482 1111.062874
   0.222186 1121.521969
   0.222289 1121.087633
   0.220070 1114.208214
   0.223735 1108.996056
   0.224498 1122.161227
   0.222094 1109.718967
   0.220050 1118.651647
   0.221217 1105.958388
   0.221459 1127.540600
   0.221941 1118.377220
   0.223424 1125.103570
   0.222570 1100.651761
   0.222301 1114.430562
   0.221722 1130.205155
   0.223009 1125.431343
   0.222690 1120.960670
   0.224031 1115.416161
   0.224563 1112.318174
   0.224644 1123.253799
   0.223116 1119.519491
   0.221432 1117.574633
   0.221360 1117.531997
   0.221207 1118.607144
   0.223030 1121.047275
   0.224601 1116.772416
   0.224790 1110.009378
   0.223396 1121.730071
   0.222354 1104.530648
   0.222561 1111.906453
   0.223712 1120.014423
   0.221155 1119.815013
   0.220334 1104.227687
