0.000000 0.013647
0.000000 0.013651
0.000000 0.010692
0.000000 0.016457
0.000000 0.022347
0.000000 0.016746
0.000000 0.021002
0.000000 0.015841
0.000000 0.015775
0.000000 0.016520
0.000000 0.016149
0.000000 0.011851
0.000000 0.018527
0.000000 0.028109
0.000000 0.025960
0.000000 0.019906
0.000000 0.017394
0.000000 0.024130
0.000000 0.017663
0.000000 0.019392
0.000000 0.031746
0.000000 0.020414
0.000000 0.015120
0.000000 0.015400
0.000000 0.029593
0.000000 0.023990
0.000000 0.019868
0.000000 0.025682
0.000000 0.012602
0.000000 0.017367
0.000000 0.019854
0.000000 0.020944
0.000000 0.017885
0.000000 0.028471
0.000000 0.035599
0.000000 0.033212
0.000000 0.027465
0.000000 0.011715
0.000000 0.018423
0.000000 0.014927
0.000000 0.011949
0.000000 0.012885
0.000000 0.021652
0.000000 0.022942
0.000000 0.018691
0.000000 0.030777
0.000000 0.020043
0.000000 0.023371
0.000000 0.017495
0.000000 0.015413
0.000000 0.023288
0.000000 0.017949
0.000000 0.025598
0.000000 0.013191
0.000000 0.022631
0.000000 0.020358
0.000000 0.017904
0.000000 0.022305
0.000000 0.019900
0.000000 0.019741
0.000000 0.015442
0.000000 0.015141
0.000000 0.026946
0.000000 0.027182
0.000000 0.018634
0.000000 0.014308
0.000000 0.019893
0.000000 0.013500
0.000000 0.015896
0.000000 0.023219
0.000000 0.016681
0.000000 0.022398
0.000000 0.013677
0.000000 0.026165
0.000000 0.019408
0.000000 0.019271
0.000000 0.016621
0.000000 0.017882
0.000000 0.026015
0.000000 0.015039
0.000000 0.011891
0.000000 0.015793
0.000000 0.016905
0.000000 0.016488
0.000000 0.016681
0.000000 0.018756
0.000000 0.016463
0.000000 0.012774
0.000000 0.015153
0.000000 0.024894
0.000000 0.021317
0.000000 0.019998
0.000000 0.015025
0.000000 0.015826
0.000000 0.013294
0.000000 0.020146
0.000000 0.021526
0.000000 0.021405
0.000000 0.013899
0.000000 0.017838
0.000000 0.021432
0.000000 0.015230
0.000000 0.016381
0.000000 0.018019
0.000000 0.016858
0.000000 0.026556
0.000000 0.023271
0.000000 0.017213
0.000000 0.020555
0.000000 0.020117
0.000000 0.020336
0.000000 0.020091
0.000000 0.014162
0.000000 0.012390
0.000000 0.017628
0.000000 0.018265
0.000000 0.013430
0.000000 0.019600
0.000000 0.025561
0.000000 0.024634
0.000000 0.013850
0.000000 0.024307
0.000000 0.023749
0.000000 0.019140
0.000000 0.026305
0.000000 0.019988
0.000000 0.015778
0.000000 0.011907
0.000000 0.017106
0.000000 0.020060
0.000000 0.023319
0.000000 0.016712
0.000000 0.015137
0.000000 0.013565
0.000000 0.009443
0.000000 0.013327
0.000000 0.010142
0.000000 0.017263
0.000000 0.012874
0.000000 0.028952
0.000000 0.018178
0.000000 0.023563
0.000000 0.016444
0.000000 0.020768
0.000000 0.012505
0.000000 0.020008
0.000000 0.017449
0.000000 0.024020
0.000000 0.008847
0.000000 0.017057
