    89.805819 162873.754094
    75.157259 162870.199307
    74.652274 162862.306785
    91.893489 162863.975031
    58.250676 162861.096807
    62.912682 162871.468512
    70.285267 162863.999285
    51.150501 162862.964536
    47.277642 162866.997009
    43.770583 162878.681332
    60.453257 162867.012279
    61.390959 162882.929625
    70.285548 162880.670896
    29.471466 162875.889667
    46.677749 162872.983064
    45.729695 162885.469529
    37.451852 162865.300936
    55.390614 162855.860132
    55.276536 162868.654954
    74.676668 162862.203300
    31.794839 162876.728848
    49.762815 162876.592593
    37.326868 162889.671072
    27.255639 162894.675999
    28.424538 162877.209308
    45.733957 162884.860637
    35.088412 162882.012465
    60.782090 162865.826173
    36.419697 162862.447143
    51.657172 162875.227396
    32.381414 162880.162062
    38.692985 162882.808809
    53.910892 162878.441875
    30.130195 162872.722676
    60.897973 162867.396008
    65.030547 162869.759652
    60.508218 162881.856317
    54.129811 162874.028269
    52.269488 162880.742977
    85.264892 162870.244335
    68.670806 162887.005685
    77.275886 162880.835703
    44.972785 162868.522929
    18.495993 162873.160649
     4.791013 162873.185306
    26.434593 162871.866996
    32.144637 162889.036593
    40.110535 162862.575808
    65.605794 162871.053649
    59.237431 162870.861117
    57.287405 162874.420547
    59.756775 162870.260710
    53.072297 162879.848224
    79.264889 162869.628996
    47.831849 162880.540818
    38.588426 162879.276985
    49.004739 162873.901461
    54.027885 162877.305815
    49.572228 162864.956247
    35.850990 162864.578295
    51.770457 162871.842598
    46.572972 162874.175792
    42.173083 162871.659771
    52.449165 162875.134133
    57.083909 162868.731022
    66.958704 162866.357998
    52.498254 162870.200941
    83.514608 162855.942358
    60.247295 162864.506684
    59.715981 162864.574868
    51.711653 162870.259422
    54.874877 162852.183407
    39.742704 162848.303870
    48.406214 162858.854662
    34.315782 162871.852964
    68.616104 162859.975922
    68.665186 162874.759304
    57.032454 162883.566723
    47.756403 162868.467806
    66.963880 162882.932953
    52.386226 162889.796002
    66.315702 162900.878332
    79.581314 162887.593883
    76.285170 162886.126214
    76.234227 162872.998262
    75.916826 162876.820191
    73.195209 162867.800363
    62.402812 162878.686532
    59.831584 162897.244320
    37.255404 162895.349177
    57.302520 162881.791828
    24.022893 162869.652485
    68.662555 162886.355199
    66.928848 162891.053239
    48.947781 162904.019864
    65.888440 162886.841798
    65.250010 162902.182269
    69.556049 162893.720526
    46.838275 162898.476284
    43.867363 162891.692067
    37.735110 162886.714889
    43.194140 162890.311682
    71.695211 162890.028446
    76.545909 162907.928421
    28.878175 162895.166160
    46.712433 162898.954228
    25.028739 162883.600921
    55.247974 162893.770561
    41.252417 162895.692014
    44.465351 162891.284221
    59.551676 162908.522910
    40.771618 162907.082917
    83.377174 162890.771719
    86.084385 162900.096897
    92.333056 162898.591293
    70.927515 162894.729635
    48.096240 162890.127726
    67.669368 162871.589890
    27.698915 162892.350274
    51.401788 162903.657131
    54.948797 162885.634484
    58.741660 162907.798784
    55.141463 162894.252741
    57.222136 162884.047714
    73.320317 162867.892094
    83.037145 162898.238159
    90.580823 162897.619210
    74.978038 162889.108411
    79.556679 162889.113827
    80.903001 162885.380410
    63.242174 162884.746884
    50.601582 162889.139070
    87.339915 162889.170903
    40.864881 162892.867633
    64.793777 162879.156836
    76.655285 162875.813778
    33.730020 162868.634887
    79.261555 162897.577491
    49.959386 162889.012316
    19.890229 162887.051654
    54.942079 162879.020908
    34.739181 162866.835773
    15.278901 162878.847466
    24.853593 162870.323156
    49.269380 162882.997621
    40.601566 162891.308879
    32.958614 162878.665355
    47.839837 162893.228370
    89.143181 162861.437219
    75.999997 162875.883340
