144.717 -40.6162
144.772 -40.6712
144.837 -40.6912
144.843 -40.6704
144.881 -40.6287
144.903 -40.5828
144.942 -40.5828
144.969 -40.6245
145.079 -40.6537
145.107 -40.7162
145.145 -40.7537
145.211 -40.7495
145.195 -40.6995
145.227 -40.6787
145.271 -40.6662
145.31 -40.6954
145.348 -40.7537
145.343 -40.7994
145.392 -40.7994
145.447 -40.8285
145.486 -40.8077
145.53 -40.8119
145.563 -40.8659
145.601 -40.8659
145.634 -40.895
145.766 -40.9158
145.777 -40.9572
145.826 -40.9946
145.964 -41.0153
146.057 -41.065
146.128 -41.0816
146.205 -41.1106
146.31 -41.1147
146.37 -41.1147
146.403 -41.1064
146.441 -41.1147
146.485 -41.0981
146.529 -41.0816
146.573 -41.0981
146.595 -41.0774
146.623 -41.0485
146.661 -41.0443
146.683 -41.0236
146.744 -41.036
146.81 -41.0153
146.859 -40.978
146.925 -40.978
146.936 -40.9531
146.974 -40.9448
147.062 -40.949
147.134 -40.9655
147.189 -40.949
147.232 -40.8991
147.304 -40.9074
147.364 -40.895
147.419 -40.9614
147.463 -40.9448
147.507 -40.9158
147.507 -40.8825
147.551 -40.8493
147.562 -40.8202
147.579 -40.7911
147.595 -40.7537
147.644 -40.7495
147.672 -40.7828
147.721 -40.816
147.782 -40.816
147.831 -40.8368
147.886 -40.8077
147.914 -40.762
147.892 -40.7204
147.936 -40.6995
148.002 -40.6995
148.045 -40.6912
148.084 -40.6829
148.15 -40.6995
148.172 -40.7786
148.216 -40.7994
148.265 -40.7994
148.287 -40.8535
148.353 -40.8991
148.364 -40.9448
148.386 -40.9738
148.392 -41.0029
148.331 -41.0609
148.309 -41.1313
148.331 -41.1643
148.309 -41.1974
148.348 -41.2098
148.386 -41.2429
148.408 -41.2965
148.37 -41.3213
148.353 -41.3543
148.326 -41.3996
148.304 -41.4449
148.309 -41.5108
148.331 -41.5601
148.353 -41.6053
148.337 -41.6423
148.32 -41.6997
148.342 -41.7407
148.304 -41.7981
148.331 -41.8472
148.364 -41.929
148.326 -41.9821
148.337 -42.027
148.392 -42.1045
148.375 -42.1452
148.397 -42.1697
148.375 -42.2551
148.359 -42.2958
148.381 -42.3445
148.353 -42.377
148.304 -42.3851
148.254 -42.3607
148.216 -42.3486
148.183 -42.3161
148.161 -42.2754
148.21 -42.247
148.205 -42.2266
148.221 -42.19
148.21 -42.1778
148.221 -42.1412
148.177 -42.1167
148.139 -42.1126
148.111 -42.1371
148.095 -42.1982
148.051 -42.2266
148.04 -42.2917
148.051 -42.3364
148.023 -42.4054
148.04 -42.4338
148.034 -42.4986
148.023 -42.535
147.974 -42.5593
147.974 -42.5876
147.996 -42.624
147.991 -42.6927
147.963 -42.7492
147.936 -42.7653
147.914 -42.8016
147.958 -42.8137
148.002 -42.8298
148.04 -42.8902
148.045 -42.9425
148.034 -42.9747
147.98 -43.0229
148.002 -43.0791
148.029 -43.1031
148.045 -43.1392
148.023 -43.1673
148.045 -43.1913
148.045 -43.2314
148.023 -43.2794
147.98 -43.2794
147.919 -43.2474
147.892 -43.2314
147.848 -43.2314
147.837 -43.2634
147.804 -43.2754
147.749 -43.2634
147.727 -43.2354
147.688 -43.2193
147.666 -43.1993
147.644 -43.1633
147.639 -43.1152
147.584 -43.0911
147.584 -43.0711
147.59 -43.0229
147.584 -42.9988
147.592 -42.9747
147.609 -42.9666
147.606 -42.9485
147.614 -42.9244
147.62 -42.9103
147.559 -42.8721
147.54 -42.9043
147.557 -42.9445
147.573 -42.9827
147.557 -43.0189
147.524 -43.055
147.513 -43.0991
147.48 -43.1072
147.441 -43.0871
147.441 -43.1152
147.452 -43.1753
147.474 -43.2193
147.474 -43.2514
147.43 -43.2834
147.381 -43.3034
147.414 -43.3273
147.425 -43.3793
147.37 -43.463
147.375 -43.5149
147.298 -43.5706
147.265 -43.5666
147.194 -43.5188
147.123 -43.5348
147.09 -43.5188
147.068 -43.487
147.024 -43.5069
146.985 -43.5706
146.952 -43.6183
146.903 -43.666
146.859 -43.6819
146.804 -43.6819
146.771 -43.6621
146.727 -43.674
146.672 -43.678
146.551 -43.5945
146.485 -43.5786
146.348 -43.5746
146.282 -43.5825
146.227 -43.5666
146.134 -43.5786
146.068 -43.5984
146.024 -43.5984
145.986 -43.5825
145.975 -43.5069
145.958 -43.487
145.936 -43.4551
145.87 -43.4391
145.865 -43.3832
145.843 -43.3593
145.804 -43.3433
145.771 -43.3273
145.749 -43.2714
145.727 -43.2394
145.705 -43.1993
145.672 -43.1553
145.628 -43.1352
145.617 -43.1112
145.612 -43.0751
145.585 -43.055
145.546 -43.0148
145.513 -43.0229
145.453 -43.0229
145.431 -42.9465
145.403 -42.9264
145.365 -42.9144
145.365 -42.8661
145.354 -42.8177
145.326 -42.7814
145.31 -42.7048
145.288 -42.6765
145.255 -42.6685
145.216 -42.6442
145.205 -42.6119
145.222 -42.5674
145.189 -42.4986
145.184 -42.45
145.156 -42.4256
145.167 -42.377
145.145 -42.3486
145.14 -42.3242
145.134 -42.2958
145.14 -42.2632
145.134 -42.247
145.123 -42.2144
145.112 -42.1819
145.14 -42.1575
145.205 -42.1493
145.205 -42.1004
145.195 -42.0474
145.167 -41.9984
145.156 -41.9821
145.129 -41.9535
145.112 -41.9372
145.079 -41.9127
145.041 -41.8963
145.019 -41.8595
144.991 -41.8349
144.969 -41.8063
144.947 -41.7735
144.925 -41.7694
144.887 -41.7448
144.87 -41.7202
144.859 -41.6587
144.854 -41.6259
144.832 -41.593
144.815 -41.5519
144.777 -41.5149
144.755 -41.4779
144.728 -41.4532
144.7 -41.4285
144.7 -41.3996
144.722 -41.3749
144.706 -41.3502
144.684 -41.3172
144.656 -41.28
144.618 -41.2305
144.64 -41.185
144.618 -41.1395
144.618 -41.0857
144.557 -41.0153
144.568 -40.9614
144.563 -40.9324
144.574 -40.8991
144.629 -40.8701
144.678 -40.8493
144.651 -40.7745
144.629 -40.7162
144.656 -40.6579
144.717 -40.6162
