144.693212 -40.958481  27.000000
144.647910 -41.052393  23.000000
145.780471 -41.521954  13.000000
145.644564 -42.179339   3.000000
144.693212 -40.770657   2.000000
147.184847 -41.803690  10.000000
147.501964 -41.897602   8.000000
146.595915 -41.146306  16.000000
145.553959 -41.240218   5.000000
144.783817 -40.770657  11.000000
144.738515 -40.676745  45.000000
145.010329 -41.052393   2.000000
146.233496 -41.334130   3.000000
145.599261 -41.146306  31.000000
145.644564 -41.240218  12.000000
147.819081 -42.367163   1.000000
145.689866 -42.085426   2.000000
146.097588 -41.428042  17.000000
145.599261 -41.334130   2.000000
145.825774 -41.052393   1.000000
145.055632 -41.146306   1.000000
145.508656 -41.334130   3.000000
148.317408 -42.085426   6.000000
145.553959 -42.179339   2.000000
147.773779 -42.836723   4.000000
147.094242 -41.052393   1.000000
144.647910 -41.240218   1.000000
148.181501 -41.991514   7.000000
145.871076 -41.146306   1.000000
146.369403 -41.615866   1.000000
144.919725 -40.864569   2.000000
145.825774 -41.240218   2.000000
147.864384 -43.024547   1.000000
144.693212 -41.146306   5.000000
144.738515 -41.052393   2.000000
145.418051 -40.958481   2.000000
145.780471 -41.334130   1.000000
144.829120 -41.052393   2.000000
145.871076 -41.334130   4.000000
144.919725 -41.052393   1.000000
145.236842 -41.334130   1.000000
146.324100 -41.521954   1.000000
145.100934 -41.615866   1.000000
144.965027 -40.958481   4.000000
145.599261 -42.273251   3.000000
145.599261 -41.521954   2.000000
148.181501 -40.864569   2.000000
147.456662 -41.803690   3.000000
147.094242 -41.803690   1.000000
145.735169 -41.052393   2.000000
145.372749 -41.803690   1.000000
146.686520 -41.146306   3.000000
148.226803 -42.085426   1.000000
144.602607 -40.958481   2.000000
146.867730 -43.588020   1.000000
144.874422 -40.770657   2.000000
146.324100 -41.334130   1.000000
145.644564 -41.052393   3.000000
145.644564 -41.615866   1.000000
148.226803 -41.897602   2.000000
144.738515 -40.864569   2.000000
147.366057 -42.367163   1.000000
145.463354 -41.052393   1.000000
145.508656 -41.146306   2.000000
147.048940 -42.461075   2.000000
145.055632 -40.958481   1.000000
147.909686 -42.930635   1.000000
145.689866 -40.958481   1.000000
148.136198 -42.085426   1.000000
147.864384 -42.836723   1.000000
147.275452 -41.615866   1.000000
148.272106 -41.991514   1.000000
148.272106 -42.179339   1.000000
147.139544 -41.897602   3.000000
145.236842 -40.958481   1.000000
147.547267 -41.803690   1.000000
147.411359 -42.273251   1.000000
145.644564 -41.428042   1.000000
145.599261 -42.085426   1.000000
147.773779 -42.461075   1.000000
