146.811378 -43.681932
145.966101 -43.488238
146.153940 -43.488238
146.341779 -43.488238
146.529619 -43.488238
146.717458 -43.488238
146.905298 -43.488238
147.093137 -43.488238
147.280977 -43.488238
145.872181 -43.294545
146.060020 -43.294545
146.247860 -43.294545
146.435699 -43.294545
146.623539 -43.294545
146.811378 -43.294545
146.999217 -43.294545
147.187057 -43.294545
147.374896 -43.294545
145.778261 -43.100851
145.966101 -43.100851
146.153940 -43.100851
146.341779 -43.100851
146.529619 -43.100851
146.717458 -43.100851
146.905298 -43.100851
147.093137 -43.100851
147.280977 -43.100851
147.468816 -43.100851
147.656655 -43.100851
147.844495 -43.100851
145.496502 -42.907157
145.684341 -42.907157
145.872181 -42.907157
146.060020 -42.907157
146.247860 -42.907157
146.435699 -42.907157
146.623539 -42.907157
146.811378 -42.907157
146.999217 -42.907157
147.187057 -42.907157
147.374896 -42.907157
147.750575 -42.907157
147.938414 -42.907157
145.402582 -42.713464
145.590422 -42.713464
145.778261 -42.713464
145.966101 -42.713464
146.153940 -42.713464
146.341779 -42.713464
146.529619 -42.713464
146.717458 -42.713464
146.905298 -42.713464
147.093137 -42.713464
147.280977 -42.713464
147.468816 -42.713464
147.656655 -42.713464
147.844495 -42.713464
145.308663 -42.519770
145.496502 -42.519770
145.684341 -42.519770
145.872181 -42.519770
146.060020 -42.519770
146.247860 -42.519770
146.435699 -42.519770
146.623539 -42.519770
146.811378 -42.519770
146.999217 -42.519770
147.187057 -42.519770
147.374896 -42.519770
147.562736 -42.519770
147.750575 -42.519770
147.938414 -42.519770
145.214743 -42.326076
145.402582 -42.326076
145.590422 -42.326076
145.778261 -42.326076
145.966101 -42.326076
146.153940 -42.326076
146.341779 -42.326076
146.529619 -42.326076
146.717458 -42.326076
146.905298 -42.326076
147.093137 -42.326076
147.280977 -42.326076
147.468816 -42.326076
147.656655 -42.326076
147.844495 -42.326076
148.032334 -42.326076
148.220174 -42.326076
145.308663 -42.132383
145.496502 -42.132383
145.684341 -42.132383
145.872181 -42.132383
146.060020 -42.132383
146.247860 -42.132383
146.435699 -42.132383
146.623539 -42.132383
146.811378 -42.132383
146.999217 -42.132383
147.187057 -42.132383
147.374896 -42.132383
147.562736 -42.132383
147.750575 -42.132383
147.938414 -42.132383
148.314093 -42.132383
145.214743 -41.938689
145.402582 -41.938689
145.590422 -41.938689
145.778261 -41.938689
145.966101 -41.938689
146.153940 -41.938689
146.341779 -41.938689
146.529619 -41.938689
146.717458 -41.938689
146.905298 -41.938689
147.093137 -41.938689
147.280977 -41.938689
147.468816 -41.938689
147.656655 -41.938689
147.844495 -41.938689
148.032334 -41.938689
148.220174 -41.938689
144.932984 -41.744995
145.120823 -41.744995
145.308663 -41.744995
145.496502 -41.744995
145.684341 -41.744995
145.872181 -41.744995
146.060020 -41.744995
146.247860 -41.744995
146.435699 -41.744995
146.623539 -41.744995
146.811378 -41.744995
146.999217 -41.744995
147.187057 -41.744995
147.374896 -41.744995
147.562736 -41.744995
147.750575 -41.744995
147.938414 -41.744995
148.126254 -41.744995
148.314093 -41.744995
144.839064 -41.551301
145.026904 -41.551301
145.214743 -41.551301
145.402582 -41.551301
145.590422 -41.551301
145.778261 -41.551301
145.966101 -41.551301
146.153940 -41.551301
146.341779 -41.551301
146.529619 -41.551301
146.717458 -41.551301
146.905298 -41.551301
147.093137 -41.551301
147.280977 -41.551301
147.468816 -41.551301
147.656655 -41.551301
147.844495 -41.551301
148.032334 -41.551301
148.220174 -41.551301
144.745144 -41.357608
144.932984 -41.357608
145.120823 -41.357608
145.308663 -41.357608
145.496502 -41.357608
145.684341 -41.357608
145.872181 -41.357608
146.060020 -41.357608
146.247860 -41.357608
146.435699 -41.357608
146.623539 -41.357608
146.811378 -41.357608
146.999217 -41.357608
147.187057 -41.357608
147.374896 -41.357608
147.562736 -41.357608
147.750575 -41.357608
147.938414 -41.357608
148.126254 -41.357608
148.314093 -41.357608
144.651225 -41.163914
144.839064 -41.163914
145.026904 -41.163914
145.214743 -41.163914
145.402582 -41.163914
145.590422 -41.163914
145.778261 -41.163914
145.966101 -41.163914
146.153940 -41.163914
146.341779 -41.163914
146.529619 -41.163914
146.717458 -41.163914
146.905298 -41.163914
147.093137 -41.163914
147.280977 -41.163914
147.468816 -41.163914
147.656655 -41.163914
147.844495 -41.163914
148.032334 -41.163914
148.220174 -41.163914
144.745144 -40.970220
144.932984 -40.970220
145.120823 -40.970220
145.308663 -40.970220
145.496502 -40.970220
145.684341 -40.970220
146.999217 -40.970220
147.187057 -40.970220
147.374896 -40.970220
147.562736 -40.970220
147.750575 -40.970220
147.938414 -40.970220
148.126254 -40.970220
148.314093 -40.970220
144.839064 -40.776527
145.026904 -40.776527
145.214743 -40.776527
147.656655 -40.776527
148.032334 -40.776527
144.932984 -40.582833
