  1   6
  1   7
  2  10
  2  11
  2   3
  3  11
  3  12
  3   4
  4  12
  4  13
  4   5
  5  13
  5  14
  5   6
  6  14
  6  15
  6   7
  7  15
  7  16
  7   8
  8  16
  8  17
  8   9
  9  17
  9  18
 10  19
 10  20
 10  11
 11  20
 11  21
 11  12
 12  21
 12  22
 12  13
 13  22
 13  23
 13  14
 14  23
 14  24
 14  15
 15  24
 15  25
 15  16
 16  25
 16  26
 16  17
 17  26
 17  27
 17  18
 18  27
 18  28
 19  32
 19  33
 19  20
 20  33
 20  34
 20  21
 21  34
 21  35
 21  22
 22  35
 22  36
 22  23
 23  36
 23  37
 23  24
 24  37
 24  38
 24  25
 25  38
 25  39
 25  26
 26  39
 26  40
 26  27
 27  40
 27  41
 27  28
 28  41
 28  29
 29  42
 29  30
 30  42
 30  43
 31  44
 31  45
 31  32
 32  45
 32  46
 32  33
 33  46
 33  47
 33  34
 34  47
 34  48
 34  35
 35  48
 35  49
 35  36
 36  49
 36  50
 36  37
 37  50
 37  51
 37  38
 38  51
 38  52
 38  39
 39  52
 39  53
 39  40
 40  53
 40  54
 40  41
 41  54
 41  55
 42  56
 42  57
 42  43
 43  57
 44  58
 44  59
 44  45
 45  59
 45  60
 45  46
 46  60
 46  61
 46  47
 47  61
 47  62
 47  48
 48  62
 48  63
 48  49
 49  63
 49  64
 49  50
 50  64
 50  65
 50  51
 51  65
 51  66
 51  52
 52  66
 52  67
 52  53
 53  67
 53  68
 53  54
 54  68
 54  69
 54  55
 55  69
 55  70
 55  56
 56  70
 56  71
 56  57
 57  71
 57  72
 58  73
 58  74
 58  59
 59  74
 59  75
 59  60
 60  75
 60  76
 60  61
 61  76
 61  77
 61  62
 62  77
 62  78
 62  63
 63  78
 63  79
 63  64
 64  79
 64  80
 64  65
 65  80
 65  81
 65  66
 66  81
 66  82
 66  67
 67  82
 67  83
 67  68
 68  83
 68  84
 68  69
 69  84
 69  85
 69  70
 70  85
 70  86
 70  71
 71  86
 71  87
 71  72
 72  87
 72  88
 73  90
 73  74
 74  90
 74  91
 74  75
 75  91
 75  92
 75  76
 76  92
 76  93
 76  77
 77  93
 77  94
 77  78
 78  94
 78  95
 78  79
 79  95
 79  96
 79  80
 80  96
 80  97
 80  81
 81  97
 81  98
 81  82
 82  98
 82  99
 82  83
 83  99
 83 100
 83  84
 84 100
 84 101
 84  85
 85 101
 85 102
 85  86
 86 102
 86 103
 86  87
 87 103
 87 104
 87  88
 88 104
 88  89
 89 105
 90 106
 90 107
 90  91
 91 107
 91 108
 91  92
 92 108
 92 109
 92  93
 93 109
 93 110
 93  94
 94 110
 94 111
 94  95
 95 111
 95 112
 95  96
 96 112
 96 113
 96  97
 97 113
 97 114
 97  98
 98 114
 98 115
 98  99
 99 115
 99 116
 99 100
100 116
100 117
100 101
101 117
101 118
101 102
102 118
102 119
102 103
103 119
103 120
103 104
104 120
104 121
105 122
106 124
106 125
106 107
107 125
107 126
107 108
108 126
108 127
108 109
109 127
109 128
109 110
110 128
110 129
110 111
111 129
111 130
111 112
112 130
112 131
112 113
113 131
113 132
113 114
114 132
114 133
114 115
115 133
115 134
115 116
116 134
116 135
116 117
117 135
117 136
117 118
118 136
118 137
118 119
119 137
119 138
119 120
120 138
120 139
120 121
121 139
121 140
121 122
122 140
122 141
123 142
123 143
123 124
124 143
124 144
124 125
125 144
125 145
125 126
126 145
126 146
126 127
127 146
127 147
127 128
128 147
128 148
128 129
129 148
129 149
129 130
130 149
130 150
130 131
131 150
131 151
131 132
132 151
132 152
132 133
133 152
133 153
133 134
134 153
134 154
134 135
135 154
135 155
135 136
136 155
136 156
136 137
137 156
137 157
137 138
138 157
138 158
138 139
139 158
139 159
139 140
140 159
140 160
140 141
141 160
142 161
142 162
142 143
143 162
143 163
143 144
144 163
144 164
144 145
145 164
145 165
145 146
146 165
146 166
146 147
147 166
147 167
147 148
148 167
148 168
148 149
149 168
149 169
149 150
150 169
150 170
150 151
151 170
151 171
151 152
152 171
152 172
152 153
153 172
153 173
153 154
154 173
154 174
154 155
155 174
155 175
155 156
156 175
156 176
156 157
157 176
157 177
157 158
158 177
158 178
158 159
159 178
159 179
159 160
160 179
160 180
161 181
161 182
161 162
162 182
162 183
162 163
163 183
163 184
163 164
164 184
164 185
164 165
165 185
165 186
165 166
166 186
166 187
166 167
167 187
167 188
167 168
168 188
168 189
168 169
169 189
169 190
169 170
170 190
170 191
170 171
171 191
171 192
171 172
172 192
172 193
172 173
173 193
173 194
173 174
174 194
174 195
174 175
175 195
175 196
175 176
176 196
176 197
176 177
177 197
177 198
177 178
178 198
178 199
178 179
179 199
179 200
179 180
180 200
181 201
181 182
182 201
182 202
182 183
183 202
183 203
183 184
184 203
184 204
184 185
185 204
185 205
185 186
186 205
186 206
186 187
187 206
187 188
188 189
189 190
190 191
191 192
192 193
193 207
193 194
194 207
194 208
194 195
195 208
195 209
195 196
196 209
196 210
196 197
197 210
197 211
197 198
198 211
198 212
198 199
199 212
199 213
199 200
200 213
200 214
201 215
201 202
202 215
202 216
202 203
203 216
203 217
203 204
204 217
204 205
205 206
207 208
208 209
209 210
210 218
210 211
211 218
211 212
212 219
212 213
213 219
213 214
215 220
215 216
216 220
216 217
