201
201
147
201
 92
215
135
118
191
186
118
215
118
215
165
215
215
215
202
169
186
215
186
201
186
 87
186
186
 92
191
191
168
165
215
187
201
 92
191
183
165
215
215
105
118
 91
 42
215
207
181
 42
168
215
201
122
188
215
215
150
202
105
147
201
167
215
135
201
215
 30
168
186
122
186
135
147
201
186
201
105
186
186
215
181
135
215
201
205
191
215
215
166
147
201
167
215
202
164
150
144
215
191
202
215
 75
105
146
213
 75
186
149
201
118
186
118
135
201
186
201
168
215
186
186
186
215
206
122
126
165
168
186
201
201
201
192
105
168
191
186
215
201
191
122
 42
213
186
122
215
186
215
202
201
201
167
  7
215
181
168
186
169
 75
206
215
201
201
186
146
215
201
122
191
215
135
186
147
147
201
202
201
201
191
105
 85
215
186
201
186
181
186
215
201
201
135
186
201
147
186
 67
201
149
168
186
202
215
215
215
165
216
215
191
 43
181
215
168
186
206
122
186
186
135
215
122
 42
 92
122
186
186
192
135
215
201
167
 42
201
215
201
215
215
204
192
215
155
215
165
122
186
135
169
215
105
181
215
201
201
147
169
135
191
201
201
201
215
186
201
147
186
186
201
135
147
192
215
201
116
204
191
137
191
 92
186
215
168
186
 85
186
147
201
186
215
186
122
215
165
118
202
147
186
118
167
186
168
201
201
 91
201
201
201
 67
215
201
201
201
215
215
186
168
146
118
186
186
168
201
215
206
215
166
201
215
116
215
191
118
168
 91
201
201
147
118
168
215
186
202
 71
201
186
167
105
