 0.548619
-0.660875
-1.893817
-1.723996
-1.619632
 0.204904
-0.390047
 0.337653
-1.003296
-0.402571
 0.807493
 0.662954
-1.216483
-1.302026
 0.019715
-0.778972
-0.221559
 1.874360
 0.030075
 1.132675
 0.816563
-1.576313
-1.440749
-0.657670
 1.515741
-0.021643
-0.061336
 0.496103
-1.441313
 1.103628
-0.684607
 1.373637
-1.295964
 1.605580
 1.831517
 1.236999
 0.595934
-1.363163
 0.605356
 1.057335
-0.405729
 1.023114
 0.598065
-0.506718
-0.693724
 0.557860
-0.743823
 0.503515
-1.416591
-1.411690
-0.572903
-0.598527
