145.686845 -41.429519
146.251153 -41.220697
146.957752 -41.385134
145.783809 -41.062037
146.173225 -41.620797
146.436786 -41.439909
147.352554 -42.224077
144.862322 -40.899012
146.579798 -41.341195
145.976858 -43.214072
144.664526 -40.907110
146.757176 -43.596560
146.238941 -43.085740
146.700545 -42.435367
146.161252 -41.334606
145.495753 -41.292598
146.809915 -41.047869
146.178979 -41.151675
147.783650 -41.565677
145.374381 -42.315291
146.583835 -41.580535
145.925401 -43.253613
147.929162 -42.936001
147.018391 -41.604824
146.482806 -43.063173
145.461673 -42.468453
146.287699 -42.682301
147.644014 -41.644788
145.206166 -41.980998
145.058186 -41.684992
145.828900 -42.386530
147.021160 -42.234304
145.267211 -41.729772
148.100084 -42.096827
146.781641 -41.054604
147.730836 -42.418256
145.066177 -41.847996
144.884070 -41.303183
147.942739 -43.240923
145.545889 -41.339433
145.003227 -40.644295
147.450599 -41.171745
145.610865 -40.953374
145.145092 -41.191369
146.468415 -41.571012
145.071627 -40.943468
146.588981 -41.803701
147.865773 -41.828955
146.167529 -41.217112
146.992239 -43.110439
146.953911 -41.611846
145.681430 -43.073734
