    40.219271 162597.481753
    58.897731 162597.899650
    52.680055 162605.555575
    34.679950 162587.914442
    34.216021 162592.380620
    46.314740 162591.890881
    61.911015 162600.237665
    42.595037 162612.909420
    60.795459 162596.732387
    43.213495 162596.970374
    46.755091 162596.274749
    52.449815 162601.731930
    47.540890 162591.148306
    71.456994 162601.608077
    50.614388 162600.427652
    72.952760 162591.244272
    46.848247 162603.348028
    49.534557 162595.379780
    25.592543 162602.360598
    44.973148 162590.814074
    56.710656 162600.135091
    38.999293 162602.022643
    59.501836 162620.266674
    42.994413 162599.973180
    35.356498 162607.434732
    35.098112 162605.512738
    37.500557 162604.254597
    53.044710 162601.605789
    31.574292 162613.636365
    16.967970 162605.912702
    32.272747 162598.017428
    30.751206 162617.969915
    44.582074 162608.421301
    51.333565 162603.257215
    42.427104 162621.517180
    23.054014 162616.143240
    45.700651 162600.602605
    54.470248 162618.233114
    38.822843 162622.509827
    12.766099 162608.906553
    31.137049 162600.572114
    30.133680 162586.938693
    45.572974 162613.566075
    49.493429 162603.362100
    35.796274 162609.110784
    52.434524 162603.186818
    26.811268 162602.001910
    35.852555 162613.833156
    25.451656 162601.856607
    52.501974 162591.109696
    44.691941 162614.932401
    43.416217 162616.808100
    41.605710 162607.900097
    32.863488 162609.134112
    36.904771 162599.738908
    32.701315 162601.198766
    45.060282 162603.639564
    39.677837 162610.540335
    44.371206 162608.099093
    31.015076 162599.873349
    39.448298 162602.757299
    30.914493 162609.533029
    31.120802 162599.464180
    30.711017 162598.267675
    29.544728 162597.157698
    46.690224 162610.067657
    38.193279 162584.976212
    21.528558 162590.231291
    37.983400 162605.705719
    36.768195 162591.343770
    21.635613 162591.854797
    32.810973 162600.681646
    18.212298 162597.195848
    29.944283 162600.022828
    28.361941 162606.876041
    34.832300 162595.723225
    36.444820 162602.823698
    41.541389 162606.707901
    40.609571 162616.115913
    41.067902 162601.648651
    31.011648 162598.183688
    40.543533 162595.801712
    45.132508 162603.856912
    25.218027 162601.792569
    34.840575 162607.712640
    33.956040 162597.610842
    32.231860 162607.839083
    43.279878 162602.121487
    49.441707 162599.392225
    30.940739 162604.706666
    38.170929 162587.212643
    39.641807 162593.401975
    45.017872 162603.127548
    39.822912 162602.276148
    56.859434 162596.231178
    46.357447 162596.755104
    34.577697 162600.809786
    42.972342 162595.019970
    54.984213 162596.112592
    53.148468 162587.435573
    39.603401 162609.925345
    53.309823 162609.733072
    57.376857 162601.379190
    47.479117 162598.575900
    56.202898 162606.973931
    31.997750 162591.805675
    39.661534 162596.054494
    34.888011 162602.498347
    54.558602 162599.614379
    33.147188 162601.883863
    36.156751 162593.444673
    45.454840 162602.468778
    34.217342 162607.460382
    50.485423 162602.392594
    41.053221 162594.350765
    37.619353 162612.132638
    50.117973 162610.630703
    30.385124 162597.409901
    40.217204 162597.231827
    32.460424 162585.751429
    22.751296 162596.977641
    33.685480 162594.680271
    42.938835 162591.090847
    38.686240 162597.707343
    25.441221 162595.598116
    28.082796 162601.374725
    33.322407 162595.959417
    40.253654 162600.058199
    38.557850 162587.765249
    48.130095 162603.943577
    32.216654 162606.916305
    53.144020 162598.303366
    52.161714 162604.514440
    47.494762 162613.463300
    36.282250 162604.173760
    32.436996 162612.967713
    24.585685 162594.301678
    25.964508 162612.673187
    24.300289 162594.388425
    46.806664 162598.464578
    49.092879 162601.111691
    40.512995 162590.178943
    36.520630 162593.191892
    36.434059 162590.479932
    41.909250 162601.319540
    27.976838 162596.152178
    27.597390 162608.051255
    36.433112 162594.662966
    41.658504 162596.738140
    53.074950 162601.758585
