   0.224732 1107.007767
   0.223465 1115.932150
   0.222466 1101.634375
   0.221939 1123.584465
   0.222380 1098.818212
   0.221132 1105.604533
   0.220666 1108.477664
   0.219698 1111.209438
   0.218825 1109.498856
   0.220696 1104.388094
   0.221898 1110.093038
   0.220887 1105.172878
   0.224906 1115.804242
   0.223643 1114.045301
   0.224342 1114.359889
   0.223627 1106.788693
   0.222463 1106.979297
   0.222697 1099.829611
   0.223805 1104.538451
   0.223842 1112.943033
   0.222164 1111.631131
   0.223123 1105.816965
   0.223472 1108.190684
   0.220712 1110.923093
   0.220561 1112.016638
   0.221703 1114.061737
   0.219913 1106.776697
   0.219567 1098.434402
   0.220699 1112.221667
   0.220198 1113.984423
   0.220899 1110.148266
   0.220155 1115.207085
   0.222470 1106.970104
   0.224436 1104.821473
   0.223490 1111.147095
   0.224484 1113.558691
   0.225815 1109.884037
   0.224970 1103.551271
   0.225337 1111.895084
   0.223904 1112.274527
   0.225662 1109.275909
   0.225629 1106.459799
   0.227619 1113.037349
   0.222134 1104.074696
   0.221747 1117.273971
   0.224623 1101.911155
   0.224538 1106.037368
   0.222472 1105.494242
   0.220556 1112.561656
   0.222587 1125.818437
   0.222827 1108.537516
   0.222950 1112.496365
   0.220649 1105.038552
   0.222178 1108.271030
   0.220789 1104.396490
   0.220930 1116.025353
   0.221058 1108.411047
   0.221433 1097.743821
   0.222619 1112.724880
   0.220601 1120.695425
   0.220052 1103.391070
   0.221130 1102.324063
   0.220612 1112.941633
   0.221967 1108.763301
   0.219479 1103.999560
   0.220935 1107.052647
   0.220549 1109.572550
   0.220934 1118.057600
   0.221643 1118.579341
   0.223119 1110.985392
   0.222073 1106.873314
   0.221674 1113.944995
   0.221212 1109.399233
   0.222038 1106.643220
   0.223763 1109.731663
   0.223996 1097.108202
   0.223130 1103.427199
   0.225367 1107.330668
   0.226156 1114.250188
   0.226485 1105.978353
   0.226808 1109.924340
   0.226189 1113.710727
   0.223017 1101.884238
   0.221593 1121.285728
   0.222173 1107.948686
   0.221933 1104.258653
   0.223231 1114.089665
   0.223460 1109.095366
   0.224698 1114.137968
   0.223229 1107.719682
   0.225978 1111.210571
   0.225000 1117.246532
   0.223291 1112.280084
   0.224521 1114.038230
   0.226184 1105.236071
   0.224349 1108.806681
   0.223027 1112.385744
   0.222296 1102.123245
   0.219797 1107.141865
   0.219254 1118.203732
   0.221541 1105.091224
   0.221219 1111.030199
   0.221359 1118.818349
   0.219764 1112.368060
   0.220951 1113.579516
   0.219413 1114.927599
   0.221178 1109.772261
   0.219769 1113.242591
   0.221709 1115.580113
   0.220015 1118.775174
   0.218060 1099.963874
   0.220078 1104.020853
   0.219086 1098.523531
   0.222654 1106.730635
   0.222773 1103.031773
   0.222047 1111.972760
   0.222185 1116.637353
   0.220278 1108.992088
   0.221116 1117.979764
   0.218971 1110.615666
   0.219803 1111.449063
   0.218505 1113.861629
   0.219915 1109.725262
   0.219782 1110.265730
   0.219271 1108.690737
   0.218969 1114.486682
   0.217458 1108.742603
   0.220946 1116.074188
   0.222565 1099.362571
   0.221355 1118.872721
   0.222234 1107.174442
   0.222244 1105.426752
   0.220360 1111.135293
   0.219594 1108.298037
   0.221224 1114.319111
   0.220019 1114.928472
   0.222890 1097.601513
   0.222467 1111.375373
   0.220348 1114.017985
   0.223017 1111.428513
   0.221035 1103.630507
   0.220219 1108.530720
   0.220290 1113.508053
   0.221829 1112.644164
   0.222895 1110.377204
   0.220274 1110.407841
   0.220272 1109.048893
   0.220215 1107.374348
   0.220926 1104.685692
   0.221559 1100.235163
