-43.454626 -41.584705 -40.935478 -41.111007 -42.191571 -41.461300 -41.271467 -43.330153 -41.463847 -41.166571 -41.953396 -42.914497 -43.378642 -41.536274 -41.123493 -40.744346 -41.821196 -41.351540 -41.932606 
-43.454626 -41.584705 -41.584942 -41.045972 -42.368530 -41.461300 -41.271467 -41.646200 -41.541493 -41.887773 -41.953396 -42.914497 -40.969521 -42.953650 -42.352718 -41.178844 -41.040552 -42.404930 -43.033490 -42.257333 -42.443186 -42.797627 
-43.454626 -42.088054 -41.807759 -42.335646 -42.039792 -41.455063 -41.271467 -41.886160 -41.505093 -40.959572 -41.800100 -41.189516 -40.890411 -42.930070 -41.110511 -42.682192 -41.471630 -41.610139 -41.243336 -42.316948 
-43.454626 -41.049376 -41.924634 -41.650292 -41.499629 -41.323186 -41.331369 -41.470313 -41.505093 -40.863180 -41.800100 -42.475434 -41.471630 -43.166143 -41.430412 
-43.454626 -43.166143 -40.790972 -41.471630 -41.499629 -41.323186 -41.855826 -41.344937 -41.459508 -40.924819 -41.800100 -42.241153 -41.001254 -42.416364 -42.223011 
-43.454626 -43.166143 -42.583625 -41.471630 -41.499629 -41.323186 -42.389994 -41.326568 -41.459508 -41.286232 -42.612024 -42.571104 -41.664191 -41.132332 -41.490271 -41.583199 -41.175615 -40.896389 
-43.454626 -41.297932 -43.177841 -41.471630 -41.774021 -41.323186 -41.537611 -41.696251 -41.459508 -41.286232 -42.771637 -41.155347 -41.708862 -41.423829 -41.759233 -41.596383 -41.453904 -41.766623 -43.648276 -41.474841 -40.908231 -42.489942 -42.635293 
-43.454626 -42.695482 -41.475493 -41.692269 -43.217940 -41.323186 -41.537611 -41.267163 -41.414240 -41.260600 -42.801434 -42.409409 -41.741558 -40.628126 -41.139026 -42.920902 
-43.454626 -41.198654 -41.475493 -41.692269 -41.079446 -41.316441 -41.537611 -43.145703 -41.414240 -42.815286 -42.801434 -41.081634 -41.312646 -41.027101 -42.249060 -42.766411 -42.123451 -43.301178 -40.854327 -42.127199 -41.643547 -42.719145 -42.377421 -43.037284 -42.333433 -41.881276 -43.175061 
-43.454626 -41.320407 -41.458108 -42.123852 -41.714242 -41.316441 -41.537611 -42.701494 -41.465068 -42.566846 -43.255018 -41.071629 -41.895012 -40.850540 -42.686719 -41.189818 -42.148564 
-41.595677 -41.299972 -41.458108 -41.132330 -40.755525 -41.316441 -41.529986 -42.701494 -41.465068 -41.005893 -43.255018 -42.192066 -42.793268 -41.995745 -42.557110 -41.009585 -43.097257 -42.357534 -43.570187 
-41.571177 -41.499035 -41.458108 -43.013687 -40.981221 -41.316441 -41.529986 -42.609955 -41.465068 -40.843604 -43.255018 -42.076126 -42.350264 -41.995745 -41.393251 -42.300555 -42.438745 -42.623146 -42.303394 -42.763426 -42.436615 -42.877642 
-41.571177 -41.582260 -41.380623 -42.083173 -41.219609 -41.316441 -41.529986 -42.609955 -41.369433 -40.965117 -43.449092 -42.076126 -42.559873 -43.202537 -42.473777 -42.743184 -41.144377 -42.084688 -42.022820 -42.458487 
-41.775871 -42.921863 -41.380623 -42.644677 -42.049427 -41.316441 -41.389074 -42.609955 -41.353049 -41.025908 -43.449092 -42.076126 -41.423431 -41.677256 -42.590772 -41.772572 -42.197905 -43.463787 -41.836500 -40.728888 -42.118856 -43.146528 -42.187539 -43.248758 -42.240314 -42.715187 -41.015360 -40.811643 -41.782517 -41.791676 -41.881696 
-41.449889 -40.721667 -41.395681 -42.260589 -41.438409 -41.316441 -41.619549 -42.609955 -41.695215 -41.025908 -43.449092 -41.705651 -40.933146 -41.677256 -42.434999 -41.707147 -41.799268 -43.017456 -43.157165 -41.397146 
-41.076162 -40.805780 -42.414975 -42.362063 -41.438409 -41.316441 -41.375213 -42.609955 -41.689448 -41.564909 -43.449092 -42.647212 -41.579262 -41.228476 -42.097306 -42.163012 -41.329403 -41.464024 -42.132513 -43.148080 -41.038335 -43.367962 -42.417432 -41.711691 -41.415783 -41.379039 -40.847070 -41.939457 -41.244284 -41.478129 -41.973016 -42.919432 -41.289422 
-41.632148 -40.805780 -43.042141 -43.304012 -41.038335 -41.466209 -42.080514 -41.855220 -41.379039 -41.438404 -43.449092 -41.445512 -42.470325 -41.711691 -41.310922 -42.583378 -41.890728 -42.472987 -41.084584 -43.467985 -42.154659 -41.629511 -43.536446 
-42.470122 -40.805780 -42.583378 -41.655355 -41.038335 -41.466209 -41.998469 -42.932771 -41.447677 -41.388311 -43.449092 -43.227537 -41.571571 -41.754744 -41.466656 -41.221582 -41.331783 -42.053605 -41.732647 -42.149825 -43.191213 -41.345087 -42.101286 
-41.765879 -40.781773 -42.583378 -41.331783 -42.778493 -41.235011 -41.808717 -41.996842 -41.953242 -41.388311 -43.449092 -41.525558 -41.952670 -43.499314 -42.779702 
-41.765879 -41.535781 -42.583378 -41.507004 -41.688512 -42.865958 -41.872018 -41.694709 -42.046889 -41.453273 -43.449092 -41.608875 -42.132564 -42.070583 -41.288212 -41.613541 -43.006374 -42.216567 -42.268948 -41.563134 -42.541349 -42.090257 -40.823132 -42.398517 
-41.765879 -42.080141 -42.583378 -41.507004 -41.451770 -41.514872 -41.872018 -41.543732 -41.560497 -41.453273 -43.413927 -41.608875 -42.227630 -42.519028 -41.000941 -41.233136 -42.392700 -42.187108 -40.730947 -41.597377 -41.071385 -41.587462 -41.682962 
-41.754203 -41.003684 -42.583378 -41.507004 -42.502769 -43.129820 -41.872018 -41.144855 -41.607409 -41.453273 -43.413927 -41.608875 -42.338521 -41.037049 -42.158461 -43.134947 -41.960950 -41.918639 -43.487642 -42.131580 -41.263491 
-41.754203 -41.853985 -42.804823 -41.437473 -41.311396 -43.563185 -41.872018 -42.567785 -41.901826 -41.453273 -43.413927 -41.608875 -41.836513 -40.702135 -42.368111 -42.011090 -40.986380 -41.112092 -41.823919 -43.063781 -42.828333 -41.331527 -41.964259 -41.422422 -43.420872 -43.009546 -43.583643 -41.177985 -43.035923 -41.134622 -42.433803 
-41.754203 -41.375556 -42.804823 -41.437473 -41.045730 -42.338246 -41.501858 -42.005289 -42.519759 -42.253154 -43.413927 -41.608875 -41.873708 -42.204079 -41.192860 -40.994819 -41.117633 -42.283252 -41.805659 -41.891334 -41.850375 -42.595245 
-41.814394 -41.375556 -42.590375 -41.437473 -43.421731 -41.870047 -42.408921 -40.848802 -41.059935 -42.897526 -43.413927 -41.608875 -41.873708 -41.986382 -43.204940 
-41.784873 -41.411341 -42.887002 -41.437473 -40.970636 -41.796792 -41.723413 -40.848802 -41.423445 -41.760072 -43.413927 -41.608875 -41.873708 -41.898543 -43.000581 -42.275660 -41.538165 -41.586455 -41.768241 -41.814786 -41.371766 
-41.784873 -41.411341 -40.967010 -41.437473 -41.946321 -41.752220 -41.814276 -40.848802 -41.159892 -42.992381 -43.413927 -41.608875 -41.792661 -43.186279 -41.894127 -41.463805 -42.210315 -41.737092 -43.121059 -42.195994 
-41.784873 -41.411341 -40.990859 -41.437473 -41.325534 -43.162418 -42.266311 -40.921214 -41.159892 -42.992381 -43.413927 -41.542096 -41.923727 -41.748503 -41.894127 -40.983146 -41.643442 -42.125043 -42.942083 -42.526958 -41.673455 -42.756757 -42.160529 -42.602370 -41.577344 -42.543813 -42.158330 -41.833748 
-41.784873 -41.411341 -40.964461 -41.473999 -41.597832 -42.089896 -41.229152 -40.921214 -41.696177 -42.992381 -43.413927 -41.658260 -41.673455 -43.530572 -41.984288 -42.469334 -41.901710 -43.252681 -43.629536 -41.723974 -43.142865 -41.542140 
-41.775339 -41.458441 -42.085298 -41.473999 -41.794431 -41.752651 -41.777999 -43.129428 -40.883675 -42.672245 -43.413927 -41.512910 -41.902045 -41.831488 -41.319043 -43.198460 -42.974027 
-42.750122 -41.458441 -42.085298 -41.473999 -41.931675 -42.895817 -43.165738 -40.796466 -42.912738 -42.672245 -41.683036 -41.512910 -42.557990 -41.748900 -41.229909 -42.191279 -43.466015 -41.765078 -41.410915 -41.116904 -41.660690 -42.830826 -41.514411 -41.474200 
-41.047601 -41.415028 -42.126923 -41.473999 -41.688851 -43.091835 -42.043269 -42.085793 -43.026952 -42.672245 -43.376361 -41.512910 -41.677323 -41.899393 -41.737789 -41.033076 -43.466015 -41.252658 -41.693783 -41.019668 -40.973880 -41.652786 -42.635311 
-41.128622 -41.415028 -41.890069 -41.473999 -41.246835 -43.270556 -41.943713 -42.804882 -43.466015 -42.672245 -40.822864 -41.508468 -41.241733 -41.918182 -42.795259 -41.675494 -41.859146 -41.756146 -41.763666 -41.850485 -42.012794 -41.590631 -41.410354 -42.646566 -43.538671 -43.122633 -42.945738 -42.503676 -41.569367 -42.063877 
-42.833959 -41.415028 -41.854490 -41.473999 -41.514937 -40.956555 -40.989716 -41.903813 -43.466015 -42.672245 -41.026687 -41.508468 -42.651862 -40.931817 -42.653404 -41.295039 -41.945605 -41.546637 -41.737877 -41.178249 -42.922832 -41.405043 -42.451384 -41.457678 -41.685429 -42.714528 -42.209587 -41.619985 -41.781977 -42.682065 
-42.567368 -41.415028 -41.711740 -41.473999 -41.378794 -41.505883 -41.540348 -42.058544 -43.466015 -42.672245 -43.233382 -41.508468 -43.059669 -40.706938 -41.912528 -41.214320 -41.232178 -41.656954 -42.984699 -41.110900 -41.906643 -41.650287 -43.310674 -43.267891 -41.671728 
-40.675864 -41.415028 -41.922815 -41.403766 -41.232178 -41.175239 -41.529597 -41.322637 -43.466015 -42.672245 -42.183956 -41.508468 -40.899673 -41.951910 -41.626309 -43.496245 
-41.047097 -41.415028 -43.455157 -41.403766 -41.232178 -41.175239 -41.000421 -42.072746 -43.512392 -42.672245 -43.100626 -41.536819 -41.643267 -41.711056 -41.788820 -43.104342 -42.543102 -43.432203 -42.084365 -42.598141 -42.157846 -42.410241 -42.990472 -41.910972 
-41.062951 -41.415028 -41.806670 -41.403766 -41.234147 -41.175239 -41.307833 -41.721044 -43.512392 -42.672245 -40.850427 -41.612192 -41.465612 -43.017173 -42.117890 -41.825078 -40.910575 -41.891122 -41.172407 -41.204434 -43.039362 -41.389248 -42.883212 
-41.152488 -41.415028 -41.267520 -41.760694 -41.234147 -41.175239 -41.760722 -41.320788 -43.512392 -42.672245 -41.452191 -42.891217 -41.465612 -41.509910 -42.236212 -41.327714 -43.142455 -41.895323 -41.115061 -41.937109 -41.515121 -41.984675 -43.182059 -41.152572 -42.336143 
-41.688767 -41.415028 -40.836598 -40.795812 -41.234147 -41.154632 -41.434332 -42.136031 -43.512392 -42.672245 -41.791283 -41.648154 -41.711089 -42.390737 
-42.044703 -41.415028 -41.786502 -42.314579 -41.234147 -41.154632 -41.553967 -42.117724 -43.512392 -42.672245 -41.146676 -41.497295 -41.700639 -41.989607 -41.855024 -41.777727 -40.766098 
-41.917408 -41.415028 -42.062206 -41.904036 -41.234147 -41.154632 -42.018297 -41.592066 -43.512392 -42.875491 -40.951130 -41.497295 -41.313103 -40.766098 -43.124925 -41.180412 -43.053316 -43.254090 -41.083835 
-41.917408 -41.415028 -41.561018 -41.402035 -41.234147 -41.154632 -41.816538 -41.218672 -43.512392 -42.875491 -42.200946 -41.456011 -41.313103 -41.234802 -41.282713 -41.180412 -41.786119 -41.344316 -42.260832 -42.978427 -42.164647 -41.048559 -42.393337 -42.728519 -43.465877 
-41.798863 -41.415028 -42.270072 -42.164414 -41.234147 -41.068556 -41.965146 -41.028100 -43.512392 -42.875491 -42.848378 -41.505210 -41.304405 -42.000652 -42.308908 -40.742942 -41.394923 -42.346319 -41.459870 -41.589799 -42.361280 -42.871435 
-41.505365 -41.415028 -41.633761 -41.861293 -41.234147 -41.197220 -42.129429 -41.314489 -43.512392 -42.875491 -40.864035 -42.437145 -40.949155 -41.904262 -42.856118 -42.950764 -41.161413 -41.478844 -41.117781 -41.979756 
-41.505365 -41.415028 -41.684129 -41.373282 -41.234147 -41.197220 -42.018143 -41.705270 -43.512392 -42.875491 -41.729585 -41.695274 -41.832682 -41.602783 -42.272924 -42.152125 -41.181415 -42.543417 -41.064676 -42.831825 -43.007876 -41.401415 -41.966949 -41.723598 
-43.410087 -43.018598 -42.485539 -41.683577 -40.985722 -41.197220 -41.844933 -41.647467 -43.654209 -42.875491 -41.539270 -41.861241 -43.432634 -41.254332 -41.209914 -41.543364 
-40.776737 -42.421977 -41.502677 -41.620384 -41.021923 -41.197220 -42.587144 -41.637460 -41.703750 -42.875491 -43.480265 -41.861241 -43.432634 -41.944273 -41.209914 -42.862093 -41.779609 -43.331182 -41.619142 -42.214794 
-42.328397 -41.209914 -41.223673 -42.994675 -42.714046 -41.197220 -41.169360 -41.637460 -41.806293 -42.875491 -41.822257 -41.861241 -43.432634 -42.317536 -42.856606 -43.523952 -42.151350 -42.765655 -41.582198 -40.872244 -41.906772 -42.954316 -41.167914 
-41.167950 -41.184920 -42.365434 -41.582198 -42.051508 -41.360998 -43.048972 -41.637460 -41.563742 -42.875491 -41.725339 -41.861241 -43.432634 -41.265083 -41.894951 -42.515177 -42.849955 -42.926469 -42.806381 -41.163515 -41.593291 -41.438250 -41.984723 -42.281029 -42.335223 -42.909765 
-43.137771 -41.184920 -42.174367 -41.711945 -41.274877 -41.559243 -43.081007 -41.533936 -41.542764 -41.340552 -41.031265 -41.705454 -43.432634 -43.276651 -42.169606 -42.584109 -42.110020 -43.293156 -41.193032 -42.312823 -41.218604 -41.076255 -41.005220 -41.298788 
-42.555910 -41.176969 -41.756122 -41.796663 -42.458192 -41.559243 -41.392268 -41.589804 -41.933677 -42.503653 -40.838409 -41.839551 -43.432634 -41.803922 -42.680913 -43.259320 -41.710027 -42.505954 -41.313524 -42.361964 -41.442314 -43.520089 -42.388148 -41.271149 
-41.392719 -41.691519 -41.751569 -43.228606 -43.521636 -41.559243 -41.165348 -41.589804 -40.909623 -42.209832 -41.324535 -43.043838 -43.432634 -41.843707 -41.706992 -42.251188 -41.454184 -43.029256 -42.456700 -42.245025 -42.004007 
-41.511481 -41.637126 -41.260405 -41.454184 -41.078733 -43.190571 -43.043838 -41.555516 -40.737134 -41.735883 -43.432634 -40.922577 -41.161770 -41.584369 -43.269664 -41.869541 -43.154634 -42.136941 -41.714640 -42.067501 
-41.354486 -42.183702 -42.993523 -41.454184 -43.653339 -41.711389 -43.043838 -41.555516 -40.999380 -41.735883 -43.432634 -40.920299 -40.811141 -41.584369 -42.248663 -42.567271 -42.952484 -40.988763 -41.738743 -40.935595 
-42.209605 -41.528111 -41.334159 -41.454184 -41.571886 -41.711389 -43.268577 -41.555516 -40.999380 -41.707435 -43.432634 -41.531957 -41.157826 -40.897065 -41.705976 
-41.462017 -42.312568 -41.762648 -41.454184 -41.571886 -42.062044 -43.268577 -41.561096 -40.818286 -41.537286 -43.432634 -41.223267 -40.771556 -42.913809 -41.620468 -42.315021 -42.532076 -43.080453 -42.541496 -42.655988 -42.820334 -41.820339 
-41.242742 -41.067037 -41.768664 -41.247298 -41.429295 -42.066133 -43.268577 -41.573306 -41.967473 -41.537286 -43.432634 -41.709054 -42.061541 -41.172373 -42.555873 -41.224406 -41.569589 -41.885466 -42.282717 -41.643994 
-42.318951 -41.361405 -41.682624 -41.242520 -41.429295 -42.070686 -43.039265 -41.573306 -41.693570 -41.718165 -43.432634 -41.427287 -41.883728 -41.165433 -41.867499 -43.307332 -43.432757 -42.189180 -42.021456 -41.037714 -42.159641 -43.466750 
-43.072924 -42.835922 -41.713865 -41.196039 -41.429295 -41.757273 -43.039265 -41.573306 -41.848795 -41.718165 -43.432634 -40.940940 -42.136735 -40.890510 -43.269031 -42.092720 -42.261620 -41.396489 
-41.991582 -43.176296 -41.635926 -41.255713 -41.429295 -41.707473 -43.039265 -43.175200 -41.470531 -41.718165 -43.432634 -40.984569 -41.578744 -41.702185 -41.264805 -42.168430 -42.348185 -41.429151 -42.988743 
-42.552946 -41.508258 -41.162548 -41.255713 -41.429295 -41.774003 -43.039265 -43.335373 -42.748280 -41.687245 -43.450589 -40.778628 -41.578744 -41.209389 -41.774868 -41.431513 -42.741565 -41.435750 
-42.407171 -41.468089 -41.241226 -41.255713 -41.429295 -41.868852 -43.039265 -41.755772 -41.252590 -41.687245 -43.450589 -40.889534 -41.551922 -42.924241 -43.043533 -41.022389 
-43.164052 -41.658287 -41.151269 -41.255713 -41.429295 -41.868852 -43.039265 -41.755772 -42.225839 -41.909989 -43.450589 -42.755019 -41.551922 -41.290792 -40.992710 -41.039504 -42.597427 
-41.831529 -42.983264 -41.498934 -41.202904 -41.594675 -41.854469 -42.904177 -41.683861 -41.818247 -41.909989 -43.450589 -42.425962 -41.127420 -41.526405 -43.214593 -41.937156 
-40.734264 -41.598452 -42.725819 -41.202904 -41.594675 -41.995347 -41.326578 -41.683861 -42.365695 -41.827102 -43.450589 -42.234933 -41.630806 -42.836750 -40.917970 -41.485975 -42.957559 -42.297969 -43.149240 -42.350218 -41.435312 -42.055255 -42.608066 -42.159219 -41.827251 -42.643693 -43.236358 -40.953304 
-41.527881 -42.873326 -41.619118 -41.202904 -41.495671 -41.995347 -42.717638 -41.637022 -42.279765 -41.045958 -43.450589 -43.262379 -41.851361 -42.836279 -41.203680 -43.257069 -41.415908 -41.879950 -41.787095 -40.956210 -42.594440 
-41.628948 -43.283221 -42.590369 -41.202904 -41.577257 -41.995347 -41.612851 -41.637022 -42.836279 -41.260063 -43.450589 -42.487842 -41.890533 -41.256910 
-41.693921 -41.977461 -41.899270 -41.205483 -41.625790 -43.148311 -40.773387 -41.637022 -42.836279 -41.404343 -43.450589 -42.267586 -41.890533 -42.140014 -41.413985 -41.516528 -42.666799 -40.982124 -43.333235 -40.922051 -40.973992 -41.338334 -42.105930 
-41.693921 -41.467404 -43.238061 -41.201117 -41.475164 -41.874911 -40.773387 -41.637022 -42.836279 -42.559988 -43.450589 -41.815528 -42.712402 -42.195278 -41.980203 -43.287981 -40.792271 
-41.934732 -41.769185 -41.911119 -41.201117 -41.317161 -41.219672 -41.180794 -41.637022 -41.910956 -41.630660 -43.450589 -43.237110 -42.504504 -42.738911 -42.721639 
-41.934732 -41.646622 -43.143990 -41.183277 -41.317161 -41.951118 -40.909665 -43.623814 -41.910956 -41.716989 -43.450589 -43.237110 -41.845215 -42.279807 -41.142245 -41.927943 -43.173371 -43.536606 -42.843958 
-41.934732 -41.548350 -41.791968 -42.508208 -41.367883 -41.430249 -40.870642 -43.535778 -41.910956 -41.582833 -43.450589 -42.828218 
-41.937728 -43.507952 -41.796246 -42.216695 -41.367883 -41.157624 -41.260169 -42.828218 -41.633289 -41.576705 -43.450589 -43.242682 -41.703795 -43.001205 -43.009395 
-41.955955 -41.751573 -41.893881 -40.999479 -41.367883 -41.207651 -40.961782 -43.059505 -42.226745 -41.873575 -43.450589 -43.370810 -42.262611 -42.431101 -43.259449 -42.465886 -41.084365 -43.488802 
-42.837009 -41.838533 -41.294583 -42.866028 -41.642955 -41.207651 -41.268417 -42.211314 -42.297076 -41.839062 -43.450589 -42.051136 -40.887064 -42.025691 -41.044565 -42.628795 -42.838059 -42.696634 
-40.716115 -41.838533 -42.628795 -42.577262 -41.655449 -41.207651 -41.387868 -42.240686 -40.981682 -41.741208 -43.450589 -42.051136 -42.182156 -42.025691 -43.655383 -43.126901 -41.966783 -42.733444 -41.964986 
-41.716494 -41.772458 -42.628795 -41.187880 -41.655449 -42.992032 -42.047342 -41.240319 -42.187859 -41.834312 -43.450589 -42.169141 -43.265517 -41.142442 -42.436059 -41.316744 -41.084791 -42.464529 -42.204290 -41.517895 -41.986846 -40.949502 
-42.063776 -41.680153 -42.628795 -42.837165 -41.667598 -40.974430 -41.783742 -41.258097 -42.323485 -41.374601 -43.450589 -42.169141 -41.899434 -40.758174 -40.905905 -41.547799 -42.224175 -41.835603 -43.027383 
-40.948927 -41.680153 -42.628795 -40.697163 -41.667598 -43.226140 -41.800057 -42.122761 -43.078107 -41.374601 -43.450589 -41.890744 -41.602523 -43.075615 -42.744739 -42.379551 -42.972829 -42.707650 
-41.965762 -41.680153 -42.628795 -41.247082 -41.618822 -42.304374 -41.385210 -42.740010 -43.146076 -41.374601 -43.450589 -41.956719 -43.057395 -41.568844 -43.279024 -41.868679 -41.191399 -43.368817 -41.196080 -43.289259 
-41.965762 -41.715881 -42.944364 -41.702954 -41.704839 -42.449471 -41.693231 -43.184927 -41.986220 -41.212491 -43.450589 -42.022614 -41.232233 -42.082205 -42.928459 -40.870767 -42.947511 -41.812430 -43.507402 
-41.877037 -41.718226 -42.944364 -40.985427 -41.704839 -42.189570 -41.682627 -42.076989 -42.212088 -41.159430 -43.450589 -43.316175 -41.094537 -41.915609 -42.830938 -41.681863 -41.540633 -43.142449 -41.436487 -41.735363 -41.724103 -41.948556 
-41.877037 -41.718226 -42.915002 -40.914279 -41.704839 -43.062016 -41.315050 -41.978312 -42.334479 -41.205954 -43.450589 -41.702122 -42.533415 -41.222586 -42.376779 
-41.741460 -41.663941 -42.915002 -43.450589 -41.704839 -41.949606 -40.664982 -41.978312 -42.032956 -41.257437 -43.484088 -42.485622 -43.071409 -41.375825 -42.172772 -41.610413 -41.758106 -41.445433 -43.067911 -40.942620 
-41.718932 -41.663941 -42.915002 -43.195092 -41.474207 -41.949606 -41.188106 -42.373342 -41.734323 -41.257437 -41.984608 -43.603836 -42.725571 -40.904123 -42.004916 
-41.692287 -41.278037 -42.915002 -43.195092 -41.411257 -41.075045 -41.219330 -40.981334 -43.160701 -41.257437 -41.987547 -42.391415 -41.916116 -41.957965 -42.749374 -41.186049 -41.138798 -42.938124 
-41.845093 -41.395095 -42.915002 -43.195092 -41.564972 -43.022117 -40.804833 -43.553619 -42.077289 -41.257437 -41.616253 -42.017245 -41.916116 -41.957965 -42.841798 -42.075299 -41.204003 -40.911366 -41.558669 -43.381905 -41.930309 
-41.828813 -42.003610 -42.915002 -43.195092 -41.564972 -42.976960 -40.766698 -41.482325 -41.870372 -41.257437 -40.749180 -41.192259 -41.916116 -42.038616 -41.693175 -41.828395 -42.182264 -42.025394 -43.091726 -41.092307 -42.692690 -43.207040 -40.931737 -41.393684 -43.372350 
-42.156898 -41.977468 -42.915002 -43.490140 -41.564972 -41.916116 -40.765638 -41.445043 -41.916824 -41.257437 -42.756541 -42.111133 -41.465007 -41.930935 -40.840822 -41.538338 -41.092257 
-42.415573 -41.985890 -42.887722 -43.490140 -41.564972 -41.949845 -40.756228 -41.445043 -41.928187 -41.257437 -41.966027 -42.202593 -41.969558 -42.297342 -41.820314 -42.249579 -41.018112 -43.010836 -41.108605 
-41.088422 -42.826813 -42.887722 -43.490140 -41.564972 -42.514373 -40.793953 -41.669123 -41.888323 -41.257437 -41.420380 -41.634558 -42.008305 -41.305318 -41.380888 -42.105794 -41.675754 -41.211173 -43.146477 
-41.391734 -41.427835 -42.887722 -43.490140 -41.564972 -41.649124 -41.326589 -41.253354 -41.888323 -41.257437 -41.503527 -43.630969 -42.162754 -41.054809 -41.380888 -41.558556 -43.425762 -41.180894 -42.411673 -41.064360 
-41.699124 -41.115130 -40.960669 -43.454339 -41.664578 -42.848825 -41.354414 -42.071120 -41.862053 -41.598536 -43.285338 -41.659143 -43.353221 -41.806023 -41.380888 
-41.875280 -42.139922 -43.268531 -43.454339 -41.728601 -42.848825 -41.216186 -41.833131 -41.885683 -41.540861 -41.791031 -42.115209 -40.884846 -41.240757 -41.415191 -42.025481 -42.920641 -43.374338 -43.098442 -41.330566 -42.982331 -42.123164 -42.196028 -42.988916 -43.318726 -43.342664 
-41.091810 -41.139236 -43.163845 -43.454339 -41.728601 -42.804403 -41.520507 -41.916432 -41.904782 -42.203188 -42.038549 -43.466358 -42.529375 -41.240757 -41.256877 -42.137817 -42.876542 -41.477675 -41.415374 -41.987404 -41.745125 -40.720995 -41.833607 -41.165267 -41.857565 
-43.024801 -42.057098 -42.087076 -43.454339 -41.664999 -42.538020 -41.682919 -41.880412 -41.803484 -42.551020 -41.158112 -40.833710 -42.714177 -41.240757 -41.961276 -42.309433 -41.995635 -42.601030 
-41.245714 -41.743742 -41.476278 -43.484247 -43.208709 -42.538020 -41.660610 -41.880412 -41.817471 -41.848622 -41.943748 -41.677143 -41.142321 -41.240757 -41.765900 -41.500981 -42.321379 -42.799491 -42.428946 -42.848081 -42.798255 
-42.483821 -42.288663 -41.396882 -43.484247 -41.210205 -42.538020 -41.933391 -42.337917 -41.771331 -41.979643 -41.500981 -40.913394 -41.094770 -41.240757 -41.075359 -41.378176 -41.785073 -42.280988 -41.758936 -41.925659 -41.076428 -43.484930 -40.963283 -42.027493 -41.548945 -41.514174 -42.313080 -41.116479 -40.644199 
-43.078860 -41.223474 -42.881750 -43.484247 -43.385155 -42.538020 -41.507334 -42.337917 -43.346096 -41.383170 -41.526028 -41.231450 -40.904147 -41.198110 -42.336117 -42.982007 -41.948545 -41.629942 -41.991150 -41.917164 -41.956376 -40.895549 -43.194622 
-41.108657 -42.583821 -42.012159 -43.484247 -41.948545 -43.300814 -41.507334 -41.991150 -41.750529 -42.340350 -41.365095 -42.103581 -43.434908 -41.232306 
-41.165653 -40.744826 -42.002028 -43.484247 -41.948545 -41.617713 -43.060007 -41.991150 -41.105908 -42.340350 -41.365095 -42.412973 -41.606583 -41.486981 -41.306362 -41.327030 -43.178353 -42.057083 -43.006059 -41.632295 
-41.817587 -40.969633 -41.664823 -43.484247 -41.795250 -42.538178 -40.688489 -41.991150 -41.787008 -42.340350 -41.365095 -41.151572 -41.606583 -42.556186 -41.142236 -41.305424 -42.930755 -43.371179 -41.447927 -41.565253 -41.374417 
-42.897971 -40.826218 -41.815512 -43.484247 -41.795250 -41.688317 -40.931574 -41.916848 -43.349309 -42.340350 -41.365095 -40.933318 -41.606583 -41.667146 -41.142236 -41.305424 -42.834850 -41.271081 -42.409274 -41.992934 -41.962833 -40.964979 -41.614061 
-40.683036 -41.356857 -42.609009 -43.484247 -43.431095 -42.070407 -41.091441 -41.916848 -41.244681 -42.340350 -41.365095 -41.729962 -43.137070 -41.832382 -41.142236 -41.305424 -43.012381 -41.445782 -41.830267 -41.903875 -41.460093 -41.090263 -43.165902 -41.493297 
-41.673204 -41.349812 -43.348028 -43.484247 -42.071738 -41.305424 -40.834017 -43.081844 -41.657874 -42.340350 -41.365095 -41.630321 -42.084345 -42.047868 -41.378281 -42.575063 
-41.684920 -41.259484 -43.056676 -43.484247 -42.157347 -42.940461 -41.718860 -41.512728 -41.308230 -42.340350 -41.306535 -41.440499 -41.488837 -42.684253 -41.441885 -41.943414 -42.652474 
-41.684920 -42.199063 -41.488837 -43.484247 -41.158316 -43.467356 -43.312734 -41.512728 -40.867297 -42.340350 -41.306535 -42.453130 -43.352480 -43.393725 -43.268131 -41.575525 -43.405276 -41.744258 -41.477147 -42.058210 
-41.684920 -41.117619 -41.488837 -43.484247 -41.158316 -42.878438 -42.213411 -41.512728 -41.709748 -42.340350 -41.422556 -42.421125 -41.345529 -41.464110 -41.784611 -42.325417 -41.258622 -41.143035 -42.866200 -43.178923 -41.100268 -41.898069 -41.211181 
-41.752031 -41.785645 -41.488837 -43.484247 -41.158316 -41.444461 -42.218805 -41.512728 -41.179364 -42.340350 -41.422556 -41.696559 -41.677041 -42.006534 -42.872879 
-41.950131 -41.802271 -41.478250 -43.484247 -41.384850 -41.777198 -41.631733 -41.512728 -41.654047 -42.340350 -41.422556 -41.615750 -41.520328 -43.039827 -42.102021 -43.005289 -42.620633 -42.034732 
-41.962873 -40.970069 -41.478250 -43.484247 -41.311920 -41.156597 -42.937558 -41.512728 -43.429027 -42.340350 -41.422556 -42.193168 -41.520328 -41.487597 -42.877416 -42.499784 -43.499629 -41.500748 
-40.737161 -41.520328 -41.478250 -43.484247 -41.311920 -41.156597 -41.392578 -41.512728 -41.936029 -42.340350 -41.422556 -41.904963 -42.616574 -41.446511 -42.386842 
-41.394338 -41.612905 -41.478250 -43.484247 -41.311920 -42.692632 -42.976334 -41.512728 -41.339375 -42.340350 -41.452983 -43.088560 -41.461786 -41.093997 -42.007673 -41.841079 -42.400580 -42.859796 -41.750913 -41.775512 -42.617182 -43.511033 
-41.054865 -40.849273 -41.574264 -43.484247 -41.163976 -42.432999 -41.446488 -41.512728 -41.609945 -42.340350 -41.322828 -41.750913 -41.839500 -41.245366 -41.042945 -41.509259 -41.182959 -41.310149 -41.282940 
-41.182959 -41.176142 -41.574264 -43.484247 -41.435317 -42.310733 -41.345868 -41.512728 -41.281909 -42.676581 -41.322828 -41.833561 -42.029077 -40.879667 -40.814684 -43.106310 -42.546361 -41.122198 -41.192135 -41.721611 
-41.182959 -42.145234 -41.574264 -43.484247 -41.435317 -40.878816 -41.435842 -41.512728 -41.281909 -42.676581 -41.537831 -41.833561 -42.074031 -42.192147 -41.407115 -41.767853 -42.431390 -42.319054 -41.143770 -41.299375 -40.849360 -42.920414 -41.151150 -40.976714 -41.132931 
-41.182959 -42.109763 -41.860070 -43.484247 -40.768716 -40.903389 -41.294592 -41.512728 -41.705120 -42.676581 -41.546833 -40.769945 -41.090477 
-41.182959 -41.558440 -41.244347 -43.484247 -41.046771 -42.886271 -41.882577 -41.512728 -41.613179 -42.740536 -41.546833 -40.823743 -42.536250 -42.669169 -42.284875 -41.959180 -41.237273 -42.997586 -43.049957 -42.030146 
-41.182959 -41.558440 -42.603078 -43.484247 -42.988920 -42.731333 -41.399426 -41.512728 -41.914061 -42.740536 -41.546833 -41.839068 -43.522363 -41.892110 -42.999375 
-41.182959 -43.434455 -41.683285 -43.484247 -43.050127 -40.879694 -41.692049 -41.512728 -41.914061 -42.498105 -41.546833 -41.839068 -42.963960 -42.634243 -42.941876 
-41.182959 -41.265170 -41.915064 -43.484247 -41.734531 -43.226654 -42.382164 -42.140221 -41.909268 -42.498105 -41.546833 -41.053587 -43.473874 -41.028652 -42.183574 -43.135646 
-41.182959 -42.850275 -41.994704 -43.484247 -41.720886 -43.644165 -41.296190 -41.540740 -41.597627 -42.498105 -41.546833 -41.778424 -41.888747 -42.125010 -42.883670 -42.747052 -42.367515 -42.005138 -42.065275 
-41.182959 -41.404167 -42.332440 -43.470627 -41.997425 -40.918276 -42.187308 -43.007660 -41.343720 -42.498105 -41.546833 -42.088861 -41.632310 -41.515619 -42.024123 -42.038777 -41.102966 -42.883280 -43.140682 -42.792114 
-41.182959 -41.532677 -41.960309 -43.470627 -43.338555 -40.818831 -41.649036 -41.739630 -41.343720 -42.498105 -41.546833 -43.171711 -42.560846 -41.242534 -42.466096 -41.189758 
-41.217915 -41.560172 -42.018057 -43.470627 -42.049463 -41.109033 -41.784321 -42.293079 -43.547932 -42.498105 -41.546833 -42.382144 -41.499241 -41.434838 -41.492351 -42.246661 -41.470325 -42.702558 -42.672184 -43.218632 
-41.081928 -41.470502 -42.018057 -43.470627 -41.492351 -41.109033 -41.784321 -41.518073 -42.704620 -42.498105 -41.546833 -42.807764 -41.691438 -40.711939 -42.125131 -42.137676 -41.170649 -43.551655 -42.616895 
-41.222753 -41.593802 -41.958875 -43.470627 -41.515530 -42.542720 -41.874812 -41.862558 -41.279307 -42.498105 -41.546833 -41.172506 -41.007207 -41.002633 -42.253049 -43.121468 -41.114607 -43.176874 -42.839104 -43.235300 -41.520478 
-42.673533 -41.593802 -42.980578 -43.470627 -40.695211 -42.680507 -41.856687 -41.479732 -41.303018 -42.238939 -41.653395 -41.345317 -43.239096 -40.905825 -42.281892 -42.726779 -41.367376 -42.140964 -41.277032 -42.558524 
-41.924048 -41.593802 -42.140964 -43.470627 -43.202780 -41.051434 -42.661740 -41.805819 -41.303018 -42.129729 -42.017939 -42.231910 -41.675362 -41.390859 -43.407485 -42.726779 -41.709202 -42.580278 -42.195216 -42.525729 
-41.924048 -41.652285 -42.064102 -43.411844 -41.709202 -41.866991 -41.086965 -41.868535 -41.471666 -42.934934 -42.095005 -41.245486 -41.511762 -40.800653 -42.076699 -42.726779 -42.683753 -41.285659 -41.031329 
-42.163057 -41.733171 -42.726779 -43.411844 -41.737998 -41.865539 -41.856223 -43.191871 -41.471666 -42.165528 -41.986194 -40.892489 -41.090564 -40.647867 -41.411318 -41.870610 -41.766299 -43.071537 -41.511395 -42.173311 -42.143918 -41.345463 -43.460125 -40.924599 -41.050418 
-42.964232 -41.573415 -42.726779 -43.411844 -41.737998 -41.128347 -41.909934 -41.926824 -41.471666 -41.641599 -43.245588 -42.598843 -41.263098 -41.242539 -42.971164 -41.798938 -41.482579 -42.942059 -43.453741 -42.738613 -42.112797 -41.896731 -42.144838 -41.457824 -42.459158 
-41.866970 -42.292271 -42.726779 -43.411844 -41.737998 -41.488189 -41.081376 -41.295685 -41.471666 -41.941013 -42.705118 -43.336941 -41.889185 -41.242539 -41.117472 -42.790362 -42.251621 
-41.858702 -42.369361 -42.726779 -43.507454 -41.730855 -41.488189 -42.036775 -41.295685 -41.471666 -41.643830 -40.966152 -41.331180 -42.419540 -42.850968 -43.285890 -42.239268 -40.770775 
-42.236701 -41.906373 -42.822472 -43.507454 -41.730855 -41.488189 -43.250711 -41.327341 -41.471666 -40.979998 -41.180460 -41.331180 -43.431985 -42.038691 -43.272115 -41.808067 -41.786833 -42.145580 -41.798445 -43.056842 -43.361419 
-41.525540 -43.056842 -41.582781 -43.507454 -41.730855 -41.945659 -42.891741 -41.011240 -41.471666 -41.866326 -42.076024 -41.331180 -42.759131 -42.038691 -43.418872 -42.463324 -40.866278 
-41.636827 -43.056842 -41.558866 -43.507454 -41.632460 -42.030052 -40.944472 -42.130104 -41.380999 -41.740162 -42.113376 -41.331180 -41.361641 -42.038691 -41.131505 -42.119953 -41.783194 -41.816408 -42.007762 -41.168539 
-42.247992 -43.066088 -42.147116 -43.507454 -41.585235 -41.648364 -41.113608 -40.886151 -41.380999 -41.740162 -41.417515 -41.137318 -41.309645 -41.769773 -41.924378 -42.392582 
-42.537891 -43.066088 -41.027449 -43.507454 -41.585235 -41.643392 -41.484836 -41.514423 -41.380999 -41.740162 -41.749858 -41.849998 -41.968663 -41.942656 -41.726990 -42.499906 -41.287903 -42.398617 -41.565812 -43.350981 -41.431009 -42.489433 
-42.161890 -43.066088 -41.055536 -43.507454 -41.585235 -41.540518 -42.553699 -40.893529 -41.380999 -41.734089 -41.655052 -42.029973 -41.383970 -43.137743 -41.216312 -43.135251 -42.301057 -43.195663 -41.420198 -42.529076 -40.925518 -42.258974 -40.710881 
-41.196273 -42.917377 -40.823859 -43.532600 -41.585235 -41.945334 -42.253117 -40.819974 -41.380999 -41.734089 -43.015560 -42.029973 -41.383970 -43.132343 -42.018215 -41.704019 -41.067916 -43.269822 -42.541545 -43.573060 -41.524213 
-43.164293 -42.917377 -41.705748 -43.333774 -41.585235 -41.945334 -41.272038 -42.958935 -41.380999 -41.755772 -43.459611 -42.506715 -41.383970 -42.137502 -42.621409 -41.704019 -41.069495 
-41.645228 -41.423833 -41.452318 -43.333774 -41.585235 -41.409989 -41.272038 -41.382057 -41.380999 -41.695281 -42.861616 -41.988936 -43.597466 -42.975299 -42.330304 
-41.645228 -41.409242 -40.916528 -43.333774 -41.585235 -40.986161 -41.313384 -41.931781 -41.172680 -41.695281 -42.861616 -41.208007 -41.408212 -41.165490 -43.150076 -42.594504 -41.548046 -42.415655 -41.683454 -43.451237 
-41.645228 -41.409242 -43.212834 -43.333774 -41.986696 -40.986161 -41.282807 -41.149296 -40.841899 -41.636008 -42.861616 -42.851770 -41.408212 -42.765408 
-41.645228 -41.409242 -42.399536 -43.333774 -42.781223 -41.348083 -41.282807 -40.848646 -41.991398 -41.594451 -42.861616 -42.651019 -41.408212 -40.983409 -42.499292 -40.874052 -43.376287 -42.788544 -42.006432 -42.734301 -43.331155 -41.759626 -42.831971 -41.055612 -42.873200 -41.303529 -42.856532 -42.340349 
-41.645228 -41.499105 -41.591134 -43.333774 -41.756628 -40.642080 -41.941583 -41.997653 -41.642506 -41.703840 -41.159844 -41.405781 -41.408212 -41.457590 -43.275776 -41.745322 -42.348590 
-41.645228 -40.949341 -43.275776 -43.333774 -41.291463 -42.763881 -41.936998 -41.589450 -41.444603 -41.371452 -42.348590 -41.247590 -41.408212 -41.457590 -40.807964 -42.591869 -41.339347 
-41.645228 -42.352878 -43.097453 -43.333774 -41.888699 -41.214525 -41.621576 -41.589450 -41.280339 -41.666387 -43.052038 -42.308392 -41.408212 -41.457590 -40.807964 -41.955527 -41.870046 -41.900059 -42.510321 -42.934523 -42.815124 -42.097657 
