0.393376 1.040906
0.413210 0.755301
0.459660 1.217693
0.464389 1.310062
0.427539 0.990089
0.458364 1.082638
0.458455 1.049126
0.436955 1.416764
0.410488 1.580106
0.459512 1.023910
0.464713 1.080720
0.472919 2.037094
0.436794 0.981798
0.416133 1.210781
0.418945 1.008083
0.483873 1.703418
0.438189 0.803607
0.495290 1.533241
0.423046 1.596275
0.484346 1.137215
0.444011 1.104269
0.401987 1.471712
0.362558 1.123773
0.407694 1.132843
0.393823 1.063158
0.362750 1.008172
0.282480 1.182685
0.285737 1.337697
0.329479 1.540110
0.297914 1.419148
0.251013 0.922419
0.275967 1.486316
0.262122 1.063048
0.303251 1.084364
0.326333 0.852919
0.448217 1.754006
0.391380 1.051819
0.390853 1.586404
0.430066 1.089644
0.455755 1.041771
0.439673 0.950795
0.330144 1.118663
0.355043 1.158805
0.389343 1.382449
0.436325 1.311872
0.424076 1.398467
0.414056 1.396639
0.409272 1.320754
0.374641 1.044384
0.264134 1.309584
0.239334 1.063771
0.351226 1.554336
0.349063 1.408611
0.259140 1.066870
0.267755 0.833402
0.248058 1.360143
0.223022 1.515136
0.269927 1.556130
0.184421 1.310537
0.176599 0.841315
0.153600 0.990404
0.185844 1.494268
0.148979 0.986441
0.107068 1.326045
0.100928 1.264421
0.086506 1.416436
0.080374 0.931540
0.124537 1.004058
0.206733 1.055432
0.194488 1.200257
0.197197 1.184922
0.241788 1.246753
0.264670 0.951887
0.307438 1.166336
0.229036 1.773548
0.288526 0.839802
0.252604 1.166034
0.237266 1.040266
0.274008 1.149727
0.353002 1.378004
0.337171 1.202022
0.262711 1.501604
0.247795 0.943977
0.258874 0.986381
0.321737 0.908466
0.334154 1.182627
0.337026 1.319496
0.343327 1.158466
0.418654 0.840840
0.441563 1.180519
0.464291 1.384591
0.445733 1.031180
0.395784 1.090969
0.367450 2.002588
0.355819 1.442026
0.355914 1.106744
0.425774 1.071764
0.334040 1.035564
0.269964 0.850912
0.331462 1.346086
0.321479 1.868347
0.372775 1.565555
0.334827 1.122701
0.393020 0.850864
0.419873 1.444875
0.389143 1.243014
0.319422 0.933004
0.259616 1.279183
0.324655 1.335187
0.245206 1.171982
0.255095 1.045030
0.302556 1.399501
0.314251 1.129186
0.332404 1.040457
0.352556 1.059689
0.395994 1.378252
0.324760 1.011454
0.250789 1.116034
0.206429 1.410511
0.275309 1.185249
0.314200 1.195919
0.183635 1.614247
0.133721 1.249261
0.265385 1.335798
0.261496 1.109128
0.217560 1.119721
0.197226 1.043890
0.303268 0.744707
0.232397 0.802486
0.268315 0.880044
0.266461 1.086262
0.271057 1.743660
0.276622 1.443243
0.294035 1.663042
0.307096 1.150054
0.333528 1.005960
0.379820 1.227916
0.336409 1.449367
0.351053 1.287413
0.382073 1.183868
0.366170 0.944278
0.482873 1.005233
0.436294 1.241211
0.369743 1.150132
0.356580 1.461952
0.397315 0.873231
0.393077 1.421278
0.439166 1.392239
0.297455 0.951258
0.279055 1.533132
