1.994222 155.997205 0.311951 0.084718 0.074207 158.504174 12.097773 2.407857 0.114746 0.216092 51.550964 1.530930 7.559445 1.398161 123.794079 58.575600 145.545430 0.643130 0.912342 0.144862 0.487741 4.482165 0.060497 0.447767 4.163704 11.093871 2.451518 1.052908 0.793802 0.182577 31.018010 0.090226 25.312349 13.053158 0.797028 191.091474 6.523509 6.221192 0.082206 0.173798 13.168786 165.803474 0.092306 0.332377 56.876235 2.002852 1.342304 0.857790 11.270142 
55.825834 4.973180 1.694238 0.380796 59.568750 8.203744 13.369892 2.608576 0.095844 0.328385 0.497963 1.897974 8.059293 0.994729 105.656869 1.794617 0.789179 0.737920 28.446351 0.071730 0.036565 3.152893 0.072226 0.065666 0.164270 11.931771 0.147319 0.476734 0.941253 2.086227 34.251758 0.136770 27.785536 14.365860 0.813699 172.785473 10.003582 5.264284 29.871954 1.670118 11.839815 0.577944 10.089983 132.599398 0.416215 0.293966 
160.520134 4.884922 60.286040 1.075786 3.302617 45.636040 10.762339 2.557237 0.198369 1.100736 0.067926 0.031232 9.000097 1.102662 170.640882 0.257805 0.183414 0.030300 149.215519 0.195056 0.029443 5.089105 0.100952 0.058047 0.121085 13.925929 0.186570 0.836752 137.797881 2.292533 28.622079 7.338259 24.213008 11.853500 0.328556 13.474218 9.988085 2.779607 3.795372 6.675832 0.600477 0.501931 11.746646 0.491497 
0.216720 1.733032 30.025332 0.579890 2.302596 38.643861 12.197370 1.303590 0.092310 0.625777 4.178803 4.098266 9.845407 7.709996 93.777989 6.311525 4.788108 0.063568 0.206733 0.084182 0.092456 5.244016 4.963934 0.756626 0.042302 13.851870 0.274589 0.068792 102.426745 1.164092 23.715059 138.066148 8.623966 22.776596 0.251747 3.681160 11.276398 0.988589 3.843152 13.761578 0.189344 0.277759 3.401660 2.508315 0.060396 0.055168 22.033614 12.862614 0.054784 273.996140 0.854613 71.579700 0.465425 6.630780 
7.368620 5.438781 29.242578 18.662496 1.162539 0.055586 9.813040 0.603636 0.167701 0.030249 1.887241 0.886660 6.566819 111.572580 129.106649 5.439809 0.076839 0.043395 2.090575 0.045642 0.218277 9.765641 2.077689 0.105044 0.166763 13.389669 13.661696 0.216340 82.270613 0.807417 72.520216 0.701328 81.585821 1.811344 0.911636 0.454370 8.494106 0.092864 0.196606 3.123699 21.345785 0.315467 0.708035 0.111678 3.691878 0.029832 3.596886 12.647327 25.580975 1.860319 13.356121 2.610472 1.321333 2.649516 12.411106 0.547212 49.279882 6.480159 0.356327 0.032270 
35.222947 4.810182 37.306838 182.546458 11.539261 0.116939 9.461982 0.528803 0.100876 0.342783 1.584585 2.279522 0.296002 82.148554 168.849300 8.049861 2.456660 0.141529 11.643835 29.452797 0.044168 0.283761 0.478277 8.579646 0.073445 14.796739 11.349357 0.348864 88.224806 3.222624 95.988235 184.796248 43.276138 8.987759 1.252309 1.398674 9.274044 0.268823 1.036546 2.019778 1.756789 0.249232 0.284048 0.473413 2.112892 0.034001 0.143067 1.028758 0.054628 1.485671 0.355694 0.780747 3.033869 
0.235903 8.817328 0.175899 0.063444 16.870024 0.079141 7.651062 4.161149 0.081182 0.287089 0.206326 0.103503 1.419470 103.583494 79.538521 2.893543 31.829251 1.717527 3.268796 25.796146 0.048756 0.131763 1.650022 0.696475 0.051567 13.108727 15.329648 0.095695 76.540788 0.403345 41.478000 0.151255 3.776585 9.260001 0.461995 198.540028 0.442516 4.958126 10.073328 15.835489 7.920409 23.338664 
0.107922 0.935405 0.880502 0.065419 23.152299 0.088322 8.043524 3.405672 0.083178 11.109598 0.330518 2.112841 0.964676 107.930189 94.491436 3.132124 30.555048 0.633472 59.942152 30.210335 0.030260 0.224952 1.795333 29.630087 0.207623 12.884920 15.320369 0.205605 141.749074 2.906173 50.440851 0.059507 15.051295 8.532638 0.049058 1.972401 13.453509 3.757045 9.403347 2.186970 0.061346 0.087262 174.966558 
0.080199 1.285723 0.188557 0.239250 26.059024 0.251210 7.694864 6.320105 0.119332 3.836498 2.375305 2.561752 0.519400 222.299946 99.669908 6.443018 24.203821 0.039983 12.006670 28.066825 0.102216 0.759740 1.970321 4.554604 0.065497 12.521037 0.132665 68.674473 144.864523 0.728631 82.239942 0.064723 3.023358 8.124538 0.027677 0.069523 10.758500 4.147041 6.153752 0.169026 11.769733 1.538111 0.131308 0.117057 3.147218 0.055294 1.893144 1.958342 0.181909 1.482200 1.679998 0.607402 1.324773 1.125079 
0.571164 0.269587 0.068284 2.471631 0.121047 0.304323 10.891359 2.361792 0.045261 24.974376 2.238294 1.146054 1.095107 197.560464 114.528881 6.937524 9.795103 0.200047 13.303468 30.787196 0.031625 0.095553 1.926656 0.039412 0.032595 14.726857 0.392821 25.751018 106.049894 0.697201 58.947139 1.931102 5.425274 9.341981 0.107925 6.719661 12.897000 0.359594 77.184604 0.156711 0.115996 8.618805 0.031522 51.356482 0.036628 7.027886 
0.242963 0.392769 0.161568 0.914005 0.118987 0.035114 10.007641 0.953149 0.148282 25.277613 3.226264 4.006539 1.389264 43.672437 48.443244 3.704382 13.959370 5.339076 9.812326 28.432762 83.769458 0.046422 0.480387 38.869391 0.509383 14.271816 0.385829 168.061988 63.545589 1.825125 47.958265 1.490186 5.054448 11.539634 27.356604 0.150544 17.014979 0.120317 1.693011 9.620067 0.232982 0.081559 77.499328 14.496943 62.911040 0.043311 22.844025 0.577346 81.000685 0.419637 14.941046 0.259590 
1.289891 0.155186 0.093939 2.713691 0.032396 0.050122 7.268342 2.003493 0.030450 22.745001 0.212844 1.496871 1.268780 0.294653 233.981101 2.737045 0.633238 0.031285 18.396120 27.637390 87.225574 87.917337 0.044423 42.349319 0.577826 15.666877 0.153675 20.605685 142.528849 0.032595 52.666642 1.651373 0.071583 7.553709 5.789899 145.162827 11.547116 0.180604 257.537590 8.957095 19.098205 8.759139 1.996521 
0.034944 23.505092 0.422915 8.950405 0.077724 0.048276 7.783953 1.251321 0.048315 21.522452 0.573052 9.019777 1.339398 0.325111 87.381235 3.095467 12.388795 0.228821 10.702452 26.130359 0.035605 20.823523 197.830452 110.222481 1.916230 16.440996 1.184015 0.512469 83.242618 4.861997 58.478398 3.496987 0.517400 7.741716 117.085589 23.286027 9.568572 0.078766 201.449586 8.010785 1.410830 0.192375 0.860990 3.522823 0.058423 0.261239 0.140950 0.102548 0.920053 82.485074 4.561151 
1.771843 2.053874 0.127116 2.317102 0.201494 0.058905 7.016131 0.094097 0.067858 28.584633 1.135703 0.950530 1.036560 17.676596 125.511306 2.144296 0.090691 0.027501 14.996664 24.834740 209.320521 18.753868 9.438343 230.441312 2.138040 9.869986 1.058332 0.026080 115.395418 0.980736 63.040509 3.196325 1.926106 9.315674 68.196248 34.059012 17.141546 0.063779 0.192797 12.535955 1.431245 0.037288 0.047434 5.263293 5.919401 2.169160 13.832161 0.286290 1.076671 2.777351 1.482236 1.704807 1.226446 
1.275563 2.004131 0.061006 2.383661 4.869397 1.108142 7.849527 0.038427 0.067129 18.990688 0.182085 3.244633 0.980521 0.156734 139.329819 1.305492 0.148915 0.060461 7.090086 29.510024 30.674938 23.457074 0.298786 161.060535 0.590071 11.948523 0.127985 24.682085 75.036069 3.822191 43.857798 2.604502 0.092076 7.575431 18.811950 42.352910 9.917306 0.071715 2.215868 7.328193 0.203068 0.053934 0.139685 5.436480 88.308351 4.301404 6.859335 0.061940 0.447566 
1.662527 0.094851 0.038641 65.761808 0.843062 0.212893 7.762865 0.584283 0.030722 11.222598 0.033251 10.018882 1.309260 58.359847 14.823800 2.574389 0.134324 0.234330 6.561829 35.528623 20.661761 58.345668 0.147368 8.197503 0.073717 11.659202 0.594928 3.416425 110.810594 1.426434 90.222827 2.074319 0.036168 10.151883 0.165948 12.701636 27.868712 11.765778 0.230768 2.297332 1.334812 129.866113 1.015443 3.958405 0.032271 83.272286 128.999513 7.646092 0.150729 3.882411 0.434007 66.199559 
0.534444 1.915028 0.077371 197.214674 22.931708 0.117498 9.032886 0.382905 6.253086 0.419655 0.388560 3.184943 0.420480 240.988819 1.087345 2.672868 0.125566 0.186045 14.582578 32.635721 3.619267 0.111839 0.075155 26.516084 0.217832 17.007604 7.263019 1.607290 70.347407 0.422263 64.116987 2.539404 0.333840 9.298986 35.161141 20.307685 19.780029 6.388401 0.312352 9.864116 0.283187 0.456773 0.064597 2.778350 0.034551 1.698995 239.080675 20.361447 0.484729 0.533411 1.764486 3.960927 0.151172 0.070538 3.419272 12.888598 0.037532 41.488448 
5.429870 1.698635 0.075935 224.153396 57.580560 12.809080 2.606384 0.371429 0.883429 307.848852 0.144465 0.633204 0.982375 57.451134 1.091195 8.280019 165.353780 0.086838 11.206308 0.122475 0.040285 7.261652 8.040429 0.075871 36.482421 14.817694 1.834165 0.539732 132.894001 0.120461 48.971205 4.069639 3.150434 10.022651 10.938898 0.095066 15.585324 0.196669 0.108963 28.139314 6.946696 35.159912 0.034669 2.860505 0.045446 0.036588 104.238203 22.836579 10.002187 14.227607 5.796142 135.705596 63.508857 15.756410 33.076202 1.074525 1.138009 
36.030767 1.208781 6.350836 165.168213 0.112773 14.312987 0.138461 0.180902 7.790786 0.278386 0.125097 5.667030 29.077916 6.919808 6.188916 6.671226 5.815338 0.097538 182.416953 3.108705 39.552996 6.025676 0.171220 0.047521 38.188143 12.963374 2.162773 3.417748 178.047853 0.253764 48.789802 2.688919 6.090890 8.301844 0.056818 0.034331 14.992089 0.319564 0.257590 44.091179 5.670487 24.617016 10.691291 3.801108 0.075647 0.028092 0.082434 2.198522 0.269875 1.398071 195.564369 0.041628 0.577912 10.893050 0.846600 0.129043 0.059079 0.157096 
0.083474 0.292404 0.669115 67.692800 0.040452 12.624664 4.352906 0.495746 0.086471 0.055139 0.164643 7.966376 0.645959 0.489200 2.131041 7.061141 19.694313 0.031454 3.946629 0.283735 0.533117 5.455921 0.181478 0.041208 50.850967 14.543179 2.332509 0.066937 131.579478 3.211957 43.222062 0.141770 4.654142 8.382943 1.651910 0.065862 24.513809 2.274163 177.325959 54.308586 7.891630 26.886393 0.415778 125.311930 0.566385 0.524612 0.070358 14.029521 107.173324 1.546020 162.792876 0.810389 3.156246 26.423919 0.064310 0.898701 8.922354 0.564214 13.506714 23.806443 2.806151 0.221300 0.711242 126.721592 1.126333 0.291768 
0.055758 113.057977 0.157767 26.591044 0.040097 20.590401 3.277346 9.653327 0.504870 0.487737 0.325907 1.401561 1.113912 0.308443 0.131808 6.281001 70.596923 0.039573 0.063935 18.313119 0.866723 6.375100 0.055303 6.409826 2.360859 13.365986 1.678798 0.412456 201.332354 3.668036 58.578165 0.027827 41.525744 8.200683 0.426732 0.672340 17.769015 0.597972 0.063308 33.028137 4.713880 4.329213 0.106714 1.177493 3.576443 0.073390 0.540210 9.717949 0.909697 0.735796 101.060935 56.780203 19.077979 
0.223577 29.114848 1.012845 8.285731 0.595941 19.391929 4.089197 227.258825 0.073756 1.668720 162.208525 0.053030 1.728007 0.114415 0.065017 5.528001 0.316128 0.096242 0.409413 3.186181 0.031894 6.008061 186.705633 0.069106 0.058321 14.861945 0.390312 2.054912 64.189371 3.558532 60.853048 20.395982 11.745354 8.999604 0.042733 3.966986 3.160782 5.855660 7.740192 20.644237 11.582737 0.976271 1.371554 96.620182 0.062753 0.068792 23.563968 0.194026 4.289329 150.846069 121.741363 0.691602 0.073550 9.294328 201.119530 0.826611 0.085085 0.078296 0.141290 21.316342 30.554652 5.805398 2.443243 9.194603 1.214031 1.083008 0.166142 0.264933 26.798141 0.900659 
0.444209 178.837106 1.416005 0.537739 0.711199 23.860529 8.347017 6.023024 0.274572 0.363494 0.054796 0.032992 1.350065 27.277770 0.042895 5.447880 0.468834 1.534175 0.041284 7.777124 1.827526 5.538931 1.910796 1.076925 0.192520 19.343787 23.118041 2.192731 174.249253 6.765993 58.975639 5.050602 43.719270 8.600271 0.383719 0.139025 0.818855 146.952701 0.035295 29.011702 12.740780 10.791084 0.024855 38.267293 23.897354 0.189189 92.679528 6.824376 102.414832 0.031550 227.833207 0.112415 0.093058 42.631868 1.178936 1.449373 0.029724 0.266146 0.080728 0.116877 6.383078 0.592183 2.372485 0.601082 28.132378 0.176309 5.657806 12.153738 0.431927 
0.043141 2.094101 1.934716 8.216989 0.053134 16.990206 11.958695 8.329668 0.068374 0.716740 10.524558 0.051670 1.179147 0.067782 0.117712 5.020233 20.432911 185.905535 0.214386 4.686534 0.361953 6.797448 0.038594 0.379683 0.462460 1.228294 121.783097 0.251314 226.835245 5.388513 106.014766 6.589546 79.161248 8.958394 1.554149 6.828924 0.213315 0.136100 1.913330 24.912788 1.616150 14.670030 91.814859 12.904268 145.277014 0.090472 0.360695 1.049262 3.189471 2.092869 2.399176 0.070601 0.064393 69.943202 20.838135 143.359210 0.053132 0.282967 2.984951 28.976516 1.506257 0.055944 0.032757 1.796710 
4.752044 6.030457 0.346544 0.536166 0.789521 18.502814 13.604441 158.662516 0.719163 0.102923 0.267064 0.054574 1.502833 1.220794 0.116274 3.430371 31.007854 3.627400 0.213708 4.998518 0.313777 6.918455 7.571888 0.294577 83.324250 1.529457 133.666585 0.305633 184.251933 2.417500 17.722219 6.726688 1.239003 8.162262 0.067997 0.072691 4.771511 0.070399 1.947462 76.903279 0.045932 22.415759 58.639633 12.731406 0.045459 0.070616 0.332300 0.151965 0.413871 15.166301 28.442616 1.593950 0.583219 53.355834 0.246521 7.987520 9.154065 0.290301 
4.848846 2.155729 1.869699 7.905935 0.274302 21.046494 11.836695 126.585319 155.380178 0.478361 1.075804 0.025713 0.838299 13.529095 0.304476 0.063524 0.806557 1.188520 2.217551 4.028013 1.552752 8.363730 1.933251 5.554707 38.421241 2.144651 131.807051 41.828029 0.271916 0.133137 65.607342 8.777513 0.173830 8.019023 1.066951 0.118243 189.220434 0.277634 1.400323 39.743890 0.092872 47.093305 1.073647 16.620010 0.025675 0.065040 1.278005 1.742931 0.179841 15.377187 8.997743 0.180866 0.092938 0.664421 3.998727 19.952829 14.135502 7.806842 94.801333 2.937679 2.120106 4.388071 0.139446 0.541912 6.994404 16.496814 1.066775 0.193788 59.595979 0.094879 32.240214 5.860828 0.185829 4.322178 1.082054 0.173624 27.417774 
6.192441 0.047701 1.028526 68.200024 101.930320 17.294113 11.154884 3.297427 0.247036 1.216231 0.623949 25.700140 0.843055 0.315971 0.641418 0.146628 0.125098 0.167529 10.872630 4.070847 1.646376 6.005562 0.143272 3.409615 0.166967 72.678116 186.961738 0.715253 0.843657 0.047745 77.794635 8.807374 20.626609 10.506076 4.495420 0.131607 0.142306 0.263786 1.454090 56.454976 0.507577 0.078113 80.980391 12.842781 0.055632 0.049368 0.985065 0.262372 37.790711 0.128676 10.805053 0.606252 0.053829 0.511273 62.520922 5.144914 4.816128 0.087329 97.457008 0.175917 0.027493 1.990239 0.019234 1.230276 0.111297 
5.657091 1.728472 0.110348 4.609983 137.238230 33.508974 13.342226 7.238331 0.101937 0.340483 0.095287 0.398004 0.163947 0.116009 0.256584 1.184615 13.953369 0.325309 154.243633 4.540798 0.045871 0.054427 13.344791 16.967685 0.374104 0.392067 105.770116 0.028473 0.156804 0.100899 46.503544 8.296620 87.097282 7.332845 18.242727 0.151081 2.022597 4.656052 1.711677 58.589754 1.757044 0.132503 0.393921 3.448302 0.213209 4.234864 24.437453 0.310960 0.528229 0.125209 7.082375 1.351985 0.043933 0.660390 26.183619 0.218735 56.737340 0.764105 84.886182 23.203810 0.057245 68.521183 0.392662 7.170918 2.176698 0.084707 2.652606 0.056520 0.105659 0.141673 28.270769 0.843963 0.029087 1.300022 
5.847231 7.337587 0.062899 1.050675 188.438111 22.950784 12.386364 0.611998 0.088593 0.103922 0.047394 0.036480 2.099271 0.072622 0.406311 0.510340 0.220163 0.339182 150.076469 5.568251 0.081409 0.021530 15.279088 5.345817 0.268448 0.220597 142.598980 0.370350 22.419033 0.123571 78.327158 9.488855 30.181161 7.589421 14.361349 0.024282 0.143312 0.409632 1.816373 29.652920 6.371806 0.472844 2.245391 0.046954 20.268032 103.959897 43.596055 0.133017 0.072412 0.293101 1.830910 0.796078 0.841067 0.031369 27.447575 0.149231 30.693814 3.353506 67.163422 93.485372 0.930889 0.517666 0.601819 0.022996 0.362093 0.058432 45.561083 0.029513 4.095289 24.586452 3.044272 1.079953 27.052421 0.086862 0.046614 0.127431 
5.993665 0.173962 0.564910 0.296020 0.334738 21.274007 11.418154 0.318488 0.100837 0.504791 0.030148 0.187370 0.261062 0.044101 0.332184 0.038835 0.211478 10.118991 108.528173 5.880086 1.452054 3.554381 15.567763 0.292820 10.234318 2.273555 186.730740 14.197022 0.333865 0.379264 0.142961 12.082736 54.159294 10.342397 9.916425 0.029104 0.045105 0.761805 1.544498 51.265935 0.057455 12.694138 3.782673 1.721053 0.049882 131.978791 57.426694 0.026514 0.023057 55.452281 1.153310 0.415208 1.771892 0.128482 24.587646 0.135526 60.037995 0.921104 85.599596 0.078333 2.517589 0.066583 0.698625 0.219573 1.422346 0.269407 59.331036 0.595033 5.407732 1.322772 3.950913 0.311316 14.276402 175.022637 0.023907 0.063934 0.176826 10.149941 0.766550 6.513734 0.193021 12.066032 
4.800198 0.801758 0.351715 1.497782 0.217244 21.902726 11.044429 0.606822 70.656505 0.024062 0.184884 10.376674 0.020942 32.064315 0.042955 0.945681 0.724445 7.144249 119.058123 7.411917 7.672521 2.434270 17.676456 1.370082 21.864643 0.108332 122.894272 2.163748 0.199816 0.268743 83.686860 9.240694 0.047095 9.173911 0.046661 0.046342 0.378757 0.073931 1.970122 124.187534 10.437747 0.087541 0.071511 1.240787 0.382312 0.532743 74.477027 0.583693 2.096544 109.585655 0.828225 4.861320 14.589240 7.706892 0.740801 0.130320 41.503368 0.826537 87.756982 10.867275 11.769362 0.918406 0.506432 0.493802 2.493218 0.088266 1.794765 169.941293 8.041484 0.133404 29.463500 0.310388 0.452958 0.529111 1.625937 0.330212 6.966866 1.158952 7.111434 0.662616 0.494444 0.180371 5.581599 7.691318 5.392790 
6.411049 0.150559 7.099450 1.108145 0.138446 25.792686 0.637784 0.802818 0.605235 0.023403 0.228131 11.682091 107.237938 28.018922 0.063995 10.013734 53.856711 6.395784 173.129524 2.493883 0.114619 0.278574 16.810911 0.065061 117.591834 0.067443 110.179129 0.084932 0.356890 2.501759 0.329093 9.265419 0.021418 7.908851 1.621390 0.077330 81.984116 0.486408 1.643378 0.033808 37.105570 0.272557 3.919204 0.977970 0.340827 0.791396 125.666046 1.277554 0.362040 164.883172 0.317058 5.148817 0.129662 5.501363 0.022817 0.071761 98.198904 1.598293 122.356698 1.984887 62.095529 1.889580 0.044685 15.954655 1.211261 0.026467 3.368982 78.029673 1.137685 0.032677 2.133683 0.308203 7.512248 2.324378 0.213233 0.313849 
6.080606 0.315464 9.394821 0.094624 21.922869 26.337182 2.120226 2.015275 0.082107 4.883882 0.029919 13.342006 5.576871 0.038026 0.031277 0.088223 38.165146 3.560756 150.104744 4.275542 0.183108 0.310861 19.544899 0.238723 2.343048 0.073899 96.242113 0.278419 0.023710 0.461500 0.128099 9.416021 109.632747 9.900895 0.172452 0.051472 1.368318 1.587781 2.596702 0.134674 48.520036 0.273678 2.725118 1.068908 0.382635 0.847939 1.034522 144.627375 7.873115 54.370155 0.138440 3.729743 0.020496 38.675506 8.650727 0.021791 57.668629 0.766566 102.891702 0.934966 7.245703 2.398834 0.089417 14.317708 83.339684 0.439773 0.066692 0.307262 0.413877 0.388255 0.149534 1.182365 4.735747 0.239815 5.816365 0.556289 1.086550 16.300596 0.774414 1.513003 
5.041459 0.386754 6.405870 0.347552 1.507418 29.469805 0.642323 1.058259 0.046075 11.051501 0.056044 16.502533 1.087366 0.078408 0.410809 3.314783 22.799428 0.027349 28.601493 0.462926 0.777358 121.499907 22.997217 5.453473 0.126108 1.275138 128.712854 9.956285 0.068245 8.126280 0.047576 10.742431 4.274344 0.136954 0.037780 0.051817 1.032646 0.421444 2.208426 0.218848 27.240125 11.566070 4.818537 0.129835 34.930621 4.871570 22.784892 0.256065 0.256201 27.305144 0.109269 1.574150 0.112262 0.048103 5.983252 0.093292 59.966694 24.676800 169.999116 0.248418 39.438381 2.967118 0.629580 15.723656 0.282264 182.117371 1.280534 0.197340 0.587455 0.289125 
3.375223 0.034770 0.057110 1.813356 1.165388 25.067273 12.561422 0.292808 17.533662 9.512912 0.636863 15.510410 0.067483 4.278577 15.851793 0.481456 82.055938 0.065030 56.665361 1.120481 0.361085 168.940798 12.340420 5.492272 0.182298 0.609276 97.465266 81.995460 0.085795 0.182831 0.778950 11.328801 0.143874 0.279468 0.545692 0.705185 0.494534 11.969301 2.692328 0.385261 39.614408 0.045539 0.342133 0.539291 0.028076 4.533439 32.299322 4.689058 0.122193 55.705317 0.045927 39.551108 124.389314 0.165396 0.159567 0.025236 0.693630 34.623108 166.728548 0.030113 8.154990 1.958205 2.875338 104.892533 1.558381 0.108701 8.141544 0.340460 
4.677400 90.592264 9.993516 5.367409 0.052536 26.621955 36.483019 0.051699 0.579897 9.290258 0.535474 0.886125 8.138514 13.001441 13.732162 0.553678 23.114834 0.035461 29.019527 0.584330 0.043495 93.532222 12.152528 6.592792 0.058998 0.334423 258.922466 127.180449 8.119511 2.709662 2.789655 14.066713 1.797956 0.170177 0.943037 9.019927 2.643038 5.103684 3.196439 0.141733 31.288736 0.078893 1.435303 7.096938 278.399054 7.193963 21.409146 0.103711 0.069340 2.116394 149.068878 0.116931 0.748266 91.596408 0.060035 0.094692 0.202585 0.533823 87.243132 0.359059 6.648436 2.565995 0.375646 0.081965 0.052571 0.271493 34.134038 1.178682 0.164885 0.409106 1.367531 1.288926 1.641811 1.944821 2.976045 0.590505 
6.730087 88.087369 2.733865 0.540903 0.468203 14.421538 39.712891 77.537594 0.552688 8.661061 0.060528 2.227854 0.655892 3.148578 14.880572 0.489257 25.422853 2.176493 0.133341 35.894914 0.530536 8.293194 12.662889 6.557006 0.072058 0.215871 120.354954 67.908736 0.518523 0.144174 0.048278 11.151595 0.189301 107.991310 0.384882 0.201722 0.063925 6.588740 2.168908 1.919163 22.635300 68.153650 0.105828 11.023496 60.737353 6.050512 19.637014 0.347203 0.313700 0.350511 0.059769 103.906150 74.730147 0.125120 0.093701 0.125797 1.436313 0.662336 0.399668 12.434939 1.232730 1.906088 0.096272 0.675721 3.176870 3.411128 0.630601 
7.192822 64.436039 215.260565 0.253616 0.556628 13.225959 91.432441 239.820159 0.865931 10.317652 0.166463 2.850061 0.414900 0.110049 13.413382 0.451332 41.790065 1.029658 0.164876 0.047365 0.607167 9.944317 23.994400 0.787547 7.653324 229.421384 172.507119 178.590053 0.041981 0.143429 0.353528 11.810309 0.091556 0.515441 0.675412 0.033693 0.064518 5.472085 0.356387 6.189535 40.784381 2.212476 1.488514 88.659705 0.029197 6.486788 26.273044 0.136490 0.738871 0.028074 0.068469 178.977858 6.814978 
5.789703 0.818900 0.220769 0.487593 0.601556 22.962778 54.227690 13.888002 0.128978 10.826121 28.808080 5.125499 0.609147 0.089183 13.147800 0.115219 0.055036 116.735913 0.036689 0.130698 0.489926 9.790087 13.130289 0.368082 5.425627 8.405073 137.951870 124.898493 0.119468 0.738091 0.193583 12.296719 0.090688 0.068847 0.153342 0.166451 0.433472 22.019796 0.700001 7.747309 56.716023 2.697033 0.163448 0.619134 0.098036 8.178989 30.045450 0.093936 0.619349 0.406034 116.445050 0.266542 41.207775 9.752060 0.197246 29.283813 0.308856 39.917889 56.757456 1.387370 39.352245 0.045627 17.763270 0.034492 0.215524 0.535647 76.009743 0.940366 
2.509889 31.032431 0.136985 27.080145 0.173999 17.723440 46.218271 0.388407 0.404666 11.507685 0.031178 3.120629 0.542450 0.489954 14.716544 0.042822 0.247082 232.435918 0.121974 0.050265 19.684133 10.345515 16.345562 1.994488 29.915447 0.189481 274.605309 80.438277 10.149687 0.042147 1.262449 8.161406 0.077658 0.152858 2.494957 31.565687 26.207539 2.834160 0.415617 5.904633 0.037544 3.293364 0.381049 27.492219 0.063516 7.398614 0.078539 0.069666 0.157824 0.073524 0.181770 0.283476 16.241754 0.132026 0.342574 2.979876 0.061308 94.596827 1.408933 12.631105 143.230550 0.059761 0.130370 145.534859 0.093142 0.272827 0.994877 0.389176 0.186602 
3.270636 0.621138 0.220108 4.194433 0.799046 19.160290 1.774182 0.040337 1.638048 8.508542 0.070401 2.390820 0.761066 0.463026 11.253299 0.166887 5.122573 111.808776 1.007332 0.107799 22.142654 7.005619 11.697792 5.687127 26.428789 0.055476 177.331690 108.417190 0.380281 11.160231 0.030750 7.411548 0.067484 0.492203 1.786066 221.282078 2.149536 26.594627 0.087227 3.435100 4.080007 3.890271 169.003192 0.536309 10.393040 7.473067 0.244509 33.363919 3.676797 0.722655 1.343841 0.041369 96.005523 0.841544 0.579594 2.583500 0.079086 166.185575 0.100122 177.020787 1.451580 0.736014 0.088272 5.280297 9.665393 3.187627 3.697609 5.120000 0.101979 
6.680200 0.331854 0.082391 0.742231 0.089276 16.670866 3.751528 1.942004 6.107195 8.014320 0.853932 0.873092 3.389573 0.224907 11.917954 0.048830 1.922613 1.354951 0.161066 0.154648 3.910533 69.863231 13.769993 0.115420 19.320413 0.347817 129.246300 207.012137 4.872016 17.963653 0.133957 15.087542 0.022574 0.112204 3.655399 174.966669 1.615488 141.501399 0.120258 82.258773 0.346961 2.501588 0.205760 2.201071 4.767994 5.186611 0.315426 22.538435 25.092432 0.235265 1.938386 34.921524 0.078265 2.580823 0.039019 0.365361 0.952986 0.436730 0.031597 172.038378 3.757307 0.054187 13.209269 11.648243 0.043064 4.410982 0.775357 14.393310 57.740562 
8.350920 0.158621 8.476825 0.190724 0.123951 21.655036 9.656585 23.093883 103.176253 1.845711 0.029861 1.787598 0.471138 1.263365 13.975802 0.559820 4.578455 2.541568 26.289330 0.026496 0.219823 0.834435 24.790212 0.782394 22.822295 0.106796 206.395660 83.863426 4.288773 8.926910 0.318760 0.025968 0.065370 2.013815 83.765614 58.534481 0.024435 0.245306 0.813341 6.595149 0.403276 1.732473 0.085739 58.776962 2.880926 3.518948 0.335623 39.361384 29.108807 0.690617 46.140855 90.397757 6.838308 2.207773 2.335463 0.074577 0.339464 26.645635 0.219249 0.074091 2.160078 0.087821 1.662573 13.984541 0.247422 37.350418 3.864829 1.444204 
11.430048 9.962396 10.469188 1.871189 0.145804 25.326851 3.139407 0.541171 5.073993 1.080593 0.085397 219.723651 2.207841 0.067424 13.375722 12.598024 3.569495 3.495355 3.775920 0.131731 0.047187 0.646607 1.067188 0.050690 1.049820 0.048242 76.433567 108.570532 3.700400 10.135352 0.518479 0.081785 0.343457 2.260242 85.840405 174.914057 0.088541 0.877060 0.027071 0.156116 78.166086 1.630006 0.299348 135.927965 0.943612 0.091634 0.493934 64.600518 28.623496 0.243791 0.143265 115.084766 35.901203 15.242971 
12.536561 0.972489 8.689040 1.967702 1.010615 24.862652 1.905441 0.419604 0.751803 0.150065 0.141158 31.592669 0.273418 0.036227 11.756520 3.588683 1.750686 35.864012 0.386296 0.117251 0.055479 0.299790 7.641980 71.037038 27.854405 0.115120 190.030037 31.418623 5.047893 10.599244 0.050984 0.231371 1.343695 0.078717 110.729144 92.028373 0.037788 1.056520 0.030825 0.091073 33.932328 1.469911 0.130600 68.773031 3.316001 0.085349 0.221747 0.645128 35.486758 194.908177 140.795893 5.390761 0.340988 12.311758 0.239668 0.047418 0.646807 26.295322 62.026903 0.357614 18.900373 
14.389513 0.057875 10.423490 2.212602 10.615058 20.587671 0.666818 31.716190 0.622103 0.863278 0.155164 146.008851 0.055365 0.407582 11.634324 0.216058 1.445728 15.839820 0.569599 0.076642 0.923555 1.593596 55.157858 0.541646 28.833939 0.048980 222.331006 92.954148 3.787143 6.989248 0.095372 0.035650 0.951243 1.347661 243.509336 27.929538 0.254272 0.130871 0.029458 16.888562 43.428033 1.252179 2.195444 7.680920 1.614519 0.753183 0.560492 3.471868 0.130531 0.072279 6.942560 0.266385 29.095287 0.221402 0.822907 0.454501 0.128336 2.483092 0.454655 7.421288 9.737519 
12.086190 0.658141 8.058638 4.142259 66.462060 28.648052 0.049006 12.423525 0.140010 0.309865 0.107628 113.556044 0.083489 0.149994 15.400946 67.981208 1.199114 0.364216 1.254800 25.135223 0.702815 1.786134 3.505731 1.436721 31.118184 0.052144 158.081569 118.183846 2.563042 10.662810 5.964447 30.775253 1.931119 0.333346 155.993855 20.884265 0.130302 0.605042 0.145451 17.218598 103.736668 1.503297 2.657479 0.214710 0.476992 1.308157 0.622828 33.605552 0.262176 0.484142 0.061516 0.584355 0.223997 0.033634 0.055932 0.206609 44.808892 0.317046 0.583333 0.054161 0.296040 1.399503 10.228803 6.264727 0.456757 
12.496656 1.438427 12.451780 4.751032 49.184962 21.163072 1.492918 3.578550 0.775670 0.975937 0.404982 239.855998 0.077353 0.317796 14.150405 6.308964 6.282946 0.184650 0.126210 3.115293 1.063009 0.384275 0.602176 0.699685 0.314516 0.026313 203.127207 103.700848 1.576064 11.960644 5.529185 0.131043 85.904076 0.919927 139.742284 93.461072 1.770483 0.182802 0.088292 12.330463 33.846590 1.531020 1.921343 0.078297 0.467049 0.245023 0.272801 1.393069 0.316808 106.317684 0.139542 0.060194 27.800483 0.125230 1.859326 0.060073 0.457806 0.129516 40.705571 16.190915 1.338563 0.081711 0.245015 10.484312 7.026572 2.698899 0.071694 0.180353 
13.631669 0.473381 9.719662 5.149800 18.869163 0.086213 2.551454 0.026106 1.302316 0.717415 1.963977 105.337996 0.042483 0.146618 11.680471 56.221381 8.613589 0.142224 1.076917 196.830467 0.927888 2.823436 0.575910 0.099520 0.832185 0.042625 235.144859 128.938702 0.299213 13.369636 12.214578 0.188969 27.677362 72.340394 171.910498 38.807440 2.218152 0.976378 0.215640 11.647671 99.517011 1.307452 1.675829 1.052929 36.136537 0.084805 0.082866 0.590482 0.336939 0.199873 0.176155 0.244134 36.531576 2.782281 0.362701 3.885983 0.108551 1.011753 0.099965 0.787706 0.438566 10.463429 2.008369 0.769585 10.644768 5.918205 0.065123 2.117596 0.042776 0.117659 107.062736 1.850649 0.203923 14.965534 76.164580 19.574171 1.027525 
12.816939 2.826349 7.395032 3.468365 1.635536 0.074455 1.068848 0.068060 0.323141 0.243189 1.799554 34.580541 0.116592 0.070085 12.355212 0.263283 7.416282 3.858986 0.090534 22.356702 0.898401 59.279080 57.435552 0.968052 7.240211 0.213085 83.598684 151.392779 1.325713 13.059646 7.267194 1.452156 59.139404 0.211286 80.845612 0.971267 0.286563 5.163137 0.563914 15.038108 41.057987 1.066812 1.487467 0.392301 0.927347 0.166233 3.266065 2.540233 0.116264 0.091930 0.084414 0.097896 23.694598 5.226901 0.359041 55.349165 0.067992 0.182401 34.998231 2.840063 6.243883 4.151700 0.852274 0.053377 1.403517 0.099241 3.810961 1.667639 2.122700 2.250844 
12.422136 5.001332 10.656391 2.736990 0.153121 0.265628 0.141620 0.045868 0.495188 0.072337 2.213560 121.017980 0.032018 2.828687 12.819306 3.608452 7.073110 75.536014 101.158602 14.866041 0.338288 154.762421 0.041823 56.898998 0.053477 1.525093 52.264534 90.920417 0.967556 11.625417 1.384785 20.514092 1.298568 0.065385 130.972062 1.001667 1.128110 2.523995 1.384757 11.175078 1.568441 1.201399 2.681836 0.215164 0.057330 0.109948 1.071385 65.712921 0.044604 0.658968 70.684673 0.024322 26.363321 1.266516 5.765411 0.052987 0.193484 1.156690 0.358105 0.517879 2.545100 1.485034 0.799434 0.762937 
18.064324 0.044230 7.957978 2.877850 0.052775 0.101475 25.887756 0.191813 0.256252 0.025978 2.372943 0.039374 0.073399 92.510192 15.452625 3.294799 5.132839 26.934052 0.058959 60.571549 0.173886 41.615733 1.307916 2.285361 0.027347 0.693132 78.630057 100.124324 1.443835 12.264555 0.267415 0.461214 187.991924 0.066635 129.521234 1.524370 0.044949 2.700637 13.050578 11.100304 0.140177 0.110551 2.804547 3.033995 0.507443 0.091802 6.252612 0.983218 0.081260 0.667896 62.936647 0.044582 0.040477 36.214238 0.481048 0.439258 1.892210 0.445858 3.708250 1.235167 2.749289 0.192750 39.325930 0.718565 0.038067 27.157697 5.137268 0.102146 35.161324 0.206135 
17.425559 11.397139 8.920815 1.808067 115.453611 0.551945 26.107851 0.758497 0.211193 0.057453 1.865127 0.680000 0.128114 0.995766 11.345553 0.038306 5.198801 88.698541 0.024841 14.846097 0.099141 68.515114 0.035783 1.624675 0.037820 0.846750 165.124561 201.518731 1.272557 7.791246 0.407612 0.574155 12.705788 0.049542 44.773858 2.894025 0.627738 1.503597 12.338048 11.754638 1.898529 0.047316 3.001704 13.607029 0.870175 0.221972 55.886518 0.291367 0.182358 14.720328 77.490862 0.119705 7.439298 0.296573 0.155871 0.218410 0.793056 190.571369 1.777982 0.608186 4.239271 0.178532 0.518795 
16.681461 21.422402 10.517697 0.711482 0.744514 57.475808 24.298050 0.075617 0.229961 0.018796 2.065027 0.748517 38.478858 1.180006 12.657389 0.074306 3.797798 37.966070 0.982255 156.643199 0.429853 2.178943 0.092565 0.957980 0.093855 0.673125 175.892377 29.024583 0.394023 8.602939 2.821804 0.062356 4.455260 0.104807 66.783607 1.631229 5.731114 0.779990 0.159115 13.247633 2.554209 0.037529 2.099971 0.025242 3.199930 0.525591 0.027470 1.167825 17.858924 31.953765 26.727551 0.298499 4.994766 2.409723 1.855438 0.353168 42.854665 6.613247 0.660625 0.026228 109.108896 3.180097 15.566203 7.991829 44.528823 20.477524 1.419774 4.404061 
19.285069 3.020641 8.455540 0.491134 0.410924 11.635920 32.183661 0.072488 0.094184 0.303928 0.257415 0.542422 66.719629 1.090350 13.450644 0.023143 1.642188 19.393726 0.105187 0.240255 0.287664 0.315872 0.554914 12.579951 0.027037 0.022719 176.636862 147.447696 2.386572 9.713467 2.984388 69.492912 6.227570 0.116424 130.470139 0.145550 0.408705 0.645224 4.210975 15.585096 2.745774 16.882936 4.745422 0.130077 0.527852 2.546166 26.257442 0.842199 2.879760 0.220627 0.071567 145.259614 7.200041 0.720008 17.954951 49.798540 7.933288 0.959253 0.981743 24.631556 
17.646984 21.453605 9.172089 152.625959 0.100989 0.631798 29.874927 0.310549 0.212115 0.258765 0.055773 14.060479 140.280279 1.090889 14.286014 0.064680 3.214295 110.344038 0.087190 4.515085 0.091843 0.096908 0.455977 3.032263 0.089856 0.277398 82.359603 152.837337 0.182181 8.853728 2.113898 0.226333 3.958912 0.317744 62.321213 0.031329 0.135920 54.226942 2.305302 12.395766 0.235770 77.225865 2.463294 0.032754 1.552476 2.698087 15.581074 2.946045 0.138402 2.949137 0.054627 26.671799 0.091406 0.344978 0.120450 4.278540 0.161175 4.407348 
16.612716 0.277105 7.917143 154.445523 1.013464 0.595504 31.433037 0.040921 0.320340 1.260388 164.918348 9.272478 34.931541 1.674031 12.580034 0.308865 0.073226 96.458571 0.105666 1.193045 0.049680 3.848208 0.076628 2.312232 70.209634 0.164544 117.568632 122.639517 0.131753 0.088155 1.337580 0.234206 2.661363 0.025035 124.536481 1.806850 31.179513 10.562995 2.273507 8.609304 2.500532 87.123598 4.842806 0.021529 1.077101 3.360835 48.560479 0.205501 1.535252 12.537243 19.669511 1.738152 0.455062 1.375008 1.192840 6.854017 3.959700 0.034677 7.696630 0.308507 2.188006 
14.590559 0.089669 10.416239 45.273127 21.787223 7.448395 26.278890 0.036994 2.079874 1.676826 148.229786 2.296002 31.248267 2.397190 12.117075 18.079636 4.178602 45.408398 0.144653 1.570434 0.034605 3.076725 0.458961 1.617562 10.003900 105.354043 64.633440 173.740005 0.086919 1.084239 3.389671 2.281465 0.520421 0.086902 73.448097 0.250861 0.069110 0.337453 0.046204 12.328160 1.074427 49.799148 5.053789 0.177439 0.253336 8.344506 43.593698 0.265166 0.026903 0.268645 1.549018 1.909749 0.211377 20.775159 1.849402 0.035668 0.545978 0.249784 0.023303 1.283193 0.144834 19.758267 0.360306 0.139336 
14.888381 0.033109 9.144095 0.066829 0.263891 11.962997 26.396295 0.075629 0.344182 4.602418 0.311803 0.017558 70.315500 6.482246 11.788366 30.620591 0.345708 54.121984 0.340638 0.565198 0.490319 0.218185 0.961019 3.679987 67.980305 64.201727 88.766361 94.356176 6.915874 0.032778 2.596009 2.803193 5.979237 0.484995 151.248727 0.099026 0.057220 0.055040 0.587289 0.893543 2.104165 22.682332 3.689951 0.021502 0.103473 16.133779 14.228568 0.266303 0.054911 0.167078 1.835558 0.728214 0.216842 0.050275 1.546923 0.045130 63.497260 0.636847 10.008917 0.682324 
14.389954 1.045018 9.632986 4.370089 5.716619 7.627800 19.776013 0.043657 1.252111 145.214378 28.500415 0.172619 65.848548 0.299236 16.579441 14.267516 0.024862 123.200385 0.227768 0.570501 0.278587 0.973895 0.041683 5.208210 0.295522 86.801437 135.457788 35.035757 0.244191 0.075310 0.946558 1.248244 5.050377 0.637465 85.754747 0.106287 10.900950 2.077485 2.490716 0.098340 1.265648 0.100299 6.962433 0.389107 0.168587 0.706045 11.809431 0.251101 1.862833 12.887876 1.707626 0.409039 0.062114 0.318254 2.110652 0.094257 80.105791 0.792261 11.844025 8.173751 0.406549 0.126601 29.277744 0.035000 1.060155 0.047193 1.630510 
16.464360 0.146911 10.025247 0.091273 11.946458 8.552593 22.072718 0.039631 0.016992 1.272908 0.531134 0.939773 0.724049 45.243805 16.236360 9.878945 0.015606 66.007339 0.420003 0.126161 0.743143 1.287694 0.171588 5.844406 30.019315 82.747006 132.427015 82.202133 0.044798 0.156232 0.292980 0.326604 1.213960 13.709875 131.854777 0.555724 0.309510 0.623181 2.103699 0.352111 0.030621 0.038817 3.992659 121.727871 0.455199 0.288926 9.041291 0.112283 65.040784 19.563539 0.362765 3.101774 17.514488 4.125616 
18.512971 0.150671 9.284535 0.136337 1.302752 7.843148 30.353328 0.018537 0.067653 0.044333 1.383561 0.266267 106.127609 125.765512 16.706083 20.257603 0.144219 113.560912 0.209247 0.025005 62.637347 1.481085 2.024569 3.682178 54.219009 74.452186 0.103880 38.583782 0.151888 37.196359 0.436096 0.296998 2.411195 0.061354 137.512464 0.396303 0.237417 2.415099 1.463104 0.137924 5.010666 0.145243 6.679344 80.596221 5.972524 3.846772 0.247661 0.058936 0.302792 0.763314 25.664334 0.396255 1.103950 15.468154 16.751756 124.868550 0.788381 0.096252 0.025409 9.000097 13.297533 49.694387 
12.501676 0.021199 10.552007 0.244632 0.501192 7.524461 24.223747 0.443795 0.033359 0.032807 0.274786 2.771583 89.891154 62.213209 13.075679 27.569513 0.088753 1.622398 80.072838 0.055322 5.358879 1.633834 0.039387 0.744493 0.293455 40.487404 3.106954 22.040844 0.028661 46.893462 0.336320 27.685787 4.311241 0.170760 111.618111 37.132566 0.679508 1.913401 0.414862 0.987700 0.908988 0.748452 6.326413 0.443789 3.110533 0.035996 0.240094 1.218752 23.846305 0.076999 0.917345 1.174976 8.824085 10.116798 0.700781 74.466080 42.325446 0.075907 4.545825 1.936774 1.357106 0.682589 0.311904 6.043218 1.784114 0.382868 
12.989724 0.146836 9.153703 0.039247 10.890229 6.286863 24.293308 0.087729 0.030443 0.079865 0.040224 2.724576 4.170276 72.388375 12.225511 0.043874 0.821261 0.254356 0.017026 0.032552 33.386855 87.606661 0.390211 1.911486 0.026745 54.433863 3.291960 18.058621 0.270904 74.860076 0.683433 0.227543 3.933854 0.018945 71.042810 0.021595 0.508349 2.434517 0.162316 0.452094 0.221386 1.953549 3.119981 0.118222 3.015629 0.754523 0.612409 0.392779 3.116943 12.586281 0.191072 0.067309 17.825386 7.463328 12.784236 49.762621 0.078593 0.309017 0.188330 
14.434305 0.100392 7.440608 0.061835 0.048692 5.293465 29.601592 45.937731 1.201557 79.358061 0.894641 2.693410 12.218536 1.136330 12.011537 0.336959 0.334082 0.137689 71.432614 0.171452 0.549476 86.387497 1.321042 1.093163 1.146922 54.852981 0.675252 1.248269 21.415692 9.871285 0.882233 97.555494 3.689429 0.072672 91.453179 0.097181 10.636705 2.061089 0.090576 0.012650 0.089882 37.053707 0.086948 1.212642 1.928378 0.027552 0.021438 0.662945 0.843615 2.358847 0.160180 23.561191 0.183040 0.046255 0.190030 3.449821 12.020037 0.361821 1.887998 0.822207 2.317739 7.712719 3.937847 0.521687 0.293805 
15.705547 0.036260 5.397278 0.323751 2.263009 4.221397 32.292169 60.063612 0.029878 9.788341 1.329177 2.538390 7.359883 9.444128 14.922577 0.132818 37.266532 0.122509 0.164956 0.013278 0.091716 75.616366 0.159087 1.915596 0.312044 103.954251 0.998735 4.935850 0.095480 20.117194 25.258485 119.013299 0.174839 0.030158 116.237770 0.050700 14.866020 2.355942 0.306936 0.187419 0.097707 44.490764 0.511158 0.378149 0.485094 7.231170 3.800008 0.567201 1.148168 18.620220 0.073284 19.583120 20.622190 2.062878 0.079731 0.156006 10.055834 103.411771 0.212213 1.082982 0.266053 10.022344 18.987657 0.022670 0.332834 1.515134 6.236437 0.140117 0.173389 0.094038 0.058678 52.117736 0.948489 1.046814 0.445967 
13.163645 0.069631 3.074459 0.928161 14.859948 4.439464 29.376140 44.937371 0.304203 3.164673 0.015852 2.523498 13.749626 8.355204 13.112794 0.352039 0.403684 0.149613 6.572637 0.081318 0.222462 77.273710 0.720170 0.012310 0.678079 76.874848 2.346664 0.185734 0.142857 7.928952 1.213733 117.706384 0.285211 0.259583 113.079081 0.024051 14.339039 10.094957 0.887966 2.194043 0.513827 16.569008 0.629173 0.226311 0.038287 11.330921 3.901052 0.807616 15.843589 38.092060 2.571488 51.142984 0.083765 0.301899 1.205500 0.037814 4.414847 4.417758 0.354370 0.465823 2.918689 0.552210 0.134358 1.040226 3.197648 0.406631 2.833868 0.046995 2.222250 0.180682 15.817153 5.826258 2.352417 2.813080 2.046899 0.547007 
13.412621 0.544947 0.063076 0.745546 1.614158 5.732354 52.485215 51.143242 0.338931 0.153536 0.422472 9.175456 0.092992 10.391842 11.543332 0.743714 0.316819 1.082809 12.047923 0.025225 1.323303 69.727814 86.635724 0.025850 0.078404 36.156295 0.638739 27.026929 0.302856 14.314972 5.731674 98.169516 26.659869 0.301574 90.627130 0.059828 10.960095 0.325032 0.030737 3.038497 0.730292 5.660938 1.854928 1.738101 1.203974 0.057618 0.523631 0.022218 1.047214 0.051730 0.111763 2.549154 27.598925 0.067975 1.144395 0.099406 0.084107 7.976806 0.380389 3.029153 0.328246 5.424914 3.746900 8.270764 1.597541 0.917901 0.726078 2.757377 24.813573 77.899522 
16.372421 0.137729 0.795717 73.640751 0.071213 26.857493 0.468704 1.079161 1.760173 0.174853 0.042252 1.022023 0.018072 10.591851 11.779304 1.133976 14.002168 1.111433 0.121360 0.463185 0.254974 62.911410 0.248749 0.034751 12.072821 27.585153 1.898556 27.772958 0.089485 32.163938 8.589529 111.717210 3.890417 1.393959 98.926730 0.232612 0.282415 0.442320 0.064720 2.615200 0.474199 1.325929 0.093785 1.080398 29.376358 52.589961 0.045058 1.382642 0.514411 106.627299 0.066967 1.605879 16.227799 0.067275 18.885217 4.757836 0.021911 7.646004 2.035038 2.011286 150.452626 4.597001 6.945267 0.021351 0.454338 15.396773 0.020037 0.318287 0.039926 9.053651 
19.448683 0.789273 0.261631 12.070222 0.470398 37.520103 1.859786 7.369590 2.290202 0.281841 0.041146 2.453489 0.035879 10.962212 0.065027 98.899529 2.018028 0.786397 13.606005 13.601102 0.544021 3.841520 0.437303 28.034436 0.571330 96.148585 49.288131 22.719689 5.988522 4.736254 8.783783 67.746113 35.066643 0.367396 129.751381 4.247998 0.076721 91.580820 0.046978 1.758469 2.069214 0.261072 0.046285 4.595249 0.020229 12.213123 0.972399 0.412264 0.280617 0.472982 0.498971 0.437732 0.082543 19.219037 15.244560 5.687951 0.284930 0.047638 0.022644 
21.214547 13.202795 20.585193 149.568001 0.239803 18.689756 3.063086 0.228681 2.198642 28.610428 0.515701 0.079933 0.089583 7.804151 38.453258 51.523308 0.055695 0.179598 13.073424 58.442662 0.022764 0.591211 11.249541 13.899214 1.103246 0.993844 0.407476 0.455091 49.547596 0.353933 8.779708 80.217604 11.551118 0.018890 113.830076 3.969138 0.723623 131.791206 0.599530 1.675181 17.297892 7.428428 0.083973 20.156784 0.123721 19.930887 0.103552 3.280962 0.394545 0.037690 0.036633 2.898607 0.267585 115.008748 9.093281 0.184118 1.119468 0.024031 4.971882 0.051490 15.897978 0.166384 0.721939 1.283663 3.007252 0.323233 1.038141 0.743075 1.549264 85.008093 3.992762 
21.638807 17.211732 66.613216 0.207397 0.056930 2.307691 35.393220 9.645285 2.377416 0.026639 1.045589 4.929558 0.037710 10.577211 52.402394 2.163760 2.922287 0.035240 12.332695 44.999051 0.585209 148.177547 0.195194 0.022178 0.136459 1.605878 0.165892 0.348792 11.931894 0.188964 10.840397 94.640249 47.132902 0.023290 80.220093 7.289585 2.575138 0.039291 31.440610 2.133729 0.103343 1.897121 0.020180 36.988508 0.084014 11.313635 0.498006 3.973387 3.421581 0.645606 0.175004 64.453087 0.050015 0.308145 10.397684 61.858440 0.776736 0.061086 3.297406 0.280750 2.361829 0.632272 0.180351 0.225722 
15.615467 1.004573 100.479508 12.831740 0.032924 0.346156 5.969591 14.022090 1.892308 0.111267 0.620596 1.274430 0.031261 10.794985 48.035422 3.324961 3.653908 4.471344 11.784862 29.901917 3.344133 0.029425 0.277222 4.763109 0.527531 27.487873 0.316883 0.447536 5.092392 0.323619 7.991770 172.958760 29.166776 0.202737 116.499437 48.095368 5.728135 0.475310 42.800761 1.884000 4.860490 4.478422 0.019855 21.040144 0.037862 1.456392 0.112763 4.142747 0.124151 2.088649 0.093115 0.069399 0.033555 0.464941 0.066449 36.732337 0.598830 29.471684 0.027966 0.312840 0.343048 0.394610 9.603270 1.590778 18.406488 0.604253 
14.176641 0.058546 145.655218 8.280525 0.558589 0.104606 0.823071 0.457050 1.237581 24.044422 0.168312 1.652264 0.084080 7.335926 2.425774 4.593270 4.808573 0.373435 12.042396 102.360608 0.032765 0.082184 0.234356 0.333946 0.370585 25.568663 0.057433 0.448779 2.975236 0.113135 10.335675 197.469158 0.963172 0.709557 178.111764 0.404677 0.155365 0.984053 16.439049 1.967825 0.512320 1.068262 0.091282 2.603902 0.098416 0.156976 1.040765 106.263818 16.507296 2.881443 0.149902 0.120128 107.721411 57.846645 0.605504 8.621903 5.593447 26.104006 93.058962 0.412932 23.921716 0.528703 0.951715 0.206703 0.130618 
15.733349 0.031016 169.232156 0.297618 0.178333 54.021373 0.167547 0.068915 0.789416 21.915436 2.702255 5.441407 0.028002 9.874894 0.130172 0.101604 4.297862 0.027052 9.624223 62.797457 3.555328 0.136232 0.286590 27.039886 0.284039 142.744355 0.117451 0.078107 0.634029 0.029449 7.278628 125.208659 0.045689 0.160414 140.789915 0.042214 0.017268 2.539682 139.780120 1.815218 31.608482 0.064003 24.433573 5.350129 0.447311 0.657297 0.857212 0.121807 22.336510 0.222922 1.436430 0.034184 3.885211 36.294194 0.373037 10.084688 4.569880 0.595740 0.505135 0.253345 11.628927 0.629007 0.542273 0.947604 0.028254 110.638987 1.453229 0.626667 0.846055 0.377819 
17.078040 10.007608 144.322629 22.745790 0.104471 1.268697 0.053011 0.102063 0.176070 26.066738 4.550818 4.668322 0.112360 7.995279 1.237117 0.932595 2.990025 0.273633 12.640806 30.815367 0.421594 4.194574 0.524011 20.589624 0.055463 98.364952 0.245755 0.183768 10.046461 16.922735 8.507686 107.476915 0.066231 0.806949 84.434102 2.197707 0.538692 0.269914 49.169184 1.323428 0.195090 0.072202 124.333789 4.263002 0.078518 0.760580 0.711290 0.394363 6.995255 0.171895 1.774959 0.225456 4.276330 21.467464 0.421736 0.028656 12.637870 7.948540 0.333554 0.135108 
14.555901 6.215279 53.562551 0.552042 0.051376 1.445602 0.136512 0.052973 2.043487 24.672432 3.230192 0.163304 62.459758 9.752223 0.888883 0.225678 1.363903 0.039868 16.383393 91.791583 1.203069 0.857069 0.801653 30.545930 0.727208 51.395628 2.174695 0.676920 5.257985 0.211316 8.150031 91.828653 0.054470 0.121514 138.481972 0.791228 21.178150 0.688875 49.123378 1.428623 0.159381 0.138289 106.548587 3.145537 0.129475 9.950886 11.084404 0.324545 17.700531 0.844522 7.470728 0.075661 3.512829 1.479904 0.677811 21.013990 3.683605 86.386702 0.029946 2.146473 0.866302 70.083086 0.088130 0.141579 13.612223 0.588766 
10.717958 8.237902 154.517216 1.654646 0.624843 0.784320 0.531418 0.044075 0.061202 20.750060 4.186376 0.112148 0.466736 9.376997 0.619070 0.046368 1.462685 0.033945 13.516895 12.930881 62.070071 0.862752 0.039178 29.800227 0.108655 18.464802 4.945887 0.323540 1.097550 2.759418 8.636860 116.299031 1.688422 0.079078 91.882767 2.868541 0.758257 0.111925 148.418382 0.084719 0.109368 0.109608 117.859753 3.853150 0.115455 0.308037 13.658859 0.160081 25.165106 18.337450 1.559650 0.340573 0.746978 0.127588 0.113906 158.148372 1.654025 5.472865 1.316732 
18.111771 7.619558 101.970419 0.496564 6.095559 0.149316 1.785604 0.027468 0.185395 29.279326 4.395817 0.098125 1.043371 12.009452 0.941570 0.072497 1.824864 0.032007 13.649521 3.174384 41.047500 1.065619 118.248517 0.850625 0.259042 101.463280 0.064572 0.679466 85.656362 4.377075 10.744958 111.786902 0.292679 0.220902 144.199895 20.342209 0.301556 0.041850 105.902989 0.139399 0.468273 0.029107 0.532797 2.006122 0.113431 0.708387 10.540013 0.051783 2.622726 4.008510 2.116491 91.246998 0.024992 51.924768 2.120627 0.091335 
17.267169 12.115304 2.688938 0.160740 39.125943 85.666356 0.889190 0.022626 0.124072 27.297334 4.265673 0.305829 3.523055 11.041228 0.279960 0.213624 5.262284 0.031109 12.416793 0.987003 35.039920 8.562943 216.607299 0.034339 0.767095 186.985270 0.045547 3.540041 0.160415 0.045954 6.881695 96.121737 0.610294 0.023937 125.370529 33.461600 0.094633 0.420002 0.047372 84.544311 61.842240 0.257874 1.227132 0.829645 0.269807 1.727563 26.904273 0.107033 2.326753 201.167711 2.315704 8.223944 13.965738 
17.393225 10.085813 3.112191 0.025295 55.934865 5.825653 0.154860 0.092381 0.021851 35.538766 4.630105 0.082093 0.458174 11.555828 0.168080 0.556506 70.680740 6.647139 12.884823 40.663736 28.578367 9.178052 65.490735 1.002904 0.056488 93.076936 0.091693 0.062669 0.075194 0.043828 29.000800 190.270922 0.870479 0.217367 117.358943 0.433023 15.863870 14.257953 0.215123 42.581733 0.065269 1.632235 0.273631 4.301475 5.410907 0.316523 189.877937 0.060532 1.913177 117.010377 1.635736 0.936751 0.140272 1.414213 0.887734 0.059088 0.725959 7.238103 0.029537 0.622196 0.311826 0.524710 2.109838 0.124443 0.535467 
19.313240 9.084842 2.821476 0.835521 48.528813 0.620723 0.071238 0.025379 0.072925 0.155938 2.795639 0.070607 0.260918 8.306497 94.742614 0.024688 0.557083 7.568668 15.682470 0.488672 59.403494 0.845834 51.305443 0.560043 0.072366 27.492777 0.135952 10.471114 3.147171 0.528303 26.721169 104.121319 63.902327 0.051368 123.087139 0.073815 0.024483 0.076808 0.216567 135.759279 30.888064 0.181581 0.276109 0.883535 0.405471 0.030828 91.235629 0.121757 0.074979 2.020969 1.299930 0.051443 3.411725 0.713636 0.101244 1.077282 20.708132 131.886418 
14.109306 8.812599 3.251083 1.097202 119.959257 98.599016 0.092984 0.041301 0.081386 6.114852 4.289825 10.120776 5.426667 10.511228 51.585374 0.381839 0.139884 9.056858 12.671760 37.321216 41.978634 0.097245 98.179978 0.225989 0.698027 1.549839 1.159326 10.724521 4.270888 0.280221 0.496833 97.888868 10.357856 0.139579 84.612685 0.259638 0.265072 0.365678 0.148411 51.582125 0.446592 1.515688 0.023863 0.485013 0.320468 0.760909 2.999432 0.895764 0.265396 1.910171 0.410070 0.021487 2.361541 0.251598 1.872231 2.708199 0.391057 2.031703 25.553653 16.187982 0.620950 0.702918 38.484744 0.207819 1.380526 0.925587 0.261770 0.049888 1.414518 
14.588055 2.975356 2.186152 1.006667 117.523896 153.022089 0.233500 0.176282 0.106857 0.403233 3.595045 6.951178 0.824998 8.943188 0.117403 0.081932 93.317634 8.346072 2.058831 30.996351 43.118051 0.025476 0.059440 28.281523 0.698722 0.025228 10.614136 103.411935 0.051431 0.044584 0.044442 11.742418 6.439144 0.350317 108.593482 0.079000 15.024135 1.267486 2.586007 44.931087 0.923253 1.212162 0.026452 25.801083 0.518444 4.773694 16.122020 63.020850 0.913428 11.069694 81.350149 0.949172 1.073993 0.714046 0.211040 1.188822 0.044752 0.050812 1.969168 52.645545 0.835382 1.586572 
16.719152 3.006734 7.350231 0.238323 0.294394 87.441670 0.787219 0.075650 0.122234 0.030532 3.751873 8.073499 1.362895 9.604111 0.224790 0.140976 138.833903 6.071960 0.042998 6.941911 63.212619 0.654772 0.785278 4.824571 0.426611 8.808773 6.687101 195.393587 0.088019 52.569347 0.058180 1.416865 6.215288 0.603788 201.287013 27.262468 14.278691 1.436540 21.312241 57.433077 0.182995 0.524976 0.021271 0.954678 0.318161 1.223061 0.023645 64.427389 70.045118 9.626616 0.192423 1.640844 1.055264 0.208048 0.199337 0.336758 0.058644 0.404320 1.017233 
16.042518 1.612518 0.068175 0.185190 78.773822 32.751838 0.060656 0.066034 0.065379 0.046845 4.035727 10.141775 0.526452 10.558083 6.118193 0.089538 106.496932 7.408984 0.669098 0.103028 25.613499 0.380950 0.134042 0.076967 2.514056 1.320738 1.249414 144.833869 9.553386 0.280263 10.242870 27.325000 58.261242 0.274939 76.105573 0.438146 13.699537 0.155183 35.350804 51.233917 0.093990 1.146892 4.427642 2.003255 0.536600 0.058123 0.043668 61.350946 0.851156 4.547569 1.121157 0.792843 1.031835 143.155261 26.578925 0.214420 0.344438 28.015651 
19.389586 2.002229 3.081405 0.080277 0.081866 64.057917 0.724958 0.474898 21.867313 0.023472 3.877805 27.770985 0.189771 8.239892 5.238331 0.157035 85.607453 9.255484 3.479426 2.045933 41.320272 1.308978 0.260474 0.123048 11.049458 29.089241 4.657578 172.761831 64.457467 179.371532 9.295696 11.896485 0.077893 0.051176 141.244593 0.966926 14.183837 0.403490 0.684465 1.931685 0.058000 1.026099 104.962389 1.808625 0.351004 0.102137 41.140424 115.456304 3.607043 0.076714 0.555327 119.511903 0.338734 74.538490 0.092618 0.091401 0.041757 16.631337 0.344436 14.870052 
16.029361 2.254160 0.025903 0.177569 0.119732 59.656833 1.802578 16.939811 0.073260 0.065114 4.426921 40.306124 0.893661 6.401184 6.136723 0.100421 30.000070 16.064816 71.568610 0.032999 18.877175 0.874966 0.200423 0.423690 9.164415 30.573735 12.486225 51.656220 2.123262 87.747948 9.062044 0.108069 0.037710 0.425009 177.107239 0.640330 9.096249 157.244511 0.630295 0.035312 16.225300 190.588034 0.125877 2.041167 0.511926 0.137659 102.953445 0.115769 0.075466 0.243618 0.154606 0.352041 5.078846 7.607956 0.766236 70.364757 
17.749692 1.942087 3.337017 0.432583 0.214797 103.837037 0.097360 0.068410 109.800031 0.059720 4.282988 16.925835 1.598940 9.830791 23.548492 0.183403 195.291755 79.769175 0.216483 5.070168 2.281502 0.717255 0.274030 1.032121 9.403485 0.421383 10.887938 0.116290 14.588051 53.573565 4.566781 0.919448 0.039006 0.353913 87.474330 1.101487 6.089775 238.583857 36.416365 2.028238 12.921843 21.073990 0.191274 2.135642 0.727011 0.098162 101.749851 3.132187 0.711276 0.039646 0.084684 0.265357 82.788323 0.225527 0.250602 2.242341 3.847679 0.124531 0.054751 0.696532 
15.233029 2.390161 16.096177 0.139832 0.114226 198.555702 1.939002 68.721123 0.515966 0.185709 4.820708 68.562579 0.111002 62.547457 0.064281 25.218651 0.159457 0.061587 112.138607 14.149401 2.160042 0.173557 2.096395 0.971715 7.193678 0.124866 10.196817 0.039148 0.214997 89.951646 8.684576 0.188267 0.086111 41.881760 67.885538 0.402155 12.363947 202.184822 0.459538 66.479978 0.715340 0.060573 0.228925 2.072117 266.734216 0.845922 21.840421 15.348012 0.431978 0.550766 0.235970 0.171471 1.200266 0.087008 0.522656 0.745103 0.556900 0.140110 
17.857550 3.027608 16.181320 0.684054 1.267835 219.670552 7.501149 0.665220 0.194187 0.611021 4.457621 0.548267 0.247587 16.954272 102.170729 19.773902 0.146079 0.496662 167.580060 0.064628 0.106731 2.502673 0.081303 0.848465 7.308087 10.082750 12.110024 0.081967 0.735019 0.740653 0.102892 49.761664 0.481182 72.576411 107.912484 1.407722 14.770227 145.557344 230.746246 0.834918 0.552310 31.940329 1.957496 0.124166 117.348636 0.053155 0.114668 15.372223 0.036395 0.418494 284.848149 0.147267 1.568217 0.042442 132.147752 3.624259 1.686094 32.261179 0.302826 3.839888 0.075532 
13.346747 2.245156 14.071909 0.526842 76.957940 138.982752 130.272139 0.798857 0.065905 2.091965 4.813084 17.587645 1.048963 1.176491 1.430603 34.812392 1.334322 0.615156 218.746618 194.461157 0.144569 1.330416 0.041307 2.577916 6.257142 8.337611 11.682489 0.319606 0.138067 0.539545 0.855349 0.867445 0.121574 38.549514 86.043592 2.231653 10.269334 177.972235 0.154734 0.340070 0.821156 23.607365 0.426062 59.871756 51.992264 4.505741 0.218673 0.057196 0.264175 0.206918 0.930674 0.913097 102.119306 1.116077 1.494547 3.694925 17.593357 4.197938 0.668689 0.372825 5.456195 
17.218497 2.106453 17.546680 5.050793 0.590471 9.700820 0.384388 0.613394 2.525987 0.161793 0.429412 0.728043 0.480225 0.128767 10.643344 26.322357 0.611027 0.129265 15.686481 0.334783 0.080169 10.601890 0.377051 0.086266 8.623486 4.344488 10.510516 22.522132 111.864799 0.373931 5.581388 0.607747 0.124076 2.594126 119.801598 1.867074 7.941599 228.143505 0.556997 6.700379 34.944067 24.219304 0.339539 142.619154 39.249012 1.355013 0.346587 3.525154 0.270481 0.271974 0.316295 0.325110 1.410573 144.981778 0.648311 13.023657 5.620423 22.275848 3.401797 0.065358 13.736698 0.588053 
12.942149 2.741125 0.029518 0.064851 4.533944 206.023634 0.074257 0.140503 9.128403 20.784727 0.086092 0.121209 13.932628 0.305578 0.357420 28.735343 1.243578 0.841520 1.121197 0.692488 0.058900 9.144241 0.257532 38.061075 9.876105 7.679474 0.222019 0.881746 22.949614 0.153251 4.164458 0.029423 0.039561 0.163951 145.171254 1.686487 0.259685 94.659887 51.536661 4.634226 131.384754 24.552070 0.114593 80.950667 222.363551 0.191011 
13.932774 2.313672 0.755388 0.101161 1.496060 59.065990 0.094076 0.982905 9.101409 0.037224 0.104940 0.193122 12.977445 0.053166 0.195019 28.697072 0.991193 80.093327 63.300389 0.575001 0.047210 7.174727 0.391581 2.341442 7.766906 10.917655 133.704668 1.797475 35.830620 0.947064 4.067383 0.548032 0.089021 1.353671 81.513864 1.497296 87.112140 69.466089 9.808860 66.305442 68.151327 28.654800 0.206743 0.707106 0.398305 0.039169 0.072744 0.213884 1.154185 0.800012 0.044948 0.022947 74.513951 1.608361 0.069092 0.182599 0.078866 6.074586 34.481407 11.046360 0.093202 
14.685461 2.352234 3.056476 3.498506 17.761936 22.973619 0.111644 2.151078 8.169025 0.071196 0.042992 0.386895 14.193630 4.101670 0.115456 37.602495 3.775293 141.975997 138.450513 0.152479 0.033628 8.736920 1.833523 47.926291 7.089868 0.297504 0.402237 1.094372 95.045540 1.231831 3.627825 0.057895 0.075345 4.812169 46.924869 0.947613 6.662976 132.669977 0.049182 0.321149 3.391569 0.031962 1.293219 1.455139 0.442423 0.174401 0.821154 0.086579 28.024035 10.168678 0.635111 0.057095 0.956362 0.194843 0.115312 0.067500 45.799489 5.055174 1.244419 0.656877 0.578219 31.756300 33.192588 0.131273 2.058521 0.589000 2.427851 1.948970 0.243414 8.099984 
16.064399 4.112952 16.915986 1.757755 0.248300 263.659406 0.091885 0.200081 12.696797 0.165943 0.052984 1.259710 1.124935 0.157596 0.155252 27.396851 0.172463 93.197289 80.093571 0.036137 0.930299 6.953358 2.575759 20.301476 8.984977 230.116399 0.067269 22.252828 28.067070 1.017522 3.553779 0.130618 0.043824 16.695039 92.147211 0.247155 1.209113 79.329400 0.066761 87.755608 1.427713 0.202650 0.076700 2.062315 0.578162 2.030526 0.048609 0.196541 0.031780 123.847503 0.036620 0.218894 23.466019 0.682718 31.289342 8.676794 11.300931 
18.853835 6.252651 14.592456 2.209196 38.025176 45.646344 2.821323 9.437326 0.062054 0.138638 1.423041 69.530676 2.941290 0.066949 0.763243 32.197995 0.587136 25.166403 3.626638 48.764261 0.340696 9.303089 1.297046 20.645750 7.090397 122.891819 0.144825 3.472528 0.499305 1.341734 0.112218 0.227149 0.023182 45.390794 147.026145 0.187279 2.634849 129.708642 0.961683 0.580504 0.070366 0.062988 1.249953 2.192674 0.169648 0.057439 0.038225 0.383271 41.896979 3.112186 0.655871 0.765993 0.172398 0.640470 0.228991 25.293432 1.617558 159.638660 1.453312 0.104102 0.188534 
18.246126 0.880462 12.968995 0.606875 59.883303 13.280598 0.073438 10.348872 0.036921 0.078052 0.727532 2.740566 2.948989 5.027960 0.318506 24.281881 0.555267 25.678888 0.630441 35.291809 41.618065 5.275480 76.437423 33.264465 5.908851 0.208145 0.217185 1.262765 7.996802 0.389944 0.072481 0.379662 0.049675 51.897117 166.681653 12.730011 3.468227 100.994548 0.261585 0.425607 0.302071 0.355107 1.167327 1.893756 0.047545 6.484305 0.152209 0.069020 0.136546 0.052785 0.918010 1.922154 138.578190 0.188978 2.376842 65.480484 0.019032 74.001076 0.945498 0.346291 0.040144 0.023007 0.384381 0.064014 1.105241 
13.061768 0.744530 14.766779 2.416866 5.336186 2.283270 0.149252 9.097721 0.027343 0.416116 0.491437 1.818859 2.951792 22.771263 0.069913 30.107683 0.024457 189.096767 40.533180 3.080836 0.239583 2.705285 43.064352 33.935369 6.229702 1.621965 0.174733 7.520772 1.060377 1.332778 0.121382 0.112555 0.029043 0.374012 76.099656 21.900749 0.411654 65.931812 8.832748 0.391342 0.025660 3.372516 2.428208 2.267213 0.736504 0.167740 35.382094 0.175952 2.025472 3.229196 0.593470 1.262918 37.285832 3.212765 0.345755 
15.458967 0.270614 13.226022 1.909131 2.153906 0.274407 0.167609 8.062786 0.155512 0.128205 0.183052 16.931559 0.214990 18.589330 0.028582 27.034103 19.478302 139.177728 49.212530 10.815760 1.389125 5.734094 79.211066 1.050792 6.293831 1.776534 1.154076 105.212123 0.779072 0.559930 1.395239 0.035200 0.028406 3.491094 90.422520 86.846743 0.625002 139.262479 1.035538 0.074673 0.310851 12.681478 1.624675 2.128627 0.144842 0.706592 177.907377 0.077542 7.315127 
14.196220 0.157375 13.608202 0.419838 2.101228 0.114601 0.048932 10.606109 0.175051 2.165202 1.591896 1.334958 32.356748 44.642745 0.136621 25.206533 0.246501 48.639463 87.395796 6.185114 5.635087 6.742844 185.149341 1.730581 7.131063 0.696421 178.984362 0.059022 0.795272 0.436267 0.156110 0.058956 0.058957 3.973155 110.882485 4.423241 0.040853 0.286455 0.999117 112.322685 77.115006 0.062096 1.954923 4.066891 0.188846 0.128881 1.826358 
17.218442 3.058433 11.365665 0.067452 2.241011 0.097179 0.074652 7.197455 0.028513 1.093036 2.020029 38.610390 0.599662 47.974203 0.166855 36.692152 106.897869 8.100225 84.489295 0.886559 0.177587 3.314342 211.149098 1.820461 6.235246 0.974123 148.554399 178.239121 14.029790 0.131031 0.439027 0.154801 0.079211 4.769776 166.568840 1.902346 0.301642 0.446310 0.473601 0.442462 
10.040449 0.899867 12.093881 23.352402 2.979983 0.115963 134.367129 8.711077 0.420651 0.100257 81.045097 0.096404 0.057583 1.113297 0.589654 43.916074 14.912318 0.036717 66.763262 3.875750 0.047538 7.092603 56.041787 1.553627 5.901326 0.770412 109.969796 120.833852 5.006419 0.641963 0.407094 0.036282 2.900492 3.602776 174.278135 0.653474 0.084013 0.066547 0.102192 1.579417 1.854797 0.626251 2.475133 0.607864 1.630427 0.915984 10.925553 0.276576 0.264424 4.856798 0.073157 0.030991 0.104358 
13.255082 0.232835 12.865288 0.327343 2.566884 0.085028 47.873895 9.331608 0.128221 1.044109 117.698866 0.028351 0.046787 0.214312 1.363481 28.798013 21.933100 0.036306 73.179006 3.772178 0.117216 5.197668 118.883587 1.514349 6.044197 1.665660 61.807428 56.591634 0.087075 0.049124 0.636713 0.092882 0.379546 3.742099 114.022156 5.803148 0.165302 2.229772 4.036221 1.548719 0.048444 1.160264 1.394801 1.813333 0.102406 222.525579 68.658542 1.210405 0.138758 18.799859 28.858372 0.046052 0.238487 31.120051 0.383374 
12.929813 0.054586 0.050452 0.092383 1.931932 0.333678 1.113574 8.379637 0.049637 150.684902 74.126644 0.267318 4.896065 0.304198 0.817589 31.135798 7.728781 0.120672 3.344441 19.561783 0.115226 5.297548 244.970482 2.033282 7.373208 1.832051 178.664382 28.556396 0.532996 1.793200 10.863064 5.320187 1.903239 8.635604 180.139849 100.856840 0.319342 0.864117 0.033037 1.603001 0.151281 1.992170 1.544798 0.874651 0.409061 0.157297 57.912441 0.085946 0.113029 36.912910 0.074134 5.149684 0.349890 0.074622 34.476759 69.878347 13.984492 107.908898 0.730907 19.165858 0.049294 
16.229664 55.923521 5.559334 0.102394 2.398726 0.089334 0.090131 7.664466 0.128026 69.066870 0.849773 0.081587 0.473514 60.271476 0.781333 29.979633 0.105797 0.033759 2.178044 0.610402 0.068647 6.035619 151.307379 1.589900 6.806533 0.700784 139.517433 32.920334 0.347949 0.729931 14.668702 60.525618 0.069454 0.079935 158.621183 0.050815 1.970146 0.414303 94.984707 14.803934 4.289374 1.742526 2.027580 0.547633 30.470006 12.780120 145.451225 0.080589 0.082911 5.992402 
16.299608 0.471880 0.037950 0.019819 2.511262 0.030853 1.565406 8.468068 0.154160 55.922012 0.951779 0.039665 0.033533 83.124468 60.939008 0.407377 4.876187 0.062203 0.034269 0.080428 0.029416 5.916893 84.513155 0.387772 0.891296 6.592325 180.202293 169.025154 0.106601 0.408353 0.077769 8.000139 0.163752 0.054936 90.241892 0.324959 1.865986 0.227363 146.217067 3.779560 2.461400 1.682700 1.069006 0.031812 145.701118 14.448934 47.800008 0.426394 29.993374 3.203303 0.049652 2.362099 0.032981 0.526421 0.118338 
12.118944 0.705646 0.096269 0.049389 3.322186 0.114878 0.028224 8.367390 0.244633 43.481397 1.153029 0.406909 2.995109 54.847314 75.612190 5.329615 7.527645 9.356581 3.227716 0.270013 0.211663 4.911391 121.468523 0.313413 0.273861 0.100196 195.576232 186.419119 0.099781 1.051215 96.321137 0.762236 39.214405 0.137584 187.601221 0.231462 1.473773 0.547540 2.292470 3.461149 48.759600 0.036978 0.360079 0.141775 2.015713 13.305250 0.323977 0.249274 134.469572 2.915695 0.921253 0.479624 1.322329 2.604213 
11.659574 6.626948 146.470733 0.052466 3.069426 0.154156 0.170523 7.828079 0.096465 0.042863 0.858269 0.079337 32.821297 1.756968 91.450492 23.625787 6.283027 23.299807 3.944909 15.207226 0.064368 6.208245 62.219757 0.210562 0.599492 0.050900 152.858860 68.599749 0.061920 1.415370 0.142049 1.530128 26.373193 0.051844 136.896883 0.620416 1.350751 0.415575 4.699524 3.821592 0.039636 5.569296 4.964110 0.146996 5.720621 13.087652 0.720990 0.330165 116.587058 0.129774 4.754735 3.922161 5.329862 0.422044 36.382085 52.402128 0.121715 
11.382003 0.166075 0.530365 0.274762 2.781142 2.462131 0.044403 9.748250 0.343387 0.215647 0.354707 38.723817 0.096164 2.420915 48.329087 63.728021 8.412017 0.129710 4.742616 0.166394 0.023162 106.957297 130.527096 34.235964 6.211784 0.123458 163.079957 0.056191 0.211748 2.130015 0.242936 0.909809 34.881307 5.353040 142.249294 164.706422 1.435916 11.544626 47.638349 3.323982 0.037997 0.026719 7.374203 0.361099 3.429427 15.794618 0.327524 0.253542 71.615568 0.125998 
10.262830 14.182888 0.681707 0.817776 3.087561 6.075185 0.033227 7.537174 0.316556 0.940403 62.416300 32.883070 0.039728 2.464960 40.950703 6.235528 7.613751 124.694219 0.030613 37.560603 0.063873 36.562096 23.613897 1.303424 0.244679 0.091729 103.976179 0.051968 0.976234 1.646051 0.332316 0.028247 0.254519 79.574815 100.750241 0.096953 15.995160 26.401081 80.588888 3.400111 0.048158 0.087998 20.084997 14.184101 1.649446 0.243448 7.812785 0.520701 
11.832738 14.184280 0.416751 0.632494 2.467846 1.428098 0.038894 9.349092 0.168594 0.023309 0.586490 67.532191 0.046354 1.841790 60.586813 2.588705 7.078291 1.676315 1.588048 26.097288 0.044591 44.056358 59.047061 1.529223 0.043927 0.180645 103.097241 30.711581 1.077806 1.288150 140.159279 5.421844 23.999341 4.925137 88.832760 0.031634 0.985548 6.329101 27.456042 2.759642 145.346763 37.650446 1.355721 0.145083 77.161213 0.655915 0.195547 2.362819 0.066242 0.057079 0.521644 25.462695 2.566481 1.017667 0.372989 
13.094008 13.223182 0.196478 8.180911 2.338770 124.019243 5.522332 9.638887 0.093671 0.243639 1.310324 1.502878 0.051087 0.379231 0.045575 5.744500 0.025653 21.508891 0.159123 166.583338 0.030512 39.237819 27.356431 141.396438 0.846804 0.125106 133.734419 0.785477 1.003288 2.409954 94.155037 1.059330 29.008327 2.566466 115.594387 0.084270 0.051595 9.473400 64.002933 3.737371 7.675677 1.282815 0.086930 0.191439 7.646649 17.262911 0.206214 108.154763 0.035108 1.184860 5.628292 3.961145 0.364164 
13.870507 13.794270 0.247529 7.905771 3.930093 65.476268 0.059013 8.298085 0.761520 0.290854 0.025776 0.361376 18.654246 0.571784 0.192783 0.850879 0.194056 0.246637 0.977847 0.078096 3.117868 0.148554 12.640229 17.006152 30.166348 0.108920 43.819301 0.033242 0.841195 1.447333 178.730777 129.010228 31.285543 8.261549 129.160019 1.031101 123.765586 17.784125 14.924672 3.042455 0.023840 154.932147 0.085638 0.134102 7.719614 4.234681 0.812420 47.560618 0.032689 3.815289 112.901761 1.734563 5.605010 132.796554 5.895248 
14.265388 13.616474 0.046106 9.307960 4.188378 121.958936 0.092200 8.464111 0.077540 2.640868 0.242195 0.050473 2.070403 0.384960 0.049731 92.656707 0.993415 238.140696 0.220220 0.156687 0.034244 24.185152 17.295626 0.643725 40.145574 0.345193 6.928078 1.611681 0.786006 1.599579 140.431938 0.325893 24.910516 4.571620 222.352056 75.623497 189.420785 7.568615 14.339501 3.141342 0.052092 183.060663 0.103301 0.031788 12.639420 0.845767 0.265193 32.673490 0.036554 0.355149 0.134846 2.302830 0.410621 29.054000 11.515910 2.452199 0.064103 0.144285 214.911926 37.432077 57.686598 0.041047 
10.682643 11.519579 1.136700 193.525145 5.634568 65.135644 0.117535 0.103233 0.146232 38.958075 0.188899 0.083327 38.347097 31.138446 0.195035 25.852455 5.148196 0.146241 0.628241 0.062054 0.056897 23.118443 119.518458 0.172118 0.032182 0.457923 0.285560 7.458014 20.648908 1.586398 8.899213 0.392330 25.239578 55.492230 123.290605 79.934992 15.801566 0.021487 12.819084 4.265150 0.275563 25.432591 1.814905 5.320428 1.326307 18.275234 0.943000 48.913809 0.420157 0.085320 1.093793 3.033571 4.075231 0.035047 0.030797 0.325506 0.409312 
9.857197 12.690272 0.042661 170.160262 0.463576 0.087284 0.154667 72.138042 0.039354 0.293197 0.050888 0.095283 1.598584 1.218033 2.282138 0.577266 1.310155 0.057132 0.057135 0.065043 0.849452 4.555696 39.061019 0.034314 119.034871 0.628190 1.488599 6.978329 2.847653 1.649195 7.463786 1.757972 28.159274 36.970312 171.987122 42.782636 3.698371 91.819574 10.498342 17.182228 1.523403 0.421730 0.250935 0.620409 0.099883 84.852081 2.288451 0.018581 0.477301 0.119497 0.098249 
0.075818 0.065742 24.475527 97.946309 0.098087 0.086347 0.032834 40.288196 0.274549 6.322026 0.077505 1.573516 0.267618 2.274685 0.204820 0.059634 0.031301 0.184646 0.019319 0.688385 22.042583 5.256128 94.628402 0.126775 97.215430 70.078849 0.034215 0.587330 4.169200 2.034859 8.454314 0.016819 26.529878 0.093326 99.369374 32.299010 0.095429 0.021932 31.015748 18.571143 0.223315 0.233633 14.371887 3.485295 2.397824 99.318831 1.434788 0.386662 0.073172 0.018575 11.178551 0.199998 2.181659 10.783460 0.193909 0.089561 0.139507 0.055599 
0.029345 0.059801 26.626968 59.868274 0.587976 0.083619 2.710803 46.337076 0.026117 13.701544 0.066525 0.243230 2.317630 7.626788 1.807157 0.112509 0.202129 37.463380 1.011103 0.069896 0.491797 4.547103 139.629108 2.799799 0.253070 0.021486 41.397889 0.131157 3.255234 22.765272 0.035009 131.475632 29.850969 8.849496 117.897479 39.878958 11.812016 0.095445 2.133729 16.376799 1.662965 0.962505 14.116229 0.846466 0.123970 112.380053 2.999568 1.769541 0.060013 0.077454 10.367688 0.068524 4.030314 7.898759 1.907864 0.653101 3.102731 5.892261 1.760828 
0.253114 197.681691 0.067214 0.440206 0.180767 0.092322 123.737538 129.126614 0.028582 0.643137 0.040237 1.914422 0.542350 3.840577 0.244029 0.052479 0.100281 10.094540 0.084794 0.483850 0.026408 28.593140 133.672474 2.969234 3.512579 0.824005 0.053626 0.386482 1.215272 103.378726 15.991906 19.717810 22.672498 9.876285 184.974774 53.666617 195.524871 0.026945 1.729544 14.532262 0.051766 1.212524 15.550518 55.959697 0.361539 0.159445 0.422701 2.040966 0.055140 41.407125 9.646746 0.309756 12.834608 7.761467 2.519753 0.131821 4.459437 0.267592 3.919704 0.316717 31.210739 22.824989 0.618698 5.452732 1.701705 0.075227 
2.151208 33.123975 5.927315 0.177176 8.059887 0.057000 111.173106 84.732175 0.280953 9.311892 0.082910 0.615354 0.706279 3.714210 2.133121 0.442944 0.046683 8.897846 0.131888 0.040334 0.821247 0.965917 125.373365 13.954933 0.052451 3.276501 0.062019 0.023361 10.466369 116.389550 7.889053 0.028383 22.584818 9.205482 61.217728 123.751098 134.728777 0.061149 1.063532 11.502983 0.518269 92.556677 14.757832 10.153205 0.072200 8.368952 2.855986 1.733897 0.293295 3.029145 11.480086 0.157959 0.032040 0.037354 4.198499 0.017707 
0.752295 0.172132 0.175926 8.070501 0.115914 0.130924 128.906119 109.205589 0.376967 9.121078 0.467591 9.934509 0.842639 3.035804 2.018573 0.711113 0.050824 9.963314 0.520005 0.143557 0.140493 0.922822 41.374783 9.298769 0.033580 0.060951 0.061597 14.406201 0.135851 127.929784 10.298714 0.888286 28.912802 9.622623 51.729080 14.471618 49.422899 0.133995 1.014882 8.388647 0.099574 0.134813 12.632545 4.314894 0.134753 8.198210 0.112313 5.353866 4.577449 7.997194 1.383747 0.032442 9.085108 0.235559 0.698407 
1.580303 10.075364 0.049398 10.234045 0.348385 4.972026 95.878687 130.040539 0.510546 12.648842 0.133640 0.804872 1.580449 4.618422 2.550805 0.028078 0.021197 0.195295 0.138989 0.027350 0.078283 1.751674 35.390973 0.360707 0.176195 0.026196 0.067482 13.539593 0.124025 170.669633 9.628874 0.077314 33.867234 7.487006 173.089499 89.417058 100.392731 0.281681 0.138111 30.169931 0.544499 3.930161 13.470837 1.897913 0.179199 0.091162 0.027722 10.311425 0.685946 13.200955 2.084874 14.442056 15.474372 5.977802 0.060777 0.331351 17.936977 61.707306 0.435507 
1.293915 0.455850 0.019079 4.105591 6.951450 0.024918 100.845644 165.797695 0.045456 14.824855 1.568036 18.877576 0.133973 4.105049 2.825616 0.226490 6.419385 3.289778 6.862470 0.395110 0.037392 1.685965 37.550374 0.130377 0.372330 0.032325 0.053895 0.159611 0.824534 0.679261 8.374188 13.302975 30.925659 7.772258 94.361767 55.266602 1.123935 1.331511 0.334317 0.303407 98.783021 0.565442 12.048093 2.556915 82.815500 0.115142 0.048431 4.762730 0.880566 89.341014 6.691105 0.248762 0.070680 18.252041 0.045809 0.287500 1.067259 4.069669 2.284124 0.030970 0.662201 0.171459 12.279986 2.754411 0.073224 0.366499 11.464023 
0.255861 4.346148 0.038068 2.270822 0.068706 0.851887 96.160462 68.768857 0.084015 12.208109 1.186814 17.356415 0.458617 3.956108 2.269098 7.641901 0.144066 9.438519 15.330187 0.042064 57.314871 1.820431 67.531037 0.033950 6.973467 44.611520 0.093720 0.141757 10.052068 0.020912 11.351405 16.997531 21.937755 14.901173 91.201070 18.569247 1.540464 0.031999 36.951606 0.735043 0.132674 0.413437 12.981437 2.233231 137.856826 75.372846 0.134963 118.893723 0.556214 123.136274 0.831693 0.083198 42.247456 0.017101 0.284153 0.058178 7.752236 3.410445 1.278875 61.559031 2.020046 0.148702 0.038976 6.639410 0.165850 0.032584 
0.540877 0.042023 0.215704 126.795239 0.028338 37.071198 140.099024 99.347549 4.518903 10.708600 0.221557 9.498378 0.866708 0.043205 2.049916 83.268009 22.050582 47.978322 10.666075 0.757044 16.666573 1.844969 21.281719 12.014774 8.844545 0.231984 0.028854 2.320809 9.275460 0.022445 10.926478 37.031480 32.335454 14.218955 116.724669 64.784539 0.388384 0.718800 2.830564 0.183201 0.104126 0.080636 13.680575 6.506506 1.026270 0.661571 0.053038 146.100232 2.396402 2.639301 0.277845 1.359412 0.206328 0.044703 0.481418 0.049564 0.965687 0.054734 1.535978 0.424690 1.532568 2.539284 
7.381807 0.154431 0.086281 37.011830 0.231955 25.203102 47.823312 95.660398 0.204487 17.496284 0.730043 1.744749 62.135507 3.950094 2.310151 4.713154 15.625107 0.049709 22.331234 4.081393 159.085474 1.515251 3.041318 17.222661 4.334440 3.601352 0.030082 0.600613 8.689581 0.075755 10.404699 15.461242 27.448824 0.111625 121.275922 14.902832 1.166939 3.421980 1.728516 4.840000 0.108992 0.161291 15.782388 0.286548 1.235847 0.087825 0.172263 123.611565 1.110560 1.018859 0.261092 0.047842 0.717247 0.074858 0.110387 0.508608 0.250493 0.270052 0.729169 
0.909231 2.155001 0.564346 32.720901 2.640822 104.157781 143.666697 140.084878 0.130506 12.816463 0.071962 0.319417 33.506146 1.277388 2.247103 0.840582 0.282186 9.090887 0.242297 0.030557 44.800672 1.867508 3.922248 11.993793 0.548432 16.116634 6.527715 0.077690 9.606587 0.422125 9.434083 0.314692 25.866985 2.532673 76.177367 6.582825 0.027864 0.412560 1.710463 8.019628 25.111553 0.634621 13.237979 0.650698 4.719860 2.510961 0.764835 140.774328 0.036596 0.057759 4.459446 53.643107 0.129412 0.036304 0.116989 0.502080 9.200335 0.141030 0.017448 3.408712 0.565201 3.002464 
4.533482 0.019856 28.091687 0.281638 10.563552 45.131035 74.877760 34.773257 2.447331 8.444483 0.091917 0.030221 14.379362 4.470028 2.081978 0.905950 0.026342 25.618593 0.396019 3.320009 59.052571 2.028526 0.914334 14.678893 0.050719 2.698167 2.130553 0.022618 8.419931 0.808940 10.826087 0.248215 97.973750 3.269441 113.409491 0.065261 4.347023 0.599360 0.595176 15.552591 0.020742 0.088474 3.369532 31.672547 0.061468 1.077593 17.802668 0.625312 
2.350730 0.194914 103.714834 17.726933 12.807817 89.640888 123.870009 52.068723 45.446452 7.352230 0.982722 0.164327 4.000891 3.293158 1.964906 3.094820 0.088619 30.886819 0.164940 2.018582 2.162682 1.715195 0.093077 0.129743 0.122939 8.899649 0.222623 0.043357 8.243329 43.543546 10.181616 0.904096 0.132475 4.090701 134.562051 11.883504 13.875280 0.127848 0.034809 11.652374 51.276525 0.043601 0.711402 0.071389 0.500090 4.489783 0.214195 33.678214 1.453802 3.516132 0.215213 8.126748 0.856709 0.605645 0.851863 0.077500 2.405115 2.582295 0.090324 0.426468 165.286043 0.515187 1.730079 0.064826 1.601506 0.539215 2.629698 0.033449 22.094408 
179.156752 0.033304 1.199838 0.803231 13.319400 106.088058 163.293111 155.565810 0.032269 0.062997 0.080942 0.272262 9.472573 4.182929 1.927348 7.261012 0.873417 43.086738 0.060307 9.997096 1.766530 1.437345 0.038400 34.176322 185.717844 0.029697 0.371664 0.028485 9.742611 21.379666 12.432682 2.404233 2.509123 3.544983 54.607275 0.197985 0.893341 0.082250 36.151179 15.256365 116.792712 8.384469 27.695356 0.890309 0.025930 3.523290 0.020591 0.054586 0.040762 0.445836 0.290963 14.328846 46.930518 1.440386 0.429395 0.117428 
49.666146 0.060537 0.322032 0.143476 11.562373 16.087530 64.841448 57.138845 0.114936 0.569611 0.069745 0.271144 12.443056 3.511546 1.914913 8.516829 0.056765 0.116030 0.034273 0.039874 1.158631 0.042526 0.033556 20.917394 161.714780 0.020982 26.826860 1.196246 11.002246 106.734710 9.899333 5.413280 0.698191 3.369312 82.932518 37.901087 0.202390 0.157845 5.338330 18.505373 100.807247 15.214189 2.464058 15.577083 30.630192 0.210217 24.222421 17.631214 0.123292 1.796582 0.725825 3.387421 2.545131 0.539632 0.746431 92.339677 
0.374709 29.162133 10.927038 0.149378 2.423495 0.477686 139.765104 196.186860 0.065828 186.043694 0.098918 0.180555 11.701411 3.502601 2.255214 3.430347 0.068379 3.594741 0.026733 0.028154 0.174399 0.214197 0.047387 0.234963 46.685672 0.033245 30.468140 77.032009 8.650572 27.827618 11.594716 6.496646 0.353358 1.879964 115.404075 47.463294 0.255198 5.261756 1.737884 11.666115 1.064146 11.602829 0.029475 0.417830 
18.621923 0.175992 11.666744 0.796563 0.048688 52.084547 195.438087 135.455035 0.057630 0.250117 0.040298 0.260805 11.625061 3.033715 2.153826 0.229911 0.327767 4.876622 0.386526 27.939503 197.737132 0.109932 0.062180 0.329266 15.849419 0.119479 23.591269 0.119049 9.552829 119.346826 9.548167 0.054272 1.383207 0.062876 1.607457 149.436735 1.874833 4.948238 1.646977 17.056192 2.099324 11.440590 0.170727 1.522120 0.342906 114.247537 0.302276 4.163948 0.177182 18.331910 0.146001 10.562377 0.141468 0.363490 1.568014 
26.023445 0.290988 14.734873 0.118922 0.220662 44.004570 0.046311 157.403281 0.109620 0.081169 46.372599 0.524482 14.173590 1.577068 2.344399 0.828516 0.483607 4.975868 0.033860 9.255938 191.541489 0.055927 0.024978 0.202444 1.543891 0.096101 26.092676 0.705348 8.224078 1.108746 10.125200 1.230891 0.031092 0.089586 174.817370 188.135067 0.573545 4.497829 1.940126 20.768138 1.114355 0.255973 0.064458 14.642170 0.718359 146.052935 0.264005 4.063771 0.393900 2.431628 0.024603 0.840644 7.869298 0.036019 0.765952 198.105977 5.505751 66.024209 0.566595 1.814090 0.215937 5.004594 1.293921 112.460557 0.070324 0.062028 0.621673 
15.626916 147.654474 13.869238 0.474101 0.479360 0.342126 0.042247 230.898173 0.226068 0.276620 0.046022 12.921729 10.731710 2.936464 2.617666 0.668744 0.089295 0.104751 0.028812 94.980370 147.911043 28.330464 0.054527 0.734019 0.654698 0.110934 0.077784 7.431351 10.466319 0.259588 10.452962 19.509767 0.600730 0.064504 118.623606 120.645656 2.843518 0.247630 2.145447 20.881314 0.371955 0.898481 0.258036 1.176168 0.055758 89.035579 0.781700 1.144202 0.269466 0.448458 0.204933 2.745872 91.179968 0.052631 16.564608 4.373821 114.231299 97.273533 0.046951 10.820663 0.251074 39.227195 0.657079 1.228627 0.205619 0.293772 0.345841 0.046923 0.723549 20.212410 16.420658 0.433310 9.773099 
10.082876 0.124135 18.458137 2.496122 0.277973 2.597014 0.666304 116.610999 11.909952 0.036960 86.347767 4.834740 10.870945 2.887448 2.272383 0.419136 23.317568 0.111927 0.031595 111.105080 0.421637 0.214403 0.051084 1.028232 3.185670 0.332912 53.740023 10.410493 8.338005 0.505030 11.166727 0.356736 1.191934 0.073409 215.464808 123.265079 0.406108 0.040602 0.027416 13.053072 0.066168 0.606640 19.634702 1.768833 0.265681 179.355428 0.166573 1.141892 2.219783 0.213097 0.530849 0.047812 1.315470 0.056678 4.017409 4.055797 77.749331 2.459045 32.005976 0.258394 0.088672 121.159416 0.753685 5.886258 4.269290 0.083974 4.926207 70.923564 0.040973 13.378807 2.951812 3.951315 2.334498 0.070810 0.406014 12.708681 0.827057 2.291780 0.023334 
21.436358 0.028244 4.489322 0.128235 5.614425 0.086311 30.342706 0.610771 104.483608 0.066120 18.290803 0.065729 0.241406 7.733666 2.078236 0.743080 13.882484 0.028702 0.059212 2.104860 131.327841 0.283265 0.051463 60.641791 4.435294 0.051908 55.588990 4.913612 8.603818 0.157879 10.111115 0.106969 0.382608 0.030608 147.643592 50.573072 0.414623 0.035151 0.813353 12.865513 0.373496 0.145683 2.049082 2.099364 0.476826 81.477097 0.090479 4.709494 12.139120 0.046658 5.797403 0.086007 0.486247 86.818710 0.907521 10.044554 29.305341 202.884602 17.842790 4.515326 0.044958 0.751629 5.030849 0.126765 12.522425 0.067985 64.324599 
1.959856 0.042822 2.899645 0.069610 7.563664 0.112965 16.638941 9.420298 0.158087 0.632850 0.229099 0.282410 0.171046 8.546569 1.871306 0.095713 1.111719 24.564711 13.217668 165.893346 2.976104 2.185237 0.046824 0.236583 2.691530 14.044321 47.634510 0.139485 9.491925 3.092051 11.591096 0.306612 19.272959 0.157578 135.190586 33.651827 1.089776 0.061881 36.544652 7.057508 0.399967 0.160112 13.802806 1.906107 0.180082 70.723082 0.043822 6.979334 0.132540 9.955797 2.317734 5.793675 0.093510 37.465093 1.793337 9.531521 28.639464 34.211020 0.250819 1.451839 15.475414 0.026105 1.240820 0.704231 
88.813948 0.034341 2.673087 0.031853 3.677637 10.874016 0.213450 0.224884 0.060002 32.236642 13.811247 1.873268 0.057762 0.137283 2.051238 0.468273 88.664138 86.366763 81.249145 0.289925 6.294806 0.335382 0.068739 0.785413 2.773857 6.432337 53.109979 0.266575 2.752194 0.246602 10.009021 6.480534 15.985814 1.059148 68.893195 36.849345 2.074408 0.038261 0.822055 17.837511 7.669561 1.995398 166.729893 1.954268 0.064889 138.997095 0.062695 6.140146 0.372272 0.039521 11.544884 0.613046 0.190891 
120.685348 11.514983 7.588576 0.052535 0.036464 1.431399 0.091003 26.979873 1.130732 23.150287 14.964723 1.626173 2.721796 0.086349 2.286592 9.503232 0.452573 0.204356 5.461222 129.520775 0.111108 116.762614 0.102953 50.174147 3.205497 1.935971 43.916366 0.080571 13.170160 0.048567 11.047933 93.395796 1.880620 0.108679 206.103658 10.226194 0.653853 0.052517 0.143236 14.646377 9.286117 0.467024 0.218269 77.496667 0.101510 83.723358 2.267286 2.757587 0.045718 0.164578 0.809903 2.267643 0.102989 225.618051 28.507697 14.255944 2.191559 26.516059 3.140588 
47.914524 1.173189 8.605942 0.177293 43.721755 0.481050 0.045430 28.725558 1.616217 23.831174 16.206440 0.943242 24.717293 0.810267 2.896888 15.790354 146.320640 0.383383 8.300206 2.624296 0.042910 0.099804 0.113120 0.108919 2.875641 35.532027 54.070795 0.102808 0.380598 134.012968 9.174939 0.054419 1.185865 0.092748 88.806981 11.348205 2.476767 0.032826 0.211839 11.856217 8.080812 231.975403 3.296412 0.101954 0.057330 55.909868 2.162434 0.228361 0.106314 7.709015 0.618513 4.290841 
1.218790 3.062424 4.136473 0.984535 96.657633 1.283504 5.073011 12.275603 1.402791 25.194318 15.202562 0.075985 0.523287 1.870611 0.251324 16.945283 121.304418 16.274330 0.099020 3.432982 1.315718 0.816231 0.059591 1.739678 3.364854 0.088778 66.892335 1.166206 0.189174 0.054831 9.103885 0.026569 45.301422 0.081381 186.698540 9.007089 47.495146 0.085019 0.075149 13.086477 9.084734 15.958774 12.547549 1.673266 0.301162 111.350049 1.913412 10.748102 0.411313 0.054895 0.568572 2.494153 0.930876 81.351113 3.550198 0.894357 18.618693 7.389762 0.866954 
1.815553 3.672688 4.694347 0.028565 0.922533 0.937913 1.548901 12.183007 7.186392 0.067871 13.048945 0.025734 0.371470 19.181545 0.342004 40.518999 0.296184 29.851277 0.061590 3.181007 1.137184 0.072112 0.083716 0.126466 3.691263 0.069674 56.066039 0.137281 0.191784 34.104293 7.458965 0.936810 0.120945 32.063283 54.815693 19.001627 1.324889 0.062383 21.341748 8.571200 8.783737 61.516320 1.001625 1.009942 1.709251 76.533259 33.047014 0.520101 16.181699 0.106265 0.098989 0.034527 1.278798 60.963424 2.092266 0.160877 0.489823 0.399825 0.236100 0.577757 0.383721 0.055047 28.943813 0.614762 
7.242882 3.830208 3.327030 0.179413 32.340581 4.848169 0.132299 10.327835 7.892058 0.400235 12.075654 0.152410 0.360128 22.968210 0.187334 1.464060 81.337707 27.214370 2.210533 2.156492 1.914023 1.094441 0.098636 0.029980 4.621276 0.172218 48.938041 2.584485 0.889520 0.112374 4.863456 49.698988 1.702199 13.046445 176.301099 8.030430 0.739257 0.092136 9.897651 10.512496 8.575136 1.014110 3.235350 9.685837 3.126235 115.772496 52.731435 0.168979 0.172405 0.666330 0.274042 0.145409 1.661528 12.788920 0.887949 0.114727 0.081208 0.187085 56.558996 1.671686 0.310642 0.150373 0.149531 0.035212 1.032421 0.747352 0.084817 
6.263695 0.743147 2.177792 0.092662 28.492834 0.142182 0.104092 7.912266 0.537284 2.831260 11.221599 0.127329 0.061079 0.051088 0.116028 0.027953 2.730251 28.667431 0.612506 1.410381 195.351287 0.266636 0.044750 0.121891 3.263171 3.809555 0.141820 0.191340 1.212964 142.327452 0.053865 0.026517 31.581062 5.770733 127.548254 11.489298 2.260411 0.251828 116.922325 69.228917 8.853040 6.845048 1.388000 231.012081 2.857647 202.557653 11.147773 0.373926 0.956125 0.739683 16.326650 0.028026 7.019612 54.306234 19.578053 0.063580 0.125055 0.072468 74.776112 23.946052 0.998982 0.084689 17.427543 0.051924 10.468858 81.754472 0.203458 0.041570 36.010675 0.363284 0.033003 1.713444 0.730693 13.470879 194.891254 0.055892 0.193571 0.479656 1.360716 25.206457 
6.964978 0.052197 1.758994 0.093679 0.715833 0.475404 1.980347 45.554000 1.021261 0.085217 12.210635 2.440230 0.046024 0.924017 0.055756 0.055939 21.455992 19.555476 0.780912 19.513996 1.532872 0.658892 0.100044 0.208696 4.186727 9.635528 184.705583 0.126416 0.406678 0.099896 2.108679 91.086994 1.441935 8.629128 261.165074 2.678692 2.271952 0.174290 77.977490 16.651624 11.205516 83.269415 27.797836 4.645287 32.511711 205.422321 13.556010 0.380557 0.266850 0.167641 7.230384 0.132562 172.025611 3.970116 
6.930198 0.628359 1.099660 0.225459 8.016571 16.269138 0.088832 5.272028 0.799327 0.254860 11.095620 106.924520 1.249868 25.660192 0.109482 0.138179 6.069004 0.503918 1.978023 27.457499 0.302180 0.180672 0.021038 0.384790 3.863238 0.024412 0.820940 7.650755 0.557045 0.136670 0.107766 78.796251 0.292609 99.096027 164.641332 24.575242 2.052075 0.408200 33.948047 14.951931 10.352354 49.881612 0.729978 0.241212 0.609681 70.591376 13.664132 0.078864 0.186613 37.773593 7.202850 0.078333 0.099783 
6.724713 0.415126 0.024279 0.035897 0.045648 3.047605 0.774477 4.137210 0.188694 0.752462 12.205278 8.750020 0.115497 0.094848 1.989621 0.316288 1.141554 142.368725 2.037654 25.806577 12.462881 0.050436 0.068914 0.418201 62.344253 1.808891 1.650893 5.958793 0.068824 24.136986 0.393050 44.946114 0.096181 76.671607 128.994601 32.813616 7.498752 0.082393 7.663218 21.696542 0.747010 20.052520 7.535635 0.592021 0.384885 6.869347 0.342951 6.061356 0.072856 0.073683 0.508337 0.479213 
