0.795790 0.907984 1.139180 1.088854 1.136777 1.230528 1.124824 1.090788 0.969503 1.112768 1.088807 1.012083 1.198402 1.042312 1.202187 0.866280 1.121192 1.024656 1.082280 
0.794764 0.885611 1.045354 1.023912 0.952303 1.250006 1.144160 0.933940 0.980514 0.801369 1.074693 1.073368 1.145784 1.100134 1.184718 1.188577 1.105947 0.823166 0.921799 1.112050 1.140900 1.017370 
0.801755 1.149592 1.046277 1.133711 1.102225 1.170936 1.110584 1.147732 0.990490 1.161879 1.090364 1.153467 1.053908 1.052140 1.098469 0.980948 1.252230 0.939443 1.064615 1.048915 
0.801445 1.029372 1.182528 0.932154 0.947122 1.161615 1.126762 1.062342 0.977028 1.171978 1.087050 1.187461 1.253227 1.047002 0.948556 
0.796031 1.039815 0.887015 1.252482 0.984687 1.131617 1.120007 1.054220 0.966708 1.161842 1.099030 1.162823 1.079827 0.795846 1.109744 
0.796031 1.076064 0.873406 1.254109 0.898244 1.148368 1.157093 1.039465 0.979761 1.169529 1.074785 1.068528 1.047561 1.113932 1.108794 0.896092 0.924988 1.117786 
0.815111 0.853835 0.896794 1.253872 1.053519 1.140825 1.101372 0.895699 0.991222 1.162255 1.052770 1.073081 0.873586 0.846354 1.144910 0.913830 1.022615 1.059232 0.796119 1.059394 0.886331 1.200583 1.220039 
0.800599 1.059768 1.258718 1.051399 0.812822 1.155945 1.107689 1.063984 0.983415 1.110579 1.072461 1.178028 0.990568 1.167108 1.201655 1.021763 
0.801595 1.080176 1.258718 0.937506 1.019338 1.174430 1.121718 1.041289 0.968553 1.212978 1.052419 1.212746 1.177588 0.860405 1.180085 0.920221 0.873174 0.838281 0.990936 1.057974 0.812650 0.878249 1.082542 0.825183 1.031056 1.089415 0.993390 
0.805733 1.055199 1.258057 1.175405 0.935023 1.132441 1.132810 1.034541 0.973966 1.156332 0.814219 1.164943 0.876056 1.181196 0.966171 0.971474 1.000868 
0.946687 1.059828 1.256391 1.138858 1.100531 1.146117 1.087526 1.045819 0.954942 1.164943 0.803372 0.865651 0.982031 1.174129 1.077767 0.833470 1.252909 0.993572 1.113150 
1.013618 1.058588 1.257108 0.858550 1.112774 1.160476 1.110346 1.049261 0.985128 1.164943 0.799955 0.863161 1.215781 1.163159 1.093287 1.183729 0.798211 1.109269 1.147647 0.913707 1.226230 0.906786 
1.023769 1.033160 1.236012 0.971625 1.158130 1.123992 1.123279 1.022689 0.957713 1.147939 0.809972 0.836847 0.909050 1.194032 1.097157 1.248979 0.855979 0.943364 1.143379 0.971314 
0.981568 0.889989 1.236012 0.928446 1.140628 1.141706 1.107857 1.018530 0.907578 1.200608 0.799445 0.928133 1.108506 0.997780 1.015336 1.040465 1.160996 0.976605 1.083298 1.143567 0.916831 1.071897 1.077302 1.201372 1.098169 0.798309 1.158548 1.204531 1.084183 0.915747 1.101282 
0.817986 1.142677 1.230751 1.175732 1.206148 1.151355 1.102266 1.017516 0.928658 1.178985 0.805064 1.028062 1.039165 0.972960 1.089872 1.076703 1.126923 1.023083 0.901510 0.891636 
1.146436 1.145999 0.861008 1.163829 1.224340 1.117126 0.978445 1.009919 0.930428 1.037917 0.797329 0.848048 0.832249 1.123743 0.960841 0.942318 1.012281 1.093019 1.137024 1.171591 1.164167 0.952906 0.935512 0.992200 1.240661 1.173842 0.962909 1.053066 1.100834 1.029400 0.874763 0.803904 1.120744 
0.823766 1.152581 0.959750 0.817191 1.191383 1.103699 1.106193 1.057939 1.162432 1.240063 0.794419 0.911334 0.838784 0.969838 1.183869 1.009305 1.171678 1.086167 1.126800 0.849514 0.935232 0.972824 1.075147 
1.227357 1.150003 1.083831 0.805793 1.199229 1.128378 1.119241 1.183853 1.022707 1.241623 0.796056 1.018943 1.222299 0.970649 0.873126 1.105882 1.158718 1.160751 1.048219 1.075786 0.907246 1.082373 0.928446 
1.021839 1.147138 1.027100 1.158612 0.904506 1.119505 1.088688 1.142678 1.037361 1.245207 0.796843 0.912086 1.165660 0.947807 0.827525 
0.968994 1.156105 1.033004 1.157529 1.029755 0.858201 1.101426 1.101706 0.840904 1.246320 0.800749 1.018449 1.178626 1.165288 1.150258 1.151449 1.084231 0.939447 1.227631 1.050536 0.874410 1.141005 1.153732 0.809663 
1.007226 0.963147 1.040730 1.167693 0.833972 1.050137 1.117859 0.884882 1.124903 1.237101 0.796442 0.860761 1.191811 0.991726 1.143385 1.121749 1.126934 0.969711 1.156976 1.018991 1.162256 0.810019 1.162883 
0.985710 1.085220 1.026210 1.163275 0.863102 1.218340 1.087972 0.986690 1.101745 1.243105 0.802868 0.889675 1.172099 1.157837 1.077256 0.842119 1.057679 1.060084 1.015758 1.135028 0.932862 
0.963492 1.157455 1.038807 1.162484 1.130908 0.996347 1.081598 1.172454 0.839381 1.246206 0.798472 0.955156 1.052346 1.152099 1.182216 0.847362 0.888221 1.114633 1.135660 0.935999 1.193334 1.185629 1.184906 1.198885 1.011945 0.989910 1.079781 1.107932 0.865887 1.091588 0.959901 
1.001718 1.256433 1.050163 1.141534 1.156044 0.830116 1.158810 1.178769 0.854308 1.125977 0.795612 0.899192 1.050386 1.030910 0.806591 1.111751 1.162494 1.139679 0.993259 1.108041 1.139424 1.115892 
0.983646 1.253244 1.027816 1.144084 0.851177 1.022890 1.181982 1.164696 1.183398 1.031936 0.807065 0.928009 1.054861 1.089884 0.798192 
1.011876 1.256643 1.054346 1.147674 1.066745 0.799813 1.166122 1.168546 1.194080 0.825959 0.804381 0.893246 1.043662 1.052644 0.797547 1.042606 0.973237 0.930579 1.084773 1.126046 0.925957 
0.990981 1.256643 1.133807 1.173327 1.043504 0.925960 1.117864 1.173985 1.140380 1.016649 0.797132 0.957231 1.081234 1.136499 1.125925 0.943031 1.183360 1.194698 1.028073 0.997808 
1.012475 1.252818 1.159588 1.162241 0.989367 1.020635 1.219896 1.169976 1.136573 1.024569 0.799264 0.945641 1.211398 1.013533 1.120129 0.849462 1.186704 0.819589 0.875589 0.956884 1.067651 1.138337 1.087113 0.971724 1.137051 0.922874 0.920237 0.879365 
0.982957 1.253442 1.140406 1.172101 0.799753 1.182658 1.138484 1.164588 1.069513 1.033517 0.806214 0.904063 1.054788 1.225006 1.110937 0.835202 0.929579 0.843335 1.116554 1.205310 0.907329 1.215144 
1.171183 1.258358 1.114058 1.152610 1.059149 0.839136 1.051268 0.981854 1.169443 1.062825 0.795995 0.924907 1.080471 0.996536 1.252860 0.881754 0.840759 
1.238351 1.247762 1.098801 1.144484 1.044418 0.827977 1.200948 1.171807 0.893554 1.058658 1.083043 0.900653 1.080172 0.999040 1.214927 1.165711 0.795166 0.857278 1.080669 1.122414 0.837904 1.145053 1.121665 1.066416 
1.187915 1.253977 1.045901 1.148831 0.921096 0.995958 1.045683 1.172990 1.084445 1.048659 0.826129 0.942220 0.956475 0.998218 1.045641 1.162973 0.796619 1.098331 1.127688 1.120875 1.034406 0.916513 1.085163 
1.153506 1.245617 1.047553 1.139213 0.796252 0.859577 1.216531 0.940957 0.804015 1.027286 1.181296 0.946984 1.249789 1.178157 0.879757 1.126288 0.887703 0.987911 1.115209 0.803709 1.125699 0.822704 0.947592 1.016074 1.218087 0.850330 1.141780 0.911871 1.101329 0.952702 
0.810291 1.238460 1.034183 1.131196 0.975220 0.857095 1.078892 1.129370 0.814890 0.992702 1.040246 0.906697 0.840028 1.147294 0.877967 1.187091 0.892887 1.036400 1.088641 1.112316 1.064848 0.904964 1.218405 1.213625 0.953114 0.887127 1.071137 1.195907 1.032935 0.859807 
1.171366 1.239971 1.049162 1.148917 1.107571 1.135790 1.000324 1.159213 0.795556 1.028837 0.834452 0.842078 0.975947 1.143505 1.089563 0.861834 1.111897 1.007709 0.917560 1.232361 0.904814 0.845014 0.801151 0.951083 0.967695 
1.147870 1.234035 1.041377 1.123887 1.035931 1.243977 0.965484 0.841742 0.797645 1.024177 1.154148 0.959647 1.058436 1.022375 1.092892 0.920795 
1.144324 1.237986 0.829336 1.123719 1.061825 1.230320 1.129704 1.006806 0.795869 1.010033 1.214886 0.921247 0.997233 1.130099 1.104661 1.093712 0.874314 1.186658 1.065224 0.956758 1.125025 0.993208 1.118194 1.146885 
1.141302 1.248848 0.967383 1.122879 1.092411 1.230320 1.214231 1.109465 0.795353 1.023183 0.948716 0.914644 0.922691 1.202878 1.043323 1.148960 1.150197 1.046466 1.165862 1.089098 1.257081 1.102249 1.058675 
1.136301 1.233768 1.193959 0.897835 1.126289 1.230320 1.122857 1.098506 0.804688 1.043208 1.052820 1.059918 0.958936 0.864609 1.132909 1.111187 1.189744 1.028432 1.176421 1.058293 0.923970 1.018507 0.831634 1.053895 1.147643 
0.939931 1.239912 1.011530 1.152452 1.151110 1.231595 1.104599 1.096993 0.794991 1.010775 1.138731 0.975629 1.035886 0.857761 
1.022190 1.234282 0.937453 1.082998 1.126057 1.229615 1.103167 1.140412 0.795406 1.066785 1.104157 0.958266 1.006860 0.984302 0.867097 1.193709 1.137980 
0.860087 1.232949 1.024925 1.131030 1.144181 1.228149 1.071511 0.903815 0.795406 1.022749 1.038238 0.979645 1.039569 1.142680 0.875526 1.108213 0.923259 1.192962 1.087549 
0.932673 1.229244 1.028606 0.909902 1.129910 1.247474 1.061761 0.973768 0.797348 1.009212 1.142033 0.979045 1.007302 1.134082 1.118474 1.108010 1.045296 1.224965 0.860125 0.969624 0.926300 0.840575 1.130127 1.121589 0.863748 
0.925398 1.241304 1.197864 0.852040 1.181431 1.230822 1.119573 1.152742 0.808330 1.061382 1.128856 0.959306 1.230921 1.051646 1.069832 1.172167 1.112487 1.147974 0.834915 1.049920 1.256941 0.978913 
0.980997 1.250673 0.839502 0.957489 1.160289 1.240238 1.102255 1.158547 0.796007 1.039599 0.814430 1.188665 1.168333 1.031440 1.205481 0.807943 1.132635 1.056890 1.079982 0.980259 
0.968606 1.242921 0.913554 1.237358 1.148599 1.236912 1.069289 1.067480 0.798226 1.033321 1.021499 0.984001 1.232607 1.041068 0.815529 1.133283 1.180181 0.839923 1.149225 1.106663 0.956847 1.122853 1.217989 1.206314 
1.245186 0.999131 1.138930 0.816574 1.145182 1.238686 1.089464 0.983834 0.810928 1.048517 1.208612 0.882317 0.794371 1.040205 1.126105 1.042977 
1.115823 0.841222 1.021254 0.896659 1.155515 1.242617 1.003646 0.977814 1.087213 1.033515 0.843744 0.862431 0.795473 1.152711 1.130068 1.034040 1.067615 0.797974 0.918267 0.934405 
1.084514 1.172300 1.049345 0.971631 0.960453 1.254794 1.165305 0.969935 1.118860 1.041076 0.855472 0.907021 0.804658 1.162960 0.812021 1.026899 1.093626 0.834386 0.794391 1.176059 0.896037 1.111457 1.160320 
1.108849 1.139580 1.136481 0.905737 1.034294 1.242957 0.992304 0.989436 1.104192 1.045860 1.149453 0.928185 0.816460 1.163692 1.014053 1.196427 1.216030 1.022203 0.968970 1.182957 1.057409 1.092261 1.192768 1.003244 1.148852 1.236192 
0.963408 1.147513 1.084817 0.887888 1.110866 1.242373 0.905326 0.990909 1.092021 1.047649 1.149453 0.891575 0.797186 0.858393 0.907730 1.067770 1.174043 0.994174 1.123922 1.183957 1.194087 1.184106 1.120206 1.070291 
0.944769 1.132783 1.088170 1.042314 1.055405 1.241342 1.051290 0.968953 1.039796 0.860862 1.151935 1.150984 0.804105 0.932969 0.849818 1.206328 0.822640 1.155507 1.103333 1.193423 1.119038 0.810206 0.855431 1.086166 
1.095466 0.886180 1.093208 0.903663 1.061086 1.251356 1.113943 0.996541 1.169481 1.196325 1.176060 1.047452 0.814299 0.838311 1.054922 1.164507 1.159467 1.226750 0.937540 1.119207 1.050007 
1.042387 0.914725 0.975628 1.141622 1.191947 1.078022 1.041094 0.967319 1.161013 1.088944 0.805002 1.001642 1.111114 1.240350 1.118912 1.176885 0.902893 0.832864 1.131471 0.847065 
0.913339 1.168397 1.159808 1.146759 1.152638 0.963509 1.030832 0.983442 1.167683 1.094902 0.805109 1.248886 1.036732 1.255017 0.912677 1.250564 1.094297 0.929136 1.067955 0.976933 
1.205713 1.040513 1.163462 1.138858 1.253917 0.839972 1.040596 0.991346 1.161866 1.116964 0.797032 0.967783 1.137665 1.143652 0.896102 
1.062468 1.190928 0.966060 1.147557 1.255007 1.096650 1.044239 0.989253 1.161866 1.138193 0.803407 1.083219 1.143124 1.026441 1.061210 1.115526 0.812500 0.814837 1.187120 1.258787 0.901653 1.136368 
1.160040 0.931301 0.879606 1.142350 1.250150 1.048870 1.024507 0.985623 1.055513 1.115922 0.800766 0.885817 1.138266 1.162857 1.208824 0.795265 1.151967 0.816482 1.217886 0.993167 
1.056012 1.029149 0.847726 1.141181 1.251541 1.065224 1.017538 0.972792 1.057133 1.109419 0.822459 1.192050 1.162964 1.162440 0.993700 1.192950 0.826336 1.008717 0.873162 1.102332 0.853297 1.198973 
1.111763 0.849177 1.135976 1.137506 1.250073 0.884588 1.064627 0.972123 1.047016 1.007939 0.798683 1.157695 1.208507 1.171027 1.115958 1.070004 1.130294 1.194097 
1.126651 1.152747 0.874800 1.168463 1.258220 0.884800 1.053975 1.133796 1.056015 1.116602 0.810324 1.175099 0.974170 1.006337 1.100662 1.177982 0.965958 1.055802 1.173727 
1.189445 1.051850 1.130632 1.156114 1.251014 0.884728 1.024871 0.845430 0.917659 1.108840 0.798873 1.160795 1.016612 1.166640 1.200838 0.979763 1.179854 0.891761 
1.190170 1.047821 1.108503 1.141851 1.252425 0.927111 1.056052 0.943341 1.087695 1.098358 0.795676 1.165166 0.998453 1.123723 0.917998 1.080672 
1.043267 1.046615 1.088369 1.145119 1.251770 0.958595 1.023496 1.039783 1.180384 1.085251 0.795533 1.236491 0.975820 1.185330 1.154636 1.095066 1.098081 
1.055098 0.964281 1.172586 1.162080 1.251367 0.909331 1.066665 1.003521 1.009130 1.106157 0.797897 1.195772 1.237380 1.033562 1.185259 0.944989 
1.077735 0.972177 1.131037 1.141665 1.245466 0.947358 0.988813 0.996953 1.251867 1.103924 0.801769 1.199891 1.052415 1.061368 1.163308 0.828271 0.918279 1.175169 1.142627 0.998451 1.226793 1.014461 0.931039 1.142047 1.178426 1.194681 0.947766 1.058148 
1.092707 1.088310 0.896154 1.148561 1.257640 0.948583 1.176482 1.001200 0.983798 1.105487 0.800984 0.894590 1.052415 1.050937 1.163308 1.176765 0.952590 1.148226 1.161069 1.071366 0.879152 
1.102479 0.806154 1.086011 1.149182 1.251391 0.930224 1.159954 0.992916 1.039394 1.101954 0.799981 1.159002 1.051958 0.862697 
1.120055 1.000879 0.899227 1.156050 1.251352 1.225700 1.157614 0.988830 1.046754 0.858528 0.794592 1.156353 1.052850 1.062557 1.223556 1.230402 1.119296 1.113658 1.027607 1.212044 1.031604 1.113104 0.818427 
1.101519 1.124964 0.852955 1.137493 1.251352 0.922139 1.162230 0.996563 1.048305 1.023846 0.797374 1.037025 0.829184 1.006416 1.166537 1.079890 1.094080 
0.924290 1.063853 1.008099 1.141916 1.250961 1.117720 1.158373 0.995211 1.057965 1.133563 0.796126 1.030852 1.185079 0.856526 1.066422 
0.919757 1.063182 1.136785 1.125338 1.252081 1.258916 1.165928 1.110678 1.122327 0.960251 0.808824 1.065897 1.029152 1.170580 1.169651 1.252754 1.179723 1.149834 0.990753 
0.898312 1.106241 1.050622 1.173438 1.243005 1.124541 1.165928 1.041034 1.128289 0.969352 0.805669 1.016761 
0.920767 1.147716 1.051882 1.195733 1.250674 1.144606 1.155679 1.031632 1.107393 1.000576 0.794747 0.860212 1.086612 0.944898 1.107953 
0.931163 0.977153 1.047264 1.092023 1.238199 1.133186 1.146101 1.048187 1.170586 1.106357 0.807079 0.911053 0.981004 0.809558 0.915708 0.858355 1.067066 0.811179 
0.843507 0.993394 0.964980 1.258299 1.238199 1.135788 1.146101 1.232085 1.177428 1.051617 0.804161 1.097988 1.046931 0.912522 1.078475 0.996209 0.800759 0.795759 
0.846856 0.982631 1.034336 0.926692 1.229191 1.133953 1.151378 1.145292 1.145330 1.041181 0.796643 1.076313 1.049626 0.907555 1.102966 1.196478 1.221641 1.195810 0.970417 
1.163059 0.973255 1.034035 1.119346 1.225133 0.857792 0.888291 1.140039 1.116746 1.030362 0.797501 1.067379 0.972951 1.052131 0.938114 1.127263 1.140532 0.851117 1.029249 1.128730 0.902916 1.183642 
0.925096 0.968595 1.032446 0.999137 1.228459 1.181241 1.031492 1.246770 1.168962 1.115209 0.802282 1.052127 1.088021 1.111438 1.133879 0.865428 1.102672 1.247933 0.984493 
1.159673 0.968121 1.042342 1.133228 1.224344 0.996232 1.034048 1.181738 0.836188 1.112469 0.800589 0.902851 1.065649 0.832665 1.200978 1.167370 0.877886 0.962553 
1.076250 0.975274 1.002673 1.140766 1.221198 1.119397 1.038016 1.053259 1.022163 1.127863 0.814613 0.949288 0.927289 0.861272 1.103433 0.857444 1.132719 0.808931 1.084627 1.231259 
1.107640 0.966075 1.029051 1.138054 1.216928 0.908943 1.032753 1.000833 1.173744 1.103709 0.806019 0.955514 1.102469 0.801444 0.845210 1.041818 0.931158 1.148635 0.863393 
1.098354 0.981518 1.019661 1.016665 1.232873 0.805832 1.167656 0.882475 1.142876 1.135608 0.795607 0.797113 1.155066 1.039191 1.064529 1.210047 0.840117 0.954881 0.967129 1.145735 0.914870 0.812249 
1.101723 0.982424 1.025579 1.107465 1.239930 1.135485 1.161311 0.895715 1.176077 1.136876 0.798540 1.067064 0.861870 1.050918 1.002067 
1.081573 0.970250 1.048084 0.812321 1.254233 1.053142 1.157826 0.903990 1.175947 1.134436 0.901300 0.834271 1.104698 1.175186 0.947915 0.934821 1.130582 1.038306 0.821060 1.071981 
1.077909 0.976384 1.075602 0.812663 1.246107 1.044258 1.157303 1.178611 1.117571 1.132278 0.856686 0.908633 0.935892 1.208797 1.187734 
1.103748 0.894351 1.025541 0.798143 1.246199 1.063302 1.151761 1.079791 0.890913 1.132355 0.922529 1.181106 0.975628 1.042165 1.063272 1.032130 0.805277 1.258339 
1.099106 0.851465 1.021434 0.801110 1.238529 1.222122 1.151761 0.952360 1.145279 1.153565 1.239046 0.937999 0.989782 1.046367 0.948347 1.078344 1.073638 1.085441 0.883446 0.818659 0.923233 
1.042187 1.177217 1.035815 0.798475 1.238529 1.130460 1.140618 1.161334 0.961246 1.143866 1.190858 1.076515 0.976696 1.060493 0.910021 1.079560 0.906902 1.024446 0.986502 0.826841 1.204244 1.045899 1.144128 0.972453 1.123125 
1.178393 1.056233 1.024740 0.797527 1.237089 0.983687 1.155838 1.084499 0.871885 1.127245 1.241982 0.986655 1.166757 0.810898 1.137292 0.890345 1.103330 
1.009597 1.030046 1.009272 0.800404 1.238828 1.144847 1.149878 1.085881 0.870186 1.131622 1.029410 1.134253 0.966936 1.024834 1.011311 0.911653 1.023275 1.048541 1.120723 
1.211563 0.907270 1.037318 0.794480 1.226340 1.177439 1.151564 1.124805 0.909476 1.108472 1.029037 0.985438 1.072623 0.808742 1.152539 0.943360 1.043289 1.160264 1.122881 
1.094203 1.156412 0.993261 0.806258 1.236974 1.024256 1.119123 1.239524 0.894363 1.115384 0.993930 0.876461 1.138044 1.123511 1.137672 0.947786 0.829321 0.835520 1.043451 1.123783 
1.086142 0.823818 1.207314 0.795347 1.234159 1.091006 1.146066 1.167361 1.025296 0.983931 1.132017 1.036460 0.839983 1.049324 1.132142 
1.070761 0.927425 1.253896 0.809674 1.219797 1.055174 1.142849 0.968251 0.935156 1.019563 0.933081 1.007144 1.075218 1.124818 0.880036 1.049543 0.798879 0.815033 0.908274 1.234217 1.034152 1.166221 1.015110 0.969705 0.989454 0.927230 
0.862759 1.104554 1.106432 0.796955 1.237593 1.000503 1.195941 0.993569 0.915854 0.984676 1.046688 0.947899 0.858279 1.123107 0.959955 1.077214 0.869267 1.128855 1.020931 1.157812 1.048866 1.151625 1.146105 0.882753 1.044269 
1.140263 1.144590 1.102439 0.804371 1.249764 1.023187 1.044608 0.973751 0.909557 1.126006 1.155485 1.151625 0.981518 1.125109 1.112054 1.113416 1.058119 0.882524 
1.110187 1.053768 1.000957 0.799865 0.811204 1.029657 1.055418 0.991944 1.088427 1.026682 0.927072 1.153690 1.105070 1.156669 1.010782 1.236320 1.182218 0.830292 1.025397 0.869009 0.857887 
1.255068 1.214884 1.214208 0.826785 0.854714 1.063934 1.035189 1.121328 1.128252 1.016001 1.254292 1.178618 1.105347 1.157193 1.106499 1.258409 0.991876 1.200555 1.046507 0.927026 0.827087 0.858371 1.215242 1.068612 0.911837 0.803729 0.868976 1.133418 1.169154 
1.207311 0.843195 0.886027 0.804875 0.875714 1.057600 0.963132 1.093423 1.256128 1.009086 1.254292 1.175011 1.133377 1.138677 1.202676 1.055935 1.006986 1.046445 1.108775 0.927860 0.873440 1.058570 1.084803 
1.161753 0.951665 1.056933 0.797424 0.989311 0.977813 1.128627 1.101423 0.960249 1.052219 1.254292 1.197655 1.176982 1.141781 
1.197778 1.164758 1.049106 0.799757 0.973902 1.003493 1.078498 1.124627 1.174697 1.077205 1.248743 1.103510 0.905946 1.124812 1.170211 1.232262 0.848309 1.187226 0.939057 1.117471 
0.933230 1.143901 1.040895 0.797342 0.976458 1.175057 1.164250 1.097558 0.974194 1.042169 1.257558 1.206961 0.864664 0.943915 1.167094 1.110782 1.115001 0.897135 0.962470 1.060172 1.053122 
0.964199 1.187377 1.104161 0.797342 1.012146 0.835074 1.164250 1.130385 1.246752 1.091374 1.256940 0.958921 0.934336 0.932323 1.168191 1.128031 0.990081 0.917100 1.200811 1.067292 1.170183 1.184838 0.986733 
1.151659 0.919072 0.942689 0.808325 0.901955 0.981426 1.173343 1.100879 1.105738 1.044383 1.256940 0.901052 1.017882 1.181106 1.172024 1.133193 1.207955 1.176102 0.932350 1.051409 1.239323 1.057386 1.126611 1.249583 
0.939712 1.124952 1.249520 0.827166 0.897938 1.144501 1.172338 0.860435 1.004509 1.099334 1.252628 1.050170 1.109682 1.176750 1.169627 1.222801 
0.908063 1.130698 1.081128 0.799991 1.179302 0.827204 0.987561 0.985836 1.171336 1.077233 1.252628 1.053049 1.126477 1.166590 1.142920 0.962530 1.062126 
0.878120 1.061541 1.099979 0.796152 1.157324 1.028573 1.105511 0.986508 1.180816 1.057571 1.252628 1.171778 1.193986 0.830708 1.104048 1.083606 1.116955 1.054083 1.216414 1.256875 
0.897992 1.163254 1.128725 0.797162 1.155086 1.161751 1.178926 0.976231 1.078136 1.040904 1.252628 0.799982 1.138776 1.045349 0.861963 1.172423 0.810550 1.103957 0.927158 1.009601 0.968247 0.970567 1.049867 
0.915115 1.172125 1.133082 0.798021 1.155566 1.071426 1.059187 1.015887 1.157784 1.060782 1.254937 1.109303 0.916238 1.044697 1.007104 
1.069761 1.203726 1.132576 0.795641 1.161402 0.837399 0.999976 0.970234 1.195925 1.075837 1.254613 1.188660 0.926176 1.114667 1.150568 1.134182 1.097477 1.121298 
1.061189 1.150062 1.116441 0.808810 1.143190 1.164139 0.923554 1.010214 1.036210 1.070288 1.256028 1.184751 0.947247 1.186508 0.803483 1.140317 0.845573 0.910366 
1.135927 0.925111 1.142459 0.805670 1.156942 1.181694 0.949217 0.920405 1.064976 1.071219 1.256028 0.992975 1.160006 1.110713 1.027753 
1.186528 0.930793 1.103478 0.809739 1.154678 1.170284 1.110058 0.982366 1.142939 1.046013 1.256028 0.880383 1.045167 1.162177 1.155956 1.216003 1.041892 1.073804 0.897158 0.897278 1.021778 0.819527 
1.157855 0.874278 1.084136 0.796994 0.892738 1.181607 0.826795 0.999512 1.184356 1.060974 1.243319 0.917839 1.024856 1.161346 1.061106 1.110937 1.137631 1.069433 1.039367 
1.164549 1.035366 1.102039 0.800324 0.901911 0.823832 1.149687 0.976261 1.206429 1.027264 1.246883 0.924122 1.162342 1.161346 1.147341 0.951252 1.191409 1.096046 1.124160 0.839206 
1.161142 1.145239 1.093966 0.799957 0.997091 1.129742 1.142800 0.989038 1.202827 1.059838 1.243435 0.873534 1.115590 1.230789 1.119322 1.054468 1.196625 0.798770 0.965828 1.251001 1.160518 0.795761 0.814854 0.958158 0.970850 
1.157502 1.163439 1.110650 0.808553 1.212106 1.214227 1.056104 0.991278 0.913813 1.044611 1.258471 1.164169 0.821597 
1.149007 1.109077 1.066024 0.800366 1.180248 1.146556 1.056104 0.988235 0.880136 1.026804 1.258471 1.165779 0.866538 0.896944 1.171490 0.796826 1.102111 1.139654 1.192742 0.902985 
1.160121 1.127744 1.132059 0.799969 1.194155 1.063721 1.092568 1.007131 1.035785 1.086951 1.258803 1.172734 0.913499 1.058244 0.895988 
1.153119 0.909195 1.035135 0.797007 0.876788 1.162114 1.098782 1.030701 0.927586 1.032014 1.254759 1.174290 1.122975 0.827703 0.913012 
1.156593 1.131125 1.048317 0.808910 1.010363 1.031264 1.074633 1.096057 0.930525 1.072586 1.256252 1.180818 0.997932 1.150669 1.215438 1.069430 
1.142894 1.174108 1.044943 0.796147 0.993909 0.819205 1.171282 1.213893 0.959798 1.058167 1.256252 1.116585 1.075739 1.186260 1.190390 1.173116 1.234924 0.962344 0.800347 
1.146643 1.037479 1.179194 0.801032 0.968229 1.182948 1.212089 1.010185 1.112195 1.065588 1.258503 1.174168 0.980257 1.173059 1.042826 1.020100 1.149753 0.867057 1.143997 0.816777 
1.153644 1.006684 1.061029 0.802111 1.091119 1.197689 0.934569 1.181712 1.126980 1.069178 1.248747 0.906976 1.026445 0.899037 1.175437 0.936297 
1.160561 0.977644 1.072627 0.799223 1.016246 1.171512 0.976771 1.033479 0.898621 1.069826 1.258880 1.050574 0.813862 1.131026 1.117573 1.180080 1.155445 0.976570 0.881879 0.858441 
1.147302 0.984758 1.069233 0.804573 1.140774 1.182166 0.904949 0.858185 0.810160 1.122155 1.257771 1.035196 1.145917 1.117424 1.184190 1.005895 1.190693 0.802516 0.876985 
1.118724 0.978533 1.042338 0.806148 0.797206 0.835111 0.896070 1.079396 1.170042 1.027979 1.257771 1.162082 1.143795 0.794822 1.195606 1.232005 1.092235 1.170914 1.022071 1.119621 0.868933 
1.020684 0.994756 1.203508 0.801069 1.122725 0.925965 0.985422 1.041623 1.137037 1.228157 1.243431 1.140830 0.992457 1.159458 1.145466 1.062823 0.795713 1.071115 1.052183 1.082374 
1.089634 1.000186 1.087983 0.795066 1.183993 1.160902 0.922667 0.914107 1.148755 1.198847 1.024196 0.809180 1.055941 1.162555 0.875227 1.031525 1.251256 1.141567 1.197611 0.953788 
1.025534 0.994822 0.891653 0.797544 1.250354 1.100980 1.122977 0.951891 1.148755 1.084406 1.054818 1.066084 1.170027 1.160223 1.150762 1.067120 0.937566 0.943188 1.097455 
1.059825 0.965600 1.039579 0.804090 1.248230 1.128230 1.060655 1.089695 1.145962 0.832991 0.814851 0.923106 1.135193 1.158654 1.122233 0.901712 0.902200 0.949045 0.989054 1.184907 1.183416 0.921931 0.924274 1.241958 1.084656 
0.951177 0.810108 1.048657 0.804402 1.256625 1.109052 1.041944 0.994506 1.193448 0.829877 0.837134 1.101501 1.140272 1.163711 1.173359 0.949869 0.910421 1.054515 1.243495 0.928353 1.181341 1.091727 0.925936 1.019251 0.914074 
0.940858 1.094283 1.041393 0.798278 1.256625 1.119716 1.010095 0.985046 1.146402 0.951739 0.808712 1.022431 1.194434 1.166470 1.069188 1.158514 1.085167 
0.924937 1.086273 1.088814 0.798278 1.258643 1.119750 1.166587 0.993140 1.145694 0.906208 1.046813 1.160854 1.220644 1.090636 0.938576 1.168404 1.189513 
1.088492 1.156757 0.922653 0.800331 1.253590 1.118419 1.244223 0.981756 1.146481 1.001519 1.137636 1.160854 0.874649 1.050593 0.836741 0.836890 0.991399 1.156575 0.920069 1.031607 1.242599 
0.973553 1.018941 1.067932 0.795385 1.241845 1.105654 0.927313 0.937619 1.117800 0.920004 0.897859 1.159841 1.249644 1.054914 0.863619 1.154209 1.188333 
1.092799 1.038230 1.020252 0.795389 1.242349 1.113514 1.217163 1.081175 1.135985 0.950646 1.051408 1.167095 1.010766 1.069977 0.796728 1.160793 0.866197 0.980187 0.865418 1.147017 
1.163760 1.075279 1.077276 0.795418 1.250243 1.012397 1.200263 0.990813 1.156804 0.910570 1.017086 1.178543 0.904060 1.004577 1.056498 1.054868 
1.196177 1.042732 1.154191 0.799376 1.250243 0.982900 1.208870 1.092256 1.135113 0.935606 0.852675 1.048016 1.047292 1.045846 1.156937 0.855807 1.192877 1.116514 1.042518 0.992834 1.153091 0.929005 
1.178737 1.045943 1.162328 0.799802 1.250243 1.146015 0.811512 1.115261 1.147855 0.915641 0.924986 1.049521 1.123464 1.015459 1.248201 1.219448 1.071168 0.870316 1.010628 1.124069 1.139652 1.209014 1.163532 
0.800386 1.032535 0.817182 0.820705 1.251905 1.114831 1.165589 1.111728 1.155691 0.973021 1.155300 1.065525 1.125198 1.020218 1.028832 1.019482 1.173733 0.815776 0.935933 0.802192 1.030712 
0.897079 1.065693 1.067970 0.796509 1.256264 1.030059 0.847696 1.149590 1.148962 0.928198 0.950936 1.117165 1.096702 1.167868 1.041444 1.000678 1.173733 
1.244767 1.115486 1.054838 0.809759 1.256264 1.169216 0.804775 1.000495 1.132261 0.964395 1.055787 1.167942 1.069274 1.038637 1.197612 
1.230257 1.093461 1.142354 0.800552 1.243354 1.159502 0.989961 1.030875 0.862621 0.846416 1.078469 1.198986 1.144660 1.014531 1.251465 1.174872 1.058603 0.975084 1.030593 1.232704 
1.255223 1.129844 0.968081 0.797423 1.188934 1.167840 0.987377 1.233422 1.080898 0.955682 1.062019 0.832966 1.144599 1.009188 
1.250819 1.093266 1.194879 0.795974 1.207900 1.167746 0.979854 0.837945 1.049979 0.941949 1.092811 1.084840 1.148035 1.116754 0.822929 1.111148 0.863251 0.905677 0.993015 0.805502 0.999881 0.931927 1.067733 1.163995 1.057965 1.038636 1.185495 1.059421 
1.257992 1.126511 0.854756 0.813554 1.051066 1.168186 0.882683 1.207141 0.838539 0.877493 1.061804 1.098580 1.159873 1.008456 1.049345 1.232393 1.103860 
1.253663 1.168128 1.049655 0.802326 1.130184 0.848936 1.192933 0.937985 1.111883 1.062433 1.029975 1.190038 1.138903 0.990753 1.161178 1.163424 1.046056 
1.250828 0.839223 1.054027 0.798277 1.162354 1.113831 0.879635 0.902398 1.103029 1.069828 0.996784 1.052697 1.144709 0.973929 1.161178 1.053641 1.160085 1.221915 1.021464 0.856534 0.915957 1.162319 
