147.055161 145.911938 144.638675 147.939735 145.708663 145.800537 146.220041 146.233248 147.538980 146.868933 146.948618 146.898623 146.762239 148.265235 144.966447 148.020899 146.324803 147.649671 145.113700 
147.055161 145.911938 147.772628 147.124125 146.389795 145.800537 146.220041 144.932364 147.612775 146.720430 146.948618 146.898623 145.151626 146.283055 145.641995 145.212145 146.771270 146.439789 145.858166 145.313615 146.136532 146.792148 
147.055161 145.847369 148.039910 146.229645 146.585791 146.013879 146.220041 145.551612 147.409506 145.076973 146.972264 144.718851 147.765313 146.875354 147.719248 145.653811 145.754874 146.041624 144.751258 145.972756 
147.055161 147.139003 145.138118 146.121840 145.954784 146.118238 146.423729 147.835249 147.409506 145.078368 146.972264 145.617310 145.754874 146.916974 147.378017 
147.055161 146.916974 147.581704 145.754874 145.954784 146.118238 145.325138 147.640012 147.288819 145.036344 146.972264 145.675758 147.799494 145.382098 146.019833 
147.055161 146.916974 145.453097 145.754874 145.954784 146.118238 145.429934 147.795244 147.288819 145.055331 146.632190 145.689682 146.834725 147.981863 147.087863 145.071576 147.809002 148.166766 
147.055161 148.327382 146.772405 145.754874 148.119620 146.118238 146.996984 148.227204 147.288819 145.055331 146.903598 148.095936 145.101445 147.810471 145.688205 146.000675 147.794811 145.889387 146.889011 147.883039 147.597665 146.291011 145.997863 
147.055161 146.243237 145.694199 146.051086 146.100801 146.118238 146.996984 148.374203 147.164953 147.371577 146.893191 145.213457 145.039896 144.980826 145.148156 146.219989 
147.055161 147.951095 145.694199 146.051086 147.407774 146.227384 146.996984 146.722357 147.164953 145.397531 146.893191 148.247356 144.839378 147.828763 145.670507 145.682609 146.665646 146.785459 147.674334 146.883411 146.775564 146.245954 145.312989 146.373809 146.128933 145.108365 146.144178 
147.055161 148.171252 145.824315 145.707528 145.982314 146.227384 146.996984 146.904683 147.095870 145.293720 146.951939 145.150368 146.002727 148.213734 145.541949 147.606543 146.140607 
145.986143 147.770042 145.824315 146.903515 148.090996 146.227384 147.011969 146.904683 147.095870 145.136385 146.951939 145.241557 146.779041 145.567390 145.336454 147.374314 145.850782 146.193885 146.120891 
146.025827 148.243068 145.824315 146.815924 148.384495 146.227384 147.011969 146.934979 147.095870 145.111762 146.951939 145.250127 146.442168 145.567390 146.924780 146.594975 145.209882 145.225227 145.730808 146.079389 145.642700 145.822113 
146.025827 148.006583 145.736962 146.908250 148.035677 146.227384 147.011969 146.934979 147.396335 145.189662 147.068960 145.250127 146.108763 146.423655 146.454221 146.353183 147.817643 146.582607 145.490385 146.413714 
146.506037 145.497302 145.736962 145.515061 146.315439 146.227384 147.106418 146.934979 147.232711 145.056662 147.068960 145.250127 148.039473 147.577408 146.143751 148.079846 145.494638 145.942312 145.794508 144.881386 146.249774 146.015394 147.074834 146.572969 146.717786 145.711422 147.270936 145.212427 146.950262 146.194252 146.735700 
145.026046 144.885033 145.760593 145.471395 145.425634 146.227384 146.853476 146.934979 146.105227 145.056662 147.068960 147.800553 148.283242 147.577408 146.072442 146.988309 145.171662 145.830898 145.824746 147.870458 
145.244356 144.713951 145.618698 145.556676 145.425634 146.227384 147.141262 146.934979 146.114863 145.168211 147.068960 146.497616 147.808693 148.182389 146.463231 145.180306 148.243681 147.021205 145.279369 145.701930 144.953735 146.358425 145.724268 147.601074 145.643860 146.186295 147.731771 146.390677 147.031195 148.108125 145.252787 146.670024 146.331542 
144.868115 144.713951 145.928317 145.856306 144.953735 146.299464 147.116028 147.864055 146.186295 145.814504 147.068960 148.054583 146.345795 147.601074 148.192156 146.964586 145.522471 146.784799 147.714553 146.546822 146.564194 146.277097 146.237049 
145.942991 144.713951 146.964586 147.581202 144.953735 146.299464 147.021603 146.555742 148.211209 145.819349 147.068960 146.123861 148.054679 147.650376 146.124465 148.036704 146.048125 145.576582 147.885212 145.953440 146.410106 146.991071 145.952036 
147.408321 145.208437 146.964586 146.048125 146.709750 146.333520 147.312426 146.710179 147.019452 145.819349 147.068960 146.022808 145.422469 146.612829 145.393451 
147.408321 145.035219 146.964586 146.018268 147.982503 146.764440 147.261061 145.199441 146.865421 145.772707 147.068960 146.085066 145.652723 146.520288 148.280447 146.447846 145.771512 146.253109 145.792654 148.077071 146.330819 145.380769 145.069888 146.438416 
147.408321 146.363988 146.964586 146.018268 147.550262 147.816132 147.261061 147.054848 146.451835 145.772707 147.064230 146.085066 145.611080 145.306676 148.272360 147.169536 145.415687 146.883967 145.225450 147.004483 147.625913 147.027727 146.464431 
147.499100 148.100620 146.964586 146.018268 146.261359 146.389271 147.261061 148.225747 146.282728 145.772707 147.064230 146.085066 145.664346 144.998267 146.548372 145.910993 148.295270 148.295210 146.062626 146.786381 148.347815 
147.499100 146.141808 146.915237 146.163980 147.722963 146.212209 147.261061 145.821562 146.707369 145.772707 147.064230 146.085066 148.032202 145.054944 146.321569 146.839873 147.527277 146.546282 145.133569 145.842447 146.894780 144.994604 146.004500 145.063091 146.083493 146.305211 146.082784 146.225161 146.633706 147.286225 146.403837 
147.499100 145.616393 146.915237 146.163980 147.762106 145.418360 145.295109 145.564846 145.754712 146.661622 147.064230 146.085066 147.978960 146.058168 147.315871 147.132828 145.172053 145.487253 146.716474 147.224050 146.531445 145.665156 
147.498945 145.616393 146.968729 146.163980 146.649445 145.078549 145.841345 145.236676 148.119020 145.823545 147.064230 146.085066 147.978960 147.099132 146.017200 
147.543842 145.653553 146.898500 146.163980 147.042968 145.077890 145.515531 145.236676 147.947206 147.946646 147.064230 146.085066 147.978960 147.179532 146.192505 146.612840 147.458589 148.084929 147.617543 147.116325 147.308366 
147.543842 145.653553 148.316334 146.163980 145.502098 144.980299 145.419533 145.236676 146.404432 146.924563 147.064230 146.085066 147.594532 145.815424 147.250843 147.082904 145.455821 146.907423 145.907106 146.137148 
147.543842 145.653553 148.272279 146.163980 147.177780 146.921776 145.464793 145.152902 146.404432 146.924563 147.064230 146.082912 145.476444 147.450083 147.250843 147.955459 146.760906 146.711807 145.952174 146.290353 147.863152 146.574552 146.959892 145.240817 147.960203 145.239133 146.659875 146.273606 
147.543842 145.653553 148.084657 146.064970 144.996728 146.620831 146.790866 145.152902 146.391773 146.924563 147.064230 146.137120 147.863152 146.260151 147.222797 146.443018 146.426278 146.119848 146.677208 145.551081 146.354997 144.868013 
145.542470 145.721674 147.253326 146.064970 148.176862 145.241973 145.350063 146.159184 144.944318 146.950968 147.064230 146.044223 147.789413 147.655003 145.064368 146.365116 146.690239 
145.894666 145.721674 147.253326 146.064970 148.177892 146.396336 146.285648 145.039671 145.759561 146.950968 145.288148 146.044223 146.471485 147.572760 145.045988 145.953749 147.108384 148.090640 144.971063 147.366838 145.725990 146.061249 147.866505 147.732004 
147.602184 145.746565 147.172858 146.064970 144.977558 146.455763 145.911127 145.552146 146.477032 146.950968 146.581941 146.044223 147.589810 147.683364 148.255079 145.235987 147.108384 147.102413 146.963946 147.376819 147.530663 146.039548 146.740150 
144.807286 145.746565 147.955649 146.064970 144.816813 146.203580 146.079116 146.721572 147.108384 146.950968 147.884784 146.073838 145.183158 145.674884 145.866800 146.493779 145.731731 147.754325 147.138890 146.777493 146.715477 145.142354 147.392212 146.383512 146.209714 146.660689 145.495716 146.088133 146.326596 146.034485 
145.469304 145.746565 147.824620 146.064970 147.412498 147.355198 147.787868 145.874201 147.108384 146.950968 147.272851 146.073838 145.493243 144.903790 145.638497 144.772134 145.968763 146.565325 146.962603 146.684746 145.868047 144.818640 145.526683 147.943946 147.662560 145.922385 145.202087 146.734154 145.728030 145.430716 
145.676941 145.746565 148.146655 146.064970 146.526215 147.925593 147.756616 145.355623 147.108384 146.950968 146.880635 146.073838 146.154865 145.276734 147.064457 147.607164 145.944022 147.658806 146.091644 145.365629 145.183938 145.322930 145.975090 146.003667 147.591317 
144.651054 145.746565 148.241833 146.182155 145.944022 145.490023 147.606418 148.098985 147.108384 146.950968 145.522033 146.073838 147.917781 145.393075 146.872609 146.373589 
145.046377 145.746565 146.488861 146.182155 145.944022 145.490023 147.981799 146.933678 147.152699 146.950968 145.985206 146.078560 147.724081 145.382400 146.806877 146.748942 146.676959 146.179479 146.938352 146.829957 145.827021 145.924142 146.624432 146.722294 
144.926612 145.746565 147.925784 146.182155 145.964565 145.490023 147.947601 146.944891 147.152699 146.950968 148.108859 146.128111 147.640605 146.280341 146.903312 145.187682 148.224863 148.273578 146.163189 147.643730 145.812174 146.694163 146.371091 
144.872817 145.746565 144.698720 146.177001 145.964565 145.490023 146.480773 146.933724 147.152699 146.950968 144.793042 146.762723 147.640605 145.061106 145.273040 146.607493 145.925859 148.294472 145.420003 146.621424 146.738388 145.180552 146.855239 147.914224 145.368622 
146.390169 145.746565 147.768630 144.937476 145.964565 145.398496 146.417360 147.009095 147.152699 146.950968 145.391659 147.846379 148.279244 146.178656 
146.691467 145.746565 145.922292 145.138323 145.964565 145.398496 146.722653 145.430567 147.152699 146.950968 148.158727 147.671827 148.180501 145.358846 145.188045 145.601549 144.895438 
146.167686 145.746565 146.575334 145.367824 145.964565 145.398496 146.769085 144.969695 147.152699 146.925645 147.231351 147.671827 148.141828 144.895438 146.596464 146.352385 146.389079 146.103035 146.722011 
146.167686 145.746565 144.994116 147.672817 145.964565 145.398496 146.920792 147.633038 147.152699 146.925645 145.599865 147.563770 148.141828 144.875487 148.053683 146.352385 145.320898 145.554768 145.706661 146.616468 146.587652 147.698610 146.448226 146.083127 146.549826 
146.314456 145.746565 145.502605 145.345626 145.964565 145.481476 146.931529 144.825688 147.152699 146.925645 146.467527 147.682176 144.843619 146.784546 147.016750 148.098999 146.528008 145.246288 144.782395 148.273684 146.735028 145.604033 
147.679732 145.746565 145.034214 146.006306 145.964565 145.577189 146.941631 144.760454 147.152699 146.925645 148.293466 145.827855 148.244530 148.114343 146.179914 145.456611 146.475120 146.799014 147.833654 146.370506 
147.679732 145.746565 144.995858 145.502919 145.964565 145.577189 146.970319 145.268117 147.152699 146.925645 146.753079 146.007580 145.376535 148.070407 145.774367 145.613501 148.296833 145.840657 144.634998 145.846714 145.809601 146.322723 146.487839 146.501575 
146.297400 146.788709 145.386780 145.075211 145.032876 145.577189 146.991774 147.461010 146.671133 146.925645 145.459219 146.093970 147.108499 148.226837 146.228981 146.970096 
147.989622 146.561709 147.984124 145.106164 145.274311 145.577189 146.281591 147.482088 147.022366 146.925645 146.860411 146.093970 147.108499 145.615292 146.228981 145.788322 147.739232 146.233984 147.811865 146.613589 
146.144006 146.228981 148.331002 146.407566 146.521519 145.577189 144.856207 147.482088 146.906431 146.925645 146.615851 146.093970 147.108499 145.251014 146.808656 146.526946 146.947750 146.010660 144.887680 148.065364 146.269011 146.782116 145.512225 
147.406224 146.314697 146.043582 144.887680 146.913898 145.588918 146.637173 147.482088 147.043983 146.925645 144.913052 146.093970 147.108499 144.868427 146.486221 145.388480 145.739770 145.910927 146.247419 147.712073 147.999038 146.481203 146.214481 146.329615 145.337039 146.795223 
146.739406 146.314697 146.209580 145.161620 146.683225 145.633307 146.494062 147.354142 147.191223 148.131219 144.991715 145.938838 147.108499 146.524233 146.169164 146.987941 145.433230 146.281401 147.960740 145.509401 147.647967 146.864960 147.374852 146.860887 
145.683461 146.294986 147.061761 145.123910 147.062370 145.633307 148.057617 147.541984 146.972912 145.983287 144.916593 145.591199 147.108499 145.908418 145.929295 146.023007 145.093886 145.649816 148.018556 145.708261 146.642629 146.903962 146.093485 147.574511 
147.517144 146.301717 146.958888 146.462018 146.665296 145.633307 147.020426 147.541984 144.956836 146.529435 144.927935 146.953506 147.108499 145.936201 147.839433 145.700110 146.375537 146.356955 145.520752 147.109848 145.812134 
148.211522 146.275999 147.525944 146.375537 148.082276 146.313013 146.953506 147.368530 145.068303 147.100817 147.108499 147.628337 146.369377 145.637786 146.206632 145.333459 146.272386 146.129002 146.239137 146.516000 
147.961528 145.249634 145.545266 146.375537 146.742319 146.021264 146.953506 147.368530 144.931788 147.100817 147.108499 148.235801 147.711390 145.637786 146.530171 146.296186 145.933075 147.452678 148.158288 147.248276 
146.024746 147.444985 146.707112 146.375537 145.670826 146.021264 147.007422 147.368530 144.931788 147.142026 147.108499 144.884510 146.623303 147.561091 146.342778 
148.036199 145.653580 146.187931 146.375537 145.670826 147.027305 147.007422 147.412067 144.909819 147.034528 147.108499 146.932907 147.977275 146.712213 147.852118 146.814681 146.689095 145.617515 146.590239 145.547923 145.851199 146.881068 
148.135822 147.684345 145.902538 146.327497 145.625515 147.095732 147.007422 147.457484 148.290759 147.034528 147.108499 146.706212 145.265684 144.865582 145.770225 147.640121 144.865186 146.654084 145.693555 148.098108 
146.932058 146.956259 145.987101 146.343752 145.625515 146.131221 146.964080 147.457484 148.056281 147.079988 147.108499 148.268423 145.552527 145.205248 145.172965 146.205929 146.195155 146.090210 146.706353 146.882459 146.281931 146.536503 
146.176820 146.290449 147.144132 146.379430 145.625515 146.002150 146.964080 147.457484 148.183873 147.079988 147.108499 147.383122 145.493290 145.047567 146.307433 146.291423 145.338570 148.125027 
146.118387 146.165275 144.858998 146.367183 145.625515 146.033342 146.964080 146.688619 148.107807 147.079988 147.108499 145.127218 147.278896 145.124885 147.050337 145.542289 146.347395 146.411614 145.899802 
145.705323 148.235647 147.077887 146.367183 145.625515 145.917276 146.964080 146.785591 145.493822 147.099494 147.136152 145.078385 147.278896 148.103453 146.710492 147.168841 146.469406 147.143098 
145.733907 148.188557 147.893846 146.367183 145.625515 145.981096 146.964080 145.072973 147.329001 147.099494 147.136152 145.137251 147.465636 146.523677 146.573960 146.913774 
145.800888 147.864848 148.182677 146.367183 145.625515 145.981096 146.964080 145.072973 145.965594 147.057315 147.136152 146.151319 147.465636 147.476831 144.677610 146.968097 146.295964 
147.912934 146.174874 145.257821 146.453365 145.561110 146.023443 146.969390 147.478659 145.153685 147.057315 147.136152 145.596461 147.790005 148.135675 145.785743 146.414827 
147.904427 147.059433 145.935838 146.453365 145.561110 146.192447 147.760296 147.478659 146.511669 147.173273 147.136152 145.689832 147.754393 146.937885 144.947054 147.531900 145.982455 146.230532 146.467694 146.468399 144.762141 146.364722 145.665739 146.343331 145.406463 146.694243 145.779129 148.314629 
147.082826 145.802709 147.943522 146.453365 145.558652 146.192447 145.667176 147.438900 146.019893 147.856687 147.136152 146.538219 147.833752 146.955554 144.815152 146.517865 146.885336 145.559374 145.601341 147.536266 146.303572 
146.964118 145.770477 146.562502 146.453365 145.509494 146.192447 144.962552 147.438900 146.955554 147.862938 147.136152 145.567293 147.967552 147.714710 
146.946116 147.002088 145.965361 146.489810 145.598366 146.264298 145.046235 147.438900 146.955554 147.013052 147.136152 145.918492 147.967552 146.997148 148.216802 144.994815 146.469820 147.105772 145.840547 148.207107 147.860202 146.609892 146.246628 
146.946116 147.983447 145.887299 146.479366 145.485394 145.945451 145.046235 147.438900 146.955554 146.851960 147.136152 148.121081 145.441316 147.002398 145.523109 146.672944 148.123683 
146.149535 147.914235 146.750892 146.479366 145.409340 147.119941 145.102327 147.438900 147.030650 147.027303 147.136152 147.007284 145.856665 145.751066 146.134212 
146.149535 147.880326 145.891742 146.418291 145.409340 145.222791 145.007147 146.702656 147.030650 147.579340 147.136152 147.007284 148.021235 145.373550 146.372589 146.833495 146.177241 146.600766 146.758408 
146.149535 147.743766 148.232115 145.999174 145.331448 146.587106 144.991211 146.302410 147.030650 147.355177 147.136152 146.967311 
146.127795 146.413562 147.827445 146.107672 145.331448 146.459594 145.141903 146.967311 147.065274 147.392646 147.136152 146.866480 146.901363 145.890039 146.880893 
146.244078 147.763234 147.860979 147.645237 145.331448 146.483524 145.043576 146.945773 145.779384 146.844327 147.136152 146.254515 146.434088 146.286182 145.749732 145.796541 147.547852 146.344651 
145.918034 147.715524 147.922663 145.527528 145.598694 146.483524 144.844421 146.517819 145.571897 147.914037 147.136152 147.025032 147.661941 146.135354 148.307316 146.991744 145.611010 146.384788 
148.055060 147.715524 146.991744 145.701184 145.416576 146.483524 144.788493 145.837726 147.881607 148.229085 147.136152 147.025032 147.098655 146.135354 146.640169 146.169236 146.386288 145.607604 146.563754 
145.300864 147.684587 146.991744 146.535670 145.416576 146.343629 146.122400 148.109260 145.513633 148.103564 147.136152 147.031253 146.355706 148.061389 145.751063 147.838607 144.695591 146.373488 145.329579 148.304038 145.249000 148.000415 
146.076429 147.629463 146.991744 146.154275 145.270753 144.566186 148.166772 147.912236 145.914588 146.649114 147.136152 147.031253 146.848520 147.994419 144.777202 148.081123 146.074487 146.636993 146.213725 
147.581766 147.629463 146.991744 144.784442 145.270753 145.924949 147.780046 146.283147 146.750442 146.649114 147.136152 146.535810 146.897705 146.423714 145.754268 145.590280 145.557804 146.668055 
147.088829 147.629463 146.991744 145.005640 145.379349 145.708661 148.290240 146.348097 146.049364 146.649114 147.136152 145.973556 146.128397 144.926670 146.237771 145.089065 147.790802 146.117928 146.780740 146.421273 
147.088829 147.512251 146.946142 145.423984 145.465643 146.276195 147.846029 146.671003 145.793348 146.596454 147.136152 145.963380 148.301611 146.018162 146.400750 147.614924 145.906744 145.280915 146.841457 
147.094546 147.485446 146.946142 147.113206 145.465643 145.127240 148.004893 146.147618 145.821586 146.546300 147.136152 146.428231 144.768162 148.009384 145.403317 144.959816 147.020693 146.652195 146.979403 146.959960 147.799890 145.779733 
147.094546 147.485446 146.964032 147.588340 145.465643 146.556367 144.754467 146.139929 145.549708 146.646577 147.136152 147.733977 145.393721 147.470216 145.490950 
147.112514 147.454200 146.964032 147.136152 145.465643 148.211184 144.945995 146.139929 145.734914 146.560314 146.896989 145.896454 146.739605 147.604301 145.895180 147.199492 147.699735 147.228116 146.631728 148.157527 
146.976224 147.454200 146.964032 147.013603 145.423561 148.211184 145.086828 145.211416 147.708853 146.560314 146.358348 146.769876 146.354116 147.840804 145.260032 
146.962607 147.334286 146.964032 147.013603 145.353470 148.066667 144.948656 147.187027 146.855393 146.560314 146.381267 146.128834 147.489976 147.544645 146.481563 148.039986 147.454020 146.902667 
147.017288 147.047713 146.964032 147.013603 145.512919 145.965604 144.956047 146.028723 145.967027 146.560314 145.239417 146.175242 147.489976 147.544645 146.020698 146.140112 147.199678 148.056332 147.068396 146.797222 147.304242 
147.912656 145.869320 146.964032 147.013603 145.512919 146.718955 144.883146 144.924410 145.820109 146.560314 148.154755 146.710854 147.489976 147.395433 146.900224 147.038707 146.574680 147.046600 146.895693 147.707492 145.921119 145.875223 148.333115 147.539004 146.057712 
145.660257 147.513683 146.964032 147.220397 145.512919 147.489976 144.969456 147.331318 146.080362 146.560314 146.354048 146.367428 144.904748 145.723854 147.584373 147.539970 146.820643 
147.031023 148.312965 146.984003 147.220397 145.512919 145.796410 144.998793 147.331318 145.882579 146.560314 146.573739 146.227636 146.756974 147.099786 147.840674 146.636075 146.974555 145.854837 147.806123 
147.790535 145.603118 146.984003 147.220397 145.512919 145.871474 144.993239 147.068738 146.324727 146.560314 148.043738 147.357897 146.851604 146.572144 146.567195 146.203442 147.799496 147.908059 146.637932 
146.980484 144.943347 146.984003 147.220397 145.512919 148.041970 146.900050 147.220497 146.324727 146.560314 147.548917 146.821944 145.510303 146.781624 146.567195 147.836888 146.447691 147.171382 147.069240 147.749417 
146.775885 148.295269 147.998729 147.217087 145.410024 146.998351 144.813959 145.780195 146.249063 147.799045 146.277007 148.023771 147.016599 146.730683 146.567195 
146.949658 145.369323 146.646360 147.217087 145.593783 146.998351 144.635141 147.448845 146.220413 148.114964 146.850300 146.480119 147.999693 146.432673 148.279212 147.145282 145.995499 146.580123 146.360046 148.132265 146.736393 145.573415 146.280813 145.847208 146.073912 146.248770 
147.060340 148.122392 146.745910 147.217087 145.593783 147.013627 144.830123 147.725380 146.184139 146.468226 148.224748 146.209757 146.261360 146.432673 147.948410 147.172399 145.685052 146.570560 147.535839 145.415873 148.271209 144.786377 145.430862 147.788649 148.210701 
146.977647 145.550345 147.167249 147.217087 145.591016 147.082948 148.173331 147.528787 146.098827 145.391538 147.659309 144.750616 145.459423 146.432673 146.739108 145.270822 147.925957 145.554287 
146.550324 148.202900 148.114603 147.247470 145.896056 147.082948 146.710463 147.528787 146.886398 147.691655 146.184672 145.200955 147.908834 146.432673 147.882923 145.538839 145.264810 146.373906 146.498352 146.133526 146.425493 
146.183416 145.883545 144.969560 147.247470 147.511901 147.082948 148.156246 147.201613 146.956960 147.495044 145.538839 144.734926 146.825502 146.432673 148.171067 147.842500 147.956940 146.116069 147.885058 146.027320 147.939955 146.568895 144.897084 147.046812 146.962552 146.929871 146.489085 146.726041 145.038830 
145.878076 148.352415 146.646761 147.247470 146.509490 147.082948 144.907718 147.201613 146.330685 147.567125 145.679082 144.822640 148.255329 146.323300 145.403830 147.013325 147.405823 147.978240 147.199101 146.129849 146.820888 147.509370 146.452012 
144.996751 145.698112 148.215400 147.247470 147.405823 146.542502 144.907718 147.199101 146.009375 147.237397 145.630477 145.520480 146.502395 146.232102 
148.155952 144.880185 148.073459 147.247470 147.405823 145.060041 145.966002 147.199101 145.124782 147.237397 145.630477 146.469871 146.056406 146.552673 146.235562 144.706634 146.837754 146.010121 146.635360 147.907174 
145.056093 147.974814 148.005540 147.247470 147.610893 145.427425 144.849983 147.199101 146.133899 147.237397 145.630477 145.264440 146.056406 146.593295 146.129973 146.361501 145.762029 146.622458 147.933967 147.947837 148.159571 
146.006338 147.583935 146.441560 147.247470 147.610893 147.618245 145.094056 147.018749 146.592449 147.237397 145.630477 147.225750 146.056406 146.929484 146.129973 146.361501 145.535472 147.493673 146.400002 147.689081 145.350032 145.104884 146.084521 
144.769764 147.132263 146.244061 147.247470 146.208423 147.280581 145.165383 147.018749 146.820210 147.237397 145.630477 146.603724 146.067212 145.880558 146.129973 146.361501 146.545881 144.861893 146.206276 148.237608 146.981522 148.222943 146.569135 148.121124 
146.011691 148.341665 146.456332 147.247470 146.531165 146.361501 144.970298 145.882466 147.707659 147.237397 145.630477 148.150626 147.059182 145.896395 146.288480 146.551922 
146.079285 148.132650 146.017971 147.247470 146.348864 146.366643 146.271835 147.346106 144.988665 147.237397 145.680334 148.126009 147.095518 145.582048 146.364826 146.763625 145.251229 
146.079285 146.168833 147.095518 147.247470 146.237145 146.247760 146.537512 147.346106 145.218406 147.237397 145.680334 145.568049 146.533606 146.720787 147.075112 146.371400 145.946170 148.180124 144.825289 146.621313 
146.079285 145.149825 147.095518 147.247470 146.237145 145.939123 145.293840 147.346106 146.517144 147.237397 145.735308 146.213242 146.734590 147.980932 145.917283 146.423909 147.453005 147.679064 146.267405 146.421528 147.544131 146.466311 146.914741 
146.491481 145.249922 147.095518 147.247470 146.237145 147.265730 146.240617 147.346106 147.883343 147.237397 145.735308 146.427738 146.083390 147.914035 146.194070 
148.203712 145.555055 147.179445 147.247470 146.025833 148.261465 147.692087 147.346106 145.377727 147.237397 145.735308 148.130331 145.963980 146.361632 146.122275 146.172949 146.343592 146.590833 
148.193268 147.848758 147.179445 147.247470 146.162492 145.162539 146.510827 147.346106 146.372156 147.237397 145.735308 145.483430 145.963980 144.876295 146.100045 146.197712 147.227590 148.128309 
148.110054 145.963980 147.179445 147.247470 146.162492 145.162539 147.530655 147.346106 148.003858 147.237397 145.735308 147.652951 145.292898 146.903747 146.335162 
145.183202 146.004779 147.179445 147.247470 146.162492 146.638392 145.720025 147.346106 148.095130 147.237397 145.743794 146.248459 148.277768 145.105558 145.507931 146.200178 146.950098 146.597443 146.114370 145.771455 146.779357 146.780971 
144.836630 147.858779 147.183855 147.247470 147.387904 145.565146 147.278030 147.346106 147.030256 147.237397 145.611810 146.114370 146.984319 144.976058 148.044393 146.595736 146.244560 147.199202 147.308627 
146.244560 148.096911 147.183855 147.247470 144.983838 146.654746 146.487145 147.346106 145.059380 147.045829 145.611810 146.188150 146.221437 145.176615 148.006843 146.742454 146.107084 147.596853 146.338101 144.879693 
146.244560 145.691353 147.183855 147.247470 144.983838 147.997570 146.505578 147.346106 145.059380 147.045829 145.768177 146.188150 146.387293 146.184766 147.667736 147.946171 145.616960 145.994143 147.688950 147.707166 145.101329 146.243297 147.800731 147.667701 147.863627 
146.244560 145.484059 146.975866 147.247470 145.082756 148.021941 148.387377 147.346106 145.944651 147.045829 145.740851 144.724671 147.825582 
146.244560 147.031873 147.005739 147.247470 145.055424 146.175768 148.131662 147.346106 145.905103 147.033222 145.740851 144.686533 145.687438 146.142238 145.476768 146.009658 148.375148 146.924814 146.852425 146.146593 
146.244560 147.031873 146.699345 147.247470 146.528899 146.837600 147.438245 147.346106 146.146170 147.033222 145.740851 145.298806 147.110331 148.006472 146.251162 
146.244560 145.968204 148.078939 147.247470 145.853799 147.543969 146.974635 147.346106 146.146170 147.126981 145.740851 145.298806 146.565433 146.310905 146.687134 
146.244560 146.400275 148.181944 147.247470 147.629813 146.100810 146.159331 147.158860 146.169417 147.126981 145.740851 145.015402 146.518936 147.402624 145.810803 145.805599 
146.244560 146.740991 148.205186 147.247470 147.667840 146.759114 145.108178 148.256109 145.778123 147.126981 145.740851 146.878363 146.833348 145.236742 146.259486 146.225280 147.073396 146.655791 146.175921 
146.244560 147.647031 146.555185 147.258948 146.227879 148.141327 145.419532 145.953463 146.911332 147.126981 145.740851 145.708414 145.930659 144.904443 146.558344 146.467443 147.340084 146.903000 145.993469 147.008586 
146.244560 147.677222 148.013670 147.258948 145.809341 148.051706 145.808289 145.351387 146.911332 147.126981 145.740851 145.938594 146.156764 148.193534 145.527866 148.240689 
146.315359 147.671816 148.060340 147.258948 145.214180 145.080378 145.873158 146.841664 146.222200 147.126981 145.740851 147.018967 146.721059 147.744764 146.757675 145.589487 147.823617 145.735914 146.671486 146.184419 
146.629539 147.698711 148.060340 147.258948 146.757675 145.080378 145.873158 148.174697 146.309924 147.126981 145.740851 145.561521 147.947847 147.922631 145.319161 146.596674 146.236388 146.815578 146.137126 
146.602754 147.727161 148.008624 147.258948 147.818711 146.237606 146.146305 146.660162 146.415067 147.126981 145.740851 145.102417 148.332263 147.802693 145.627267 146.812094 146.399297 146.682743 145.868045 146.558143 147.843822 
145.887975 147.727161 146.026994 147.258948 148.079360 146.494436 146.173764 148.002423 146.410597 146.174851 145.689187 145.003492 145.894332 144.649305 145.780038 147.025223 148.155563 147.010785 146.860439 145.411449 
145.208444 147.727161 147.010785 147.258948 146.154014 147.909651 145.577824 146.268703 146.410597 146.750961 146.382154 146.776380 147.973131 144.768829 146.570824 147.025223 145.561803 145.900756 145.523562 145.388562 
145.208444 147.637630 146.504587 147.193132 145.561803 146.875708 146.670180 146.224465 146.498415 145.830355 148.382277 148.103978 146.889833 144.901250 145.629048 147.025223 145.370034 148.295812 147.356246 
147.029623 147.675455 147.025223 147.193132 145.656627 146.870381 148.023471 146.578538 146.498415 146.085829 146.328665 147.987594 148.034753 144.940892 146.935025 146.042064 144.940668 146.856244 146.877040 145.906904 146.479389 147.532343 146.543665 147.568475 147.163518 
146.492704 148.298516 147.025223 147.193132 145.656627 146.541597 148.133988 145.373762 146.498415 146.562261 146.625737 145.365358 147.899540 144.925687 146.568934 146.405397 144.873530 145.903439 146.403243 145.363996 145.435401 146.813061 146.159936 147.736260 146.232726 
146.105191 146.884366 147.025223 147.193132 145.656627 146.874701 147.736467 147.322242 146.498415 145.127041 146.030426 146.038977 145.824073 144.925687 147.863821 146.128089 146.189855 
146.178798 146.384778 147.025223 147.259427 145.721302 146.874701 145.994609 147.322242 146.498415 144.980411 148.337519 145.000412 145.788806 146.834226 146.455990 145.250751 148.096856 
146.644047 145.252169 146.322203 147.259427 145.721302 146.874701 146.402317 147.515705 146.498415 147.576415 147.914812 145.000412 146.268428 148.249062 145.827604 145.235784 146.328553 145.485100 145.045911 147.041776 146.495025 
147.731867 147.041776 145.019794 147.259427 145.721302 146.786111 145.609911 147.753766 146.498415 146.284565 146.656820 145.000412 145.501927 148.249062 146.458352 145.550025 148.137382 
146.651883 147.041776 145.044698 147.259427 145.561878 146.902619 148.124347 146.971549 146.400993 146.347431 145.878277 145.000412 148.147539 148.249062 148.040250 145.569338 144.987555 147.654919 145.628685 148.015407 
145.473630 147.039960 146.859005 147.259427 145.514898 147.792221 148.253177 147.857462 146.400993 146.347431 147.685470 144.890792 148.015718 145.122590 148.155573 146.750440 
145.322651 147.039960 144.998966 147.259427 145.514898 147.772121 148.029491 147.276147 146.400993 146.347431 145.275592 147.967103 146.754413 148.201179 145.475239 146.007695 144.971386 145.254478 144.881499 146.433181 147.495767 146.259439 
145.931305 147.039960 144.917295 147.259427 145.514898 147.848062 145.886833 147.670065 146.400993 146.281621 145.186136 148.266971 146.972482 146.298565 144.902079 146.795779 146.767050 146.480330 147.578696 145.521081 147.266488 146.150333 144.808474 
147.647595 147.040661 148.224910 147.306320 145.514898 147.768694 145.313010 148.072447 146.400993 146.281621 145.845078 148.266971 146.972482 145.858600 146.813237 147.633903 144.858275 146.583412 146.000665 146.581556 147.686735 
146.392576 147.040661 148.125511 147.152089 145.514898 147.768694 147.399451 146.570948 146.400993 146.283283 146.387365 147.125784 146.972482 146.027552 146.281016 147.633903 144.899113 
145.814506 146.900834 148.106980 147.152089 145.514898 145.074956 147.399451 147.681955 146.400993 146.167188 147.026580 145.775741 146.621920 146.596827 146.478632 
145.814506 146.901107 148.339766 147.152089 145.514898 144.903614 147.440029 148.282746 147.608181 146.167188 147.026580 144.881315 146.237581 147.873115 146.929095 145.543198 148.002746 146.510359 146.687586 146.489064 
145.814506 146.901107 146.560971 147.152089 145.385868 144.903614 147.116414 144.848127 148.036524 146.086783 147.026580 146.290521 146.237581 145.710929 
145.814506 146.901107 145.667545 147.152089 146.487413 144.889257 147.116414 147.563767 148.271148 146.102389 147.026580 146.154760 146.237581 146.990001 145.505589 148.131917 147.097740 145.935311 146.310083 145.469095 147.092919 145.914881 145.426242 147.881973 145.852071 148.140380 146.414793 146.713809 
145.814506 146.920224 148.240062 147.152089 148.142644 145.005473 146.280058 145.446270 148.086730 146.137106 147.336268 148.303214 146.237581 147.560658 147.122294 145.958746 147.189827 
145.814506 148.286427 147.122294 147.152089 146.825243 146.512714 145.477773 146.079947 146.920172 148.107713 147.189827 144.913395 146.237581 147.560658 144.850576 145.725987 146.821255 
145.814506 146.305739 147.044603 147.152089 145.586545 148.274234 146.524764 146.079947 147.111063 148.093992 146.503022 147.140975 146.237581 147.560658 144.850576 146.037618 146.301629 145.942362 146.378581 145.781995 146.429927 145.551175 
