0.000000 0.015803
0.000000 0.032326
0.000000 0.027540
0.000000 0.024612
0.000000 0.058720
0.000000 0.045041
0.000000 0.029308
0.000000 0.025471
0.000000 0.017576
0.000000 0.058918
0.000000 0.032933
0.000000 0.018577
0.000000 0.038387
0.000000 0.020379
0.000000 0.034670
0.000000 0.015628
0.000000 0.023265
0.000000 0.026117
0.000000 0.017793
0.000000 0.025170
0.000000 0.043024
0.000000 0.043792
0.000000 0.031814
0.000000 0.043698
0.000000 0.052551
0.000000 0.026135
0.000000 0.030619
0.000000 0.036554
0.000000 0.033137
0.000000 0.031153
0.000000 0.022119
0.000000 0.018270
0.000000 0.017340
0.000000 0.015166
0.000000 0.042553
0.000000 0.032411
0.000000 0.020658
0.000000 0.060345
0.000000 0.016110
0.000000 0.039078
0.000000 0.053149
0.000000 0.022609
0.000000 0.019867
0.000000 0.028466
0.000000 0.023311
0.000000 0.027540
0.000000 0.022013
0.000000 0.024014
0.000000 0.013272
0.000000 0.019472
0.000000 0.019409
0.000000 0.032845
0.000000 0.024737
0.000000 0.018474
0.000000 0.020685
0.000000 0.047140
0.000000 0.023968
0.000000 0.028360
0.000000 0.025286
0.000000 0.031239
0.000000 0.029167
0.000000 0.023148
0.000000 0.041798
0.000000 0.020219
0.000000 0.025014
0.000000 0.019791
0.000000 0.030926
0.000000 0.033510
0.000000 0.028009
0.000000 0.033658
0.000000 0.036640
0.000000 0.026335
0.000000 0.042235
0.000000 0.048269
0.000000 0.030086
0.000000 0.023540
0.000000 0.026275
0.000000 0.017684
0.000000 0.040573
0.000000 0.047894
0.000000 0.020216
0.000000 0.058252
0.000000 0.032139
0.000000 0.037582
0.000000 0.018725
0.000000 0.070261
0.000000 0.023096
0.000000 0.031112
0.000000 0.026110
0.000000 0.025029
0.000000 0.039794
0.000000 0.023029
0.000000 0.022930
0.000000 0.038799
0.000000 0.043479
0.000000 0.020419
0.000000 0.041795
0.000000 0.027374
0.000000 0.037112
0.000000 0.019430
0.000000 0.060294
0.000000 0.039280
0.000000 0.029797
0.000000 0.022003
0.000000 0.043755
0.000000 0.047353
0.000000 0.057980
0.000000 0.021813
0.000000 0.031038
0.000000 0.050464
0.000000 0.021632
0.000000 0.037441
0.000000 0.044783
0.000000 0.047669
0.000000 0.044712
0.000000 0.056232
0.000000 0.024566
0.000000 0.052324
0.000000 0.049444
0.000000 0.066861
0.000000 0.048280
0.000000 0.037305
0.000000 0.023265
0.000000 0.027690
0.000000 0.027302
0.000000 0.023582
0.000000 0.026894
0.000000 0.021534
0.000000 0.031638
0.000000 0.034618
0.000000 0.021632
0.000000 0.027703
0.000000 0.020238
0.000000 0.053314
0.000000 0.028158
0.000000 0.030810
0.000000 0.054172
0.000000 0.023777
0.000000 0.046743
0.000000 0.029017
0.000000 0.025367
0.000000 0.032045
0.000000 0.022411
0.000000 0.052747
0.000000 0.034253
0.000000 0.050374
0.000000 0.011363
0.000000 0.022452
0.000000 0.054065
0.000000 0.024234
