144.745144 -40.970220  57.000000
145.778261 -41.551301  13.000000
145.684341 -42.132383   5.000000
144.839064 -40.776527  61.000000
147.187057 -41.744995  12.000000
147.468816 -41.938689  11.000000
146.529619 -41.163914  15.000000
145.590422 -41.163914  51.000000
145.496502 -41.357608   7.000000
144.932984 -40.970220   9.000000
146.247860 -41.357608   4.000000
147.844495 -42.326076   1.000000
146.060020 -41.357608  15.000000
145.778261 -41.163914   1.000000
145.026904 -41.163914   1.000000
148.314093 -42.132383   8.000000
145.496502 -42.132383   3.000000
147.750575 -42.907157   5.000000
146.999217 -40.970220   1.000000
144.651225 -41.163914   6.000000
148.220174 -41.938689  11.000000
145.966101 -41.163914   1.000000
146.341779 -41.551301   2.000000
145.872181 -41.357608   6.000000
147.844495 -43.100851   1.000000
145.496502 -40.970220   1.000000
145.684341 -41.357608   2.000000
145.308663 -41.357608   1.000000
145.214743 -41.551301   1.000000
145.590422 -42.326076   3.000000
145.590422 -41.551301   3.000000
148.126254 -40.970220   2.000000
146.153940 -41.551301   2.000000
145.684341 -40.970220   4.000000
145.496502 -41.744995   1.000000
146.717458 -41.163914   4.000000
146.905298 -43.488238   1.000000
147.468816 -42.326076   2.000000
146.999217 -42.519770   2.000000
145.026904 -40.776527   1.000000
147.938414 -42.907157   1.000000
145.308663 -40.970220   2.000000
147.280977 -41.551301   1.000000
147.093137 -41.938689   2.000000
147.562736 -41.744995   1.000000
147.750575 -42.519770   1.000000
