ID	Longitude	Latitude
982009104825424	145.615041072546	-42.1729569485696
982009106506857	144.693300908658	-40.7225733364743
982009105184694	146.602787608274	-41.150705070928
982009106166828	144.755891588496	-40.7649725148312
982000123209300	144.711448199404	-40.700532824292
982000123131214	145.556611481577	-41.2874213193202
982009104880056	144.721631616721	-40.6673970330195
982009104838070	144.709609665668	-40.6826882586663
982000167812952	145.591459634987	-41.1906531017007
982000123208107	144.709414794434	-40.7004654529544
982000167811343	145.595524347165	-41.1923961747313
982009105846618	145.603448023243	-41.2582835367649
982000167789265	145.560943336818	-41.1580646592056
982000167783107	145.611896129652	-41.1941259871756
982009104925541	145.649091193525	-42.1203796456626
982009105185249	146.577030343003	-41.1530995721876
982000123208366	145.569924492563	-41.3645644256656
982009106158828	145.826774723011	-41.1051592328559
982009104815653	145.618208156023	-42.2104335209235
982009105169711	145.100305966591	-41.154701781169
982009105085351	145.51829782802	-41.3466712114961
982009104353938	144.720118404988	-40.7128287202609
982009104852731	145.546786988123	-42.1658082481643
982009105197247	144.715095872487	-40.6859226719104
982009105369379	144.692135096751	-41.2298828163191
982009106038848	144.762229448836	-40.8020356375155
982009104960813	144.653884705404	-40.9365148768743
982009106392365	145.906629414484	-41.1837810982139
982009104272151	144.720833332922	-40.6541666664395
982009104332787	144.740282262961	-40.7270520946181
982009104898137	146.37030679505	-41.5643610968661
982009104801128	144.924906129695	-40.8899740704535
982000123130481	145.821190984874	-41.5393080723238
982009104985315	145.86790854241	-41.2533064176158
982009105167006	144.714229308956	-40.6853110055327
982000167788005	145.588095805656	-41.1901525189805
982000167813000	145.630908297753	-41.1985241197885
982000190524444	145.782773800614	-41.5198396419581
982000167783022	145.591333231742	-41.1681776178758
982009106145188	145.607738995537	-41.1629455323545
982009104903522	144.748044257519	-40.7514253096542
982009104963657	144.686690682484	-41.117897866929
982009105156729	144.722781478536	-40.6704553139086
982009104928327	144.779874696452	-41.0476207495793
9820009105013190	145.430903316656	-40.9818338322278
982009105169750	146.609678224779	-41.1663934715286
982009104357124	144.738028006132	-40.7069119107992
982009104253951	144.737784724228	-40.7071053092421
982009106036729	145.761408048981	-41.374927671562
982000167782021	145.782773800614	-41.5198396419581
982009104350960	144.800350010612	-41.0401412265154
982009106209323	145.847416087663	-41.3136158336145
982009104824968	144.722719254049	-40.6740211227481
982009104920144	144.962704875613	-41.0164920030955
982009104979740	145.226394314217	-41.3866047782827
982009104798639	146.332548313006	-41.5577529427987
982009104817286	145.143347385615	-41.6150686069228
982000123208556	144.712629103127	-40.700610286015
982009104913314	144.969425573862	-40.9955332511134
982000123128950	144.714760207716	-40.682240905696
982009104905427	145.61757280635	-42.2278976276476
982009106160691	145.572238481574	-41.4904329603391
982009104988051	145.615056560096	-42.2371254805551
982000123207960	145.592719273408	-41.1780488784198
982000167808109	145.625761586363	-41.2062543617883
982000167810705	145.593484852748	-41.2141335364597
982000167813531	145.603395647716	-41.1923477913088
982000167808626	145.561397194508	-41.1629254271328
982000123170373	145.625761586363	-41.2062543617883
982009104921669	144.720833332922	-40.6541666664395
982009106581448	145.701882129858	-41.0145520576736
2009_53	145.416386162188	-41.8058194875002
982000123131447	145.519397535891	-41.3540533394878
982009104996424	145.558372151717	-41.1296314600492
982000191010337	144.67815487407	-40.9709637569965
980009105183052	146.6442009805	-41.1396975501535
982000167808918	145.570698826471	-41.1753276052451
982000123217224	144.754166666253	-40.7041666664431
982009105384781	144.634802928403	-40.9383586334268
982009105186387	146.602787608274	-41.150705070928
982009104934216	145.619485423809	-41.2528743226113
982009104239947	144.729699375985	-40.6900571772334
982000167812764	145.595524347165	-41.1923961747313
982009106189878	144.759083113021	-40.7630709086163
982009104718271	145.008878637057	-41.001229892215
982009104874981	144.670248346492	-41.0142729111401
982009104848590	145.891897225205	-41.3070988699333
982009105163196	144.878014716109	-40.7507275634674
982009105155082	144.691256183522	-41.1605747108281
2010_23	146.298346077861	-41.3612413185091
982009104902045	145.615525682531	-42.2866010994112
982009106657099	145.687596154931	-41.0518359163234
982000167789688	145.636633436045	-41.5876982631111
982009104352086	144.718947450406	-40.6874851336633
982000190531157	144.690344799212	-41.0033915503698
982009104249916	144.744686020647	-40.7358396167962
982009104986261	145.612065367691	-41.0815592709935
982009105850902	145.814714641464	-41.5302613520809
982000190699729	145.782773800614	-41.5198396419581
982000190602715	144.667381156282	-40.9411393498044
982000167783924	144.748347185741	-40.861647173581
982000190522625	144.690025711701	-41.0026555696517
982009104725457	144.720033909019	-40.7132233855212
982000167810497	145.59187733321	-41.2106639992289
982009105198959	144.636896791065	-40.9339339955827
982000123130823	145.497818287941	-41.0893591160956
2009_58	144.667227081443	-40.9778947756132
982000167784110	145.550658044484	-41.1710327159745
982000123164727	145.570698826471	-41.1753276052451
982000167814074	144.848544787662	-40.759189406907
982009105193868	144.724980219387	-40.6618062699391
982009106212772	144.816443010735	-40.7815826955425
982009104885431	145.567640428976	-41.2734714805466
982009104844268	144.949126784689	-40.8359294464031
982000123129761	144.717049772679	-40.6851866867365
982009105191683	144.686754934606	-41.1177640519876
982009106037202	144.704809912618	-40.6901502966175
982000167809187	145.591459634987	-41.1906531017007
982009106088360	145.681667826721	-41.0078369175642
982009104996675	145.612052897635	-41.0815861439997
982000123131721	145.522983289518	-41.1166444553252
982009106657899	144.720833332922	-40.6541666664395
982009104858923	145.689344167308	-42.0878206044456
982000167811172	145.610086932764	-41.2052375196958
982009105192235	146.659474350221	-41.1539763304112
982009106031794	144.816443010735	-40.7815826955425
982009104967681	144.668438600038	-40.9856745063132
982009104869136	145.860962933674	-41.2669834987867
982000190524599	144.620833332928	-41.0124999997987
982009106189687	144.815218138089	-40.7603825807564
982009104358496	144.791319324261	-41.0433821767451
982009104836488	144.82551967885	-40.7808714218353
982009106161243	144.748559419603	-40.7477422532201
2010_03	145.374147095564	-40.994829022898
982009105185506	146.6442009805	-41.1396975501535
982000123129659	144.738687657796	-40.6923144367248
982000123217465	144.737784724228	-40.7071053092421
982009106386565	145.518628634738	-41.3563312955133
982000123208382	145.630908485443	-41.1985151144378
982009106591600	144.734061195614	-40.6978804834586
982009105195191	144.686754934606	-41.1177640519876
982009104333462	144.724980219387	-40.6618062699391
982000190532435	144.67815487407	-40.9709637569965
982009104821267	145.782773800614	-41.5198396419581
982000190531960	144.667381156282	-40.9411393498044
982000167814842	144.771404803389	-40.8395494622817
982009106093789	145.798186389585	-41.5301888686103
982009106144495	145.610086932764	-41.2052375196958
982000190559566	144.66796063837	-40.982710469144
982000167812478	145.782773800614	-41.5198396419581
982000123217456	144.754166666253	-40.7041666664431
982000191007988	144.667673122813	-40.9891808301848
982009105177608	146.570833332804	-41.1541666664756
982009104977399	145.61959604392	-42.1878629501803
982009106034374	145.555865278751	-41.1700442473137
982000123170704	145.618608355602	-41.1737774758314
982000167786487	145.782773800614	-41.5198396419581
982000190531185	144.664981316863	-40.9825960865868
982000123133532	145.584740000244	-41.1787617728684
982009106035984	144.70111282138	-40.6737728807233
982009105959891	145.591459634987	-41.1906531017007
982000123133610	144.708034928426	-40.6892776050973
982009106396102	145.588102973128	-41.3687431396379
982009106033828	144.968985971334	-40.9916523002737
982009104958773	145.883407161053	-41.3104036507535
982000123170845	145.615111535715	-41.1603771749833
982009104916952	145.531264919693	-42.1533532198355
2009_59	144.670796825521	-41.015581034204
982000190701002	144.666110894534	-40.9414559077453
982000190531024	144.670497838487	-41.0156290318194
982000190533426	144.662153392589	-40.9431951592238
982009104904628	144.711897450699	-40.7119543800168
982009105176769	144.739034589901	-40.7257845998072
982000123124145	145.600827868885	-41.209890374504
982009106524884	145.593706788755	-41.4981103615058
982000167810946	145.556169591597	-41.1703002754931
982000190692388	144.671758834805	-41.0186539103983
982009104240949	144.738310702023	-40.7202397350695
982000190700971	145.744961324918	-41.032495552653
982000123211387	144.744408825558	-40.7377348018703
982009106485744	145.640349155006	-41.4332610785358
982009106487845	144.705332089049	-40.6790722823778
982009104869179	144.720833332922	-40.6541666664395
982009104971972	145.556140584108	-42.1122046348355
982000190531831	144.670727257842	-41.0158678570541
982009106472513	144.720110417714	-40.713062760352
982000167809367	145.639769882302	-41.1933056570238
982009104718328	144.938098768568	-40.971899888354
982009104983636	145.889431698284	-41.3151188312466
