id	Eastings	Northings	Longitude	Latitude	year	yeardec	gen_dftd	dftd_bin_y0	dftd_bin_y1	dftd_bin_y5
982009104825424	385611	5330092	145.615041072546	-42.1729569485696	2009	2009	0	0	0	0
982009106506857	305184	5489480	144.693300908658	-40.7225733364743	2009	2009	0	0	0	0
982009105184694	466670	5444437	146.602787608274	-41.150705070928	2008	2008	1.20469114102002	1	1	0
982009106166828	310591	5484910	144.755891588496	-40.7649725148312	2010	2010	0	0	0	0
982000123209300	306653	5491967	144.711448199404	-40.700532824292	2011	2011	0	0	0	0
982000123131214	379136	5428331	145.556611481577	-41.2874213193202	2011	2011.88493150685	1.99516762931012	1	1	0
982009104880056	307418	5495668	144.721631616721	-40.6673970330195	2011	2011	0	0	0	0
982009104838070	306446	5493944	144.709609665668	-40.6826882586663	2007	2007	0	0	0	0
982000167812952	381880	5439122	145.591459634987	-41.1906531017007	2012	2012.60382513661	2.42242281658014	1	1	0
982000123208107	306481	5491970	144.709414794434	-40.7004654529544	2011	2011	0	0	0	0
982000167811343	382224	5438934	145.595524347165	-41.1923961747313	2012	2012.60655737705	2.48657184773992	1	1	0
982009105846618	383006	5431630	145.603448023243	-41.2582835367649	2009	2009	0	0	0	0
982000167789265	379261	5442698	145.560943336818	-41.1580646592056	2012	2012.59289617486	1.73708551844993	1	1	0
982000167783107	383600	5438764	145.611896129652	-41.1941259871756	2012	2012.59016393443	2.68868630441989	1	1	0
982009104925541	388331	5335975	145.649091193525	-42.1203796456626	2009	2009	0	0	0	0
982009105185249	464510	5444161	146.577030343003	-41.1530995721876	2008	2008	1.15807986374989	1	1	0
982000123208366	380392	5419785	145.569924492563	-41.3645644256656	2010	2010.87671232877	1.10521632459995	1	1	0
982009106158828	401486	5448906	145.826774723011	-41.1051592328559	2009	2009	0	0	0	0
982009104815653	385940	5325935	145.618208156023	-42.2104335209235	2009	2009	0	0	0	0
982009105169711	340603	5442330	145.100305966591	-41.154701781169	2007	2007	0	0	0	0
982009105085351	376040	5421699	145.51829782802	-41.3466712114961	2007	2007	0	0	0	0
982009104353938	307421	5490621	144.720118404988	-40.7128287202609	2007	2007	0	0	0	0
982009104852731	379960	5330792	145.546786988123	-42.1658082481643	2007	2007	0	0	0	0
982009105197247	306919	5493597	144.715095872487	-40.6859226719104	2007	2007	0	0	0	0
982009105369379	306574	5433155	144.692135096751	-41.2298828163191	2007	2007	0	0	0	0
982009106038848	311231	5480809	144.762229448836	-40.8020356375155	2010	2010	0	0	0	0
982009104960813	302491	5465640	144.653884705404	-40.9365148768743	2009	2009	0	0	0	0
982009106392365	408301	5440265	145.906629414484	-41.1837810982139	2009	2009	0.125059738980099	1	0	0
982009104272151	307809	5497653	144.726860839268	-40.6496198856044	2011	2011	0	0	0	0
982009104332787	309165	5489086	144.740282262961	-40.7270520946181	2011	2011	0	0	0	0
982009104898137	447496	5398399	146.37030679505	-41.5643610968661	2008	2008	4.87250296867001	1	1	0
982009104801128	325186	5471384	144.924906129695	-40.8899740704535	2008	2008.50273224044	0	0	0	0
982000123130481	401672	5400701	145.821190984874	-41.5393080723238	2011	2011	4.57071856045991	1	1	0
982009104985315	405154	5432505	145.86790854241	-41.2533064176158	2008	2008	0.0853795950699805	1	0	0
982009105167006	306844	5493663	144.714229308956	-40.6853110055327	2007	2007	0	0	0	0
982000167788005	381597	5439173	145.588095805656	-41.1901525189805	2012	2012.59016393443	2.36304654741002	1	1	0
982000167813000	385202	5438301	145.630908297753	-41.1985241197885	2012	2012.38524590164	2.73510350903007	1	1	0
982000190524444	398437	5402818	145.782773800614	-41.5198396419581	2012	2012.7868852459	5.52462002175002	1	1	1
982000167783022	381829	5441617	145.591333231742	-41.1681776178758	2012	2012.38797814208	2.04358047941014	1	1	0
982009106145188	383196	5442220	145.607738995537	-41.1629455323545	2012	2012.67213114754	2.49255297698005	1	1	0
982009104903522	309890	5486397	144.748044257519	-40.7514253096542	2010	2010	0	0	0	0
982009104963657	305787	5445576	144.686690682484	-41.117897866929	2009	2009	0	0	0	0
982009105156729	307524	5495331	144.722781478536	-40.6704553139086	2007	2007	0	0	0	0
982009104928327	313412	5453582	144.779874696452	-41.0476207495793	2008	2008	0	0	0	0
9820009105013190	367998	5462074	145.430903316656	-40.9818338322278	2007	2007	0	0	0	0
982009105169750	467256	5442698	146.609678224779	-41.1663934715286	2008	2008	1.34279712185003	1	1	0
982009104357124	308917	5491317	144.738028006132	-40.7069119107992	2011	2011	0	0	0	0
982009104253951	308897	5491295	144.737784724228	-40.7071053092421	2011	2011	0	0	0	0
982009106036729	396424	5418881	145.761408048981	-41.374927671562	2008	2008	0.422770277320069	1	0	0
982000167782021	398437	5402818	145.782773800614	-41.5198396419581	2012	2012.36885245902	5.10658723486995	1	1	1
982009104350960	315112	5454456	144.800350010612	-41.0401412265154	2008	2008	0	0	0	0
982009106209323	403526	5425787	145.847416087663	-41.3136158336145	2009	2009	1.76733143995011	1	1	0
982009104824968	307529	5494935	144.722719254049	-40.6740211227481	2011	2011	0	0	0	0
982009104920144	328698	5457413	144.962704875613	-41.0164920030955	2009	2009	0	0	0	0
982009104979740	351709	5416807	145.226394314217	-41.3866047782827	2007	2007	0	0	0	0
982009104798639	444342	5399109	146.332548313006	-41.5577529427987	2008	2008	5.01756780460005	1	1	1
982009104817286	345310	5391296	145.143347385615	-41.6150686069228	2008	2008	0	0	0	0
982000123208556	306753	5491961	144.712629103127	-40.700610286015	2011	2011	0	0	0	0
982009104913314	329209	5459753	144.969425573862	-40.9955332511134	2009	2009	0	0	0	0
982000123128950	306880	5494005	144.714760207716	-40.682240905696	2011	2011	0	0	0	0
982009104905427	385919	5323995	145.61757280635	-42.2278976276476	2009	2009	0	0	0	0
982009106160691	380816	5405814	145.572238481574	-41.4904329603391	2009	2009	0	0	0	0
982009104988051	385728	5322967	145.615056560096	-42.2371254805551	2007	2007	0	0	0	0
982000123207960	381963	5440523	145.592719273408	-41.1780488784198	2012	2012.75409836066	2.51093631593994	1	1	0
982000167808109	384784	5437436	145.625761586363	-41.2062543617883	2012	2012.85245901639	3.18330056519994	1	1	0
982000167810705	382092	5436518	145.593484852748	-41.2141335364597	2012	2012.5956284153	2.59257489116999	1	1	0
982000167813531	382884	5438950	145.603395647716	-41.1923477913088	2012	2012.85792349727	2.83820753881992	1	1	0
982000167808626	379308	5442159	145.561397194508	-41.1629254271328	2012	2012.83333333333	2.0378519287201	1	1	0
982000123170373	384784	5437436	145.625761586363	-41.2062543617883	2012	2012.75409836066	3.08493990946999	1	1	0
982009104921669	307861	5496844	144.727228191126	-40.6569143475259	2011	2011	0	0	0	0
982009106581448	390849	5458816	145.701882129858	-41.0145520576736	2010	2010.86301369863	0	0	0	0
2009_53	368449	5370571	145.416386162188	-41.8058194875002	2009	2009	0	0	0	0
982000123131447	376146	5420881	145.519397535891	-41.3540533394878	2011	2011.88493150685	1.53024713668015	1	1	0
982009104996424	378993	5445851	145.558372151717	-41.1296314600492	2011	2011.82191780822	0.629097702569879	1	0	0
982000191010337	304636	5461870	144.67815487407	-40.9709637569965	2012	2012.94808743169	0	0	0	0
980009105183052	470140	5445674	146.6442009805	-41.1396975501535	2008	2008	1.26762361636997	1	1	0
982000167808918	380111	5440795	145.570698826471	-41.1753276052451	2012	2012.60655737705	2.05543064858989	1	1	0
982000123217224	310310	5492336	144.754813930968	-40.6980609568749	2011	2011	0	0	0	0
982009105384781	300890	5465392	144.634802928403	-40.9383586334268	2007	2007	0	0	0	0
982009105186387	466670	5444437	146.602787608274	-41.150705070928	2008	2008	1.20469114102002	1	1	0
982009104934216	384340	5432252	145.619485423809	-41.2528743226113	2009	2009	0	0	0	0
982009104239947	308165	5493170	144.729699375985	-40.6900571772334	2007	2007	0	0	0	0
982000167812764	382224	5438934	145.595524347165	-41.1923961747313	2012	2012.59836065574	2.47837512642991	1	1	0
982009106189878	310855	5485128	144.759083113021	-40.7630709086163	2010	2010	0	0	0	0
982009104718271	332542	5459197	145.008878637057	-41.001229892215	2009	2009	0	0	0	0
982009104874981	304099	5457044	144.670248346492	-41.0142729111401	2009	2009	0	0	0	0
982009104848590	407240	5426559	145.891897225205	-41.3070988699333	2007	2007	0.0483303258199612	1	0	0
982009105163196	320861	5486748	144.878014716109	-40.7507275634674	2007	2007	0	0	0	0
982009105155082	306296	5440848	144.691256183522	-41.1605747108281	2007	2007	0	0	0	0
2010_23	441313	5420903	146.298346077861	-41.3612413185091	2010	2010	6.60699967064011	1	1	1
982009104902045	385856	5317474	145.615525682531	-42.2866010994112	2009	2009	0	0	0	0
982009106657099	389710	5454659	145.687596154931	-41.0518359163234	2010	2010.86301369863	0	0	0	0
982000167789688	386362	5395102	145.636633436045	-41.5876982631111	2011	2011.87123287671	1.46936484195021	1	1	0
982009104352086	307249	5493432	144.718947450406	-40.6874851336633	2011	2011	0	0	0	0
982000190531157	305757	5458297	144.690344799212	-41.0033915503698	2012	2012.81967213115	0	0	0	0
982009104249916	309562	5488120	144.744686020647	-40.7358396167962	2011	2011	0	0	0	0
982009104986261	383415	5451261	145.612065367691	-41.0815592709935	2011	2011.82191780822	0.484021936880026	1	0	0
982009105850902	401118	5401698	145.814714641464	-41.5302613520809	2011	2011	4.43024082984994	1	1	0
982000190699729	398437	5402818	145.782773800614	-41.5198396419581	2012	2012.7868852459	5.52462002175002	1	1	1
982000190602715	303641	5465157	144.667381156282	-40.9411393498044	2012	2012.86612021858	0	0	0	0
982000167783924	310230	5474161	144.748347185741	-40.861647173581	2012	2012.93442622951	0	0	0	0
982000190522625	305728	5458378	144.690025711701	-41.0026555696517	2012	2012.85792349727	0	0	0	0
982009104725457	307415	5490577	144.720033909019	-40.7132233855212	2011	2011	0	0	0	0
982000167810497	381951	5436901	145.59187733321	-41.2106639992289	2012	2012.39344262295	2.34647533912994	1	1	0
982009105198959	301053	5465888	144.636896791065	-40.9339339955827	2007	2007	0	0	0	0
982000123130823	373833	5450236	145.497818287941	-41.0893591160956	2011	2011.8301369863	0	0	0	0
2009_58	303737	5461076	144.667227081443	-40.9778947756132	2009	2009	0	0	0	0
982000167784110	378422	5441244	145.550658044484	-41.1710327159745	2012	2012.37704918033	1.53210352251995	1	1	0
982000123164727	380111	5440795	145.570698826471	-41.1753276052451	2012	2012.00546448087	1.45433775240986	1	1	0
982000167814074	318396	5485748	144.848544787662	-40.759189406907	2012	2012.93442622951	0	0	0	0
982009105193868	307685	5496296	144.724980219387	-40.6618062699391	2007	2007	0	0	0	0
982009106212772	315748	5483195	144.816443010735	-40.7815826955425	2010	2010	0	0	0	0
982009104885431	380034	5429895	145.567640428976	-41.2734714805466	2009	2009	0	0	0	0
982009104844268	327086	5477432	144.949126784689	-40.8359294464031	2008	2008.42076502732	0	0	0	0
982000123129761	307082	5493683	144.717049772679	-40.6851866867365	2011	2011	0	0	0	0
982009105191683	305792	5445591	144.686754934606	-41.1177640519876	2007	2007	0	0	0	0
982009106037202	306062	5493105	144.704809912618	-40.6901502966175	2009	2009	0	0	0	0
982000167809187	381880	5439122	145.591459634987	-41.1906531017007	2012	2012.38797814208	2.20657582205013	1	1	0
982009106088360	389138	5459536	145.681667826721	-41.0078369175642	2010	2010.86575342466	0	0	0	0
982009104996675	383414	5451258	145.612052897635	-41.0815861439997	2011	2011.81917808219	0.481434711660086	1	0	0
982000123131721	375998	5447243	145.522983289518	-41.1166444553252	2011	2011.82739726027	0.158545612739999	1	0	0
982009106657899	307512	5498168	144.723508320925	-40.6449148421664	2009	2009	0	0	0	0
982009104858923	391603	5339642	145.689344167308	-42.0878206044456	2009	2009	0	0	0	0
982000167811172	383468	5437528	145.610086932764	-41.2052375196958	2012	2012.83333333333	2.97175426430999	1	1	0
982009105192235	471428	5444094	146.659474350221	-41.1539763304112	2008	2008	1.4282455432799	1	1	0
982009106031794	315748	5483195	144.816443010735	-40.7815826955425	2010	2010	0	0	0	0
982009104967681	303862	5460215	144.668438600038	-40.9856745063132	2009	2009	0	0	0	0
982009104869136	404592	5430979	145.860962933674	-41.2669834987867	2007	2007	0	0	0	0
982000190524599	299982	5457668	144.621528927598	-41.0076569000386	2012	2012.87978142077	0	0	0	0
982009106189687	315586	5485546	144.815218138089	-40.7603825807564	2010	2010	0	0	0	0
982009104358496	314362	5454077	144.791319324261	-41.0433821767451	2008	2008	0	0	0	0
982009104836488	316512	5483293	144.82551967885	-40.7808714218353	2010	2010	0	0	0	0
982009106161243	309923	5486807	144.748559419603	-40.7477422532201	2010	2010	0	0	0	0
2010_03	363250	5460544	145.374147095564	-40.994829022898	2010	2010	0	0	0	0
982009105185506	470140	5445674	146.6442009805	-41.1396975501535	2008	2008	1.26762361636997	1	1	0
982000123129659	308931	5492939	144.738687657796	-40.6923144367248	2011	2011	0	0	0	0
982000123217465	308897	5491295	144.737784724228	-40.7071053092421	2011	2011	0	0	0	0
982009106386565	376086	5420627	145.518628634738	-41.3563312955133	2009	2009	0	0	0	0
982000123208382	385202	5438302	145.630908485443	-41.1985151144378	2012	2012.1912568306	2.54111443799002	1	1	0
982009106591600	308556	5492311	144.734061195614	-40.6978804834586	2009	2009	0	0	0	0
982009105195191	305792	5445591	144.686754934606	-41.1177640519876	2007	2007	0	0	0	0
982009104333462	307685	5496296	144.724980219387	-40.6618062699391	2007	2007	0	0	0	0
982000190532435	304636	5461870	144.67815487407	-40.9709637569965	2012	2012.90710382514	0	0	0	0
982009104821267	398437	5402818	145.782773800614	-41.5198396419581	2010	2010.87123287671	3.60896765256007	1	1	0
982000190531960	303641	5465157	144.667381156282	-40.9411393498044	2012	2012.87704918033	0	0	0	0
982000167814842	312111	5476664	144.771404803389	-40.8395494622817	2012	2012.93715846995	0	0	0	0
982009106093789	399739	5401687	145.798186389585	-41.5301888686103	2010	2010	3.07760239088998	1	1	0
982009106144495	383468	5437528	145.610086932764	-41.2052375196958	2012	2012.1693989071	2.30781983807992	1	1	0
982000190559566	303813	5460543	144.66796063837	-40.982710469144	2012	2012.78415300546	0	0	0	0
982000167812478	398437	5402818	145.782773800614	-41.5198396419581	2012	2012.36885245902	5.10658723486995	1	1	1
982000123217456	310272	5492362	144.754372351789	-40.6978181647213	2011	2011	0	0	0	0
982000191007988	303808	5459824	144.667673122813	-40.9891808301848	2012	2012.95081967213	0	0	0	0
982009105177608	463880	5443381	146.569476237042	-41.1600977944013	2008	2008	1.2136641459399	1	1	0
982009104977399	386014	5328443	145.61959604392	-42.1878629501803	2007	2007	0	0	0	0
982009106034374	378857	5441361	145.555865278751	-41.1700442473137	2012	2012.33606557377	1.54702594071	1	1	0
982000123170704	384127	5441032	145.618608355602	-41.1737774758314	2012	2012.09016393443	2.14943720163001	1	1	0
982000167786487	398437	5402818	145.782773800614	-41.5198396419581	2012	2012.36885245902	5.10658723486995	1	1	1
982000190531185	303562	5460549	144.664981316863	-40.9825960865868	2012	2012.85792349727	0	0	0	0
982000123133532	381295	5440433	145.584740000244	-41.1787617728684	2012	2012.58743169399	2.24480895825013	1	1	0
982009106035984	305702	5494915	144.70111282138	-40.6737728807233	2009	2009	0	0	0	0
982009105959891	381880	5439122	145.591459634987	-41.1906531017007	2012	2012.50273224044	2.32132992041011	1	1	0
982000123133610	306332	5493209	144.708034928426	-40.6892776050973	2011	2011	0	0	0	0
982009106396102	381920	5419346	145.588102973128	-41.3687431396379	2009	2009	0	0	0	0
982009106033828	329162	5460183	144.968985971334	-40.9916523002737	2009	2009	0	0	0	0
982009104958773	406534	5426183	145.883407161053	-41.3104036507535	2007	2007	0.0159961064000527	1	0	0
982000123170845	383810	5442515	145.615111535715	-41.1603771749833	2012	2012.42076502732	2.30733214025986	1	1	0
982009104916952	378654	5332153	145.531264919693	-42.1533532198355	2009	2009	0	0	0	0
2009_59	304149	5456900	144.670796825521	-41.015581034204	2009	2009	0	0	0	0
982000190701002	303535	5465119	144.666110894534	-40.9414559077453	2012	2012.91803278689	0	0	0	0
982000190531024	304124	5456894	144.670497838487	-41.0156290318194	2012	2012.92076502732	0	0	0	0
982000190533426	303207	5464917	144.662153392589	-40.9431951592238	2012	2012.85519125683	0	0	0	0
982009104904628	306724	5490700	144.711897450699	-40.7119543800168	2008	2008	0	0	0	0
982009105176769	309056	5489224	144.739034589901	-40.7257845998072	2007	2007	0	0	0	0
982000123124145	382700	5436999	145.600827868885	-41.209890374504	2012	2012.1693989071	2.2237883938501	1	1	0
982009106524884	382622	5404991	145.593706788755	-41.4981103615058	2010	2010.82465753425	0.0491123983399575	1	0	0
982000167810946	378883	5441333	145.556169591597	-41.1703002754931	2012	2012.84699453552	2.06353706482992	1	1	0
982000190692388	304239	5456561	144.671758834805	-41.0186539103983	2012	2012.83879781421	0	0	0	0
982009104240949	308979	5489838	144.738310702023	-40.7202397350695	2011	2011	0	0	0	0
982000190700971	394500	5456877	145.744961324918	-41.032495552653	2012	2012.92349726776	1.25747259638001	1	1	0
982000123211387	309544	5487909	144.744408825558	-40.7377348018703	2011	2011	0	0	0	0
982009106485744	386402	5412253	145.640349155006	-41.4332610785358	2009	2009	0	0	0	0
982009106487845	306074	5494336	144.705332089049	-40.6790722823778	2011	2011	0	0	0	0
982009104869179	307809	5497653	144.726860839268	-40.6496198856044	2011	2011	0	0	0	0
982009104971972	380632	5336757	145.556140584108	-42.1122046348355	2007	2007	0	0	0	0
982000190531831	304144	5456868	144.670727257842	-41.0158678570541	2012	2012.91803278689	0	0	0	0
982009106472513	307421	5490595	144.720110417714	-40.713062760352	2009	2009	0	0	0	0
982000167809367	385936	5438892	145.639769882302	-41.1933056570238	2012	2012.37704918033	2.79823455872997	1	1	0
982009104718328	326512	5462315	144.938098768568	-40.971899888354	2008	2008.42076502732	0	0	0	0
982009104983636	407045	5425666	145.889431698284	-41.3151188312466	2008	2008	1.1379726801099	1	1	0
